79.09800000 31.88700000 79.81400000 31.49800000 -8.82106098e-02
79.09800000 31.88700000 80.29300000 31.71100000 -2.58718996e-01
79.09800000 31.88700000 77.92100000 32.36400000 -1.93459054e+00
79.09800000 31.88700000 78.75400000 31.03700000 -3.31466199e+00
79.09800000 31.88700000 78.97300000 32.77900000 -9.61560382e-01
79.09800000 31.88700000 78.67600000 30.99700000 -3.72410935e+00
79.81400000 31.49800000 80.29300000 31.71100000 -3.82978176e-01
79.81400000 31.49800000 80.42900000 30.96100000 -2.97794119e-01
79.81400000 31.49800000 78.75400000 31.03700000 -2.17015396e+00
79.81400000 31.49800000 79.49300000 30.74300000 -2.30769081e+00
80.29300000 31.71100000 80.42900000 30.96100000 -3.81131798e-01
80.29300000 31.71100000 81.42800000 30.83700000 8.43547748e-02
80.29300000 31.71100000 78.97300000 32.77900000 7.83690984e-02
80.42900000 30.96100000 81.17600000 30.29000000 5.56333681e-03
80.42900000 30.96100000 81.42800000 30.83700000 2.57979690e-01
80.42900000 30.96100000 79.49300000 30.74300000 -1.51557983e+00
80.42900000 30.96100000 80.24000000 30.06000000 -6.23234223e+00
80.42900000 30.96100000 79.55900000 30.53100000 -3.83244504e+00
81.17600000 30.29000000 81.42800000 30.83700000 -1.08290970e+00
81.17600000 30.29000000 81.85600000 30.71600000 -1.16269900e+00
81.17600000 30.29000000 80.24000000 30.06000000 -2.57650711e+00
81.17600000 30.29000000 81.20100000 29.47400000 -5.23728428e+00
81.17600000 30.29000000 81.80700000 29.96900000 3.59126005e-01
81.17600000 30.29000000 80.56000000 29.86000000 -5.02973826e+00
81.42800000 30.83700000 81.85600000 30.71600000 1.75713431e-01
81.85600000 30.71600000 82.83200000 30.38900000 1.55343422e-01
81.85600000 30.71600000 81.80700000 29.96900000 -1.44688248e-01
82.83200000 30.38900000 83.24000000 29.80000000 -2.73746691e-01
82.83200000 30.38900000 84.03900000 29.72100000 -1.23760509e+00
82.83200000 30.38900000 81.80700000 29.96900000 -8.31589092e-01
82.83200000 30.38900000 82.19300000 29.27800000 -3.60533866e+00
82.83200000 30.38900000 85.74100000 29.59100000 -3.85194302e-01
83.24000000 29.80000000 84.03900000 29.72100000 5.20227439e-01
83.24000000 29.80000000 84.04300000 29.53400000 3.13919797e-01
83.24000000 29.80000000 82.19300000 29.27800000 -2.56649351e+00
83.24000000 29.80000000 82.81800000 28.98400000 -3.30424987e+00
83.24000000 29.80000000 83.89500000 29.17900000 -1.81836447e+00
84.03900000 29.72100000 84.15600000 29.68000000 1.59212932e-01
84.03900000 29.72100000 84.04300000 29.53400000 -8.84328955e-01
84.03900000 29.72100000 85.74100000 29.59100000 6.29899957e-02
84.15600000 29.68000000 84.04300000 29.53400000 -8.70037296e-01
84.15600000 29.68000000 85.21000000 29.44000000 4.65461612e-01
84.15600000 29.68000000 85.74100000 29.59100000 -2.09275362e-01
85.44200000 28.95900000 85.64000000 29.44100000 -8.02265884e-01
85.44200000 28.95900000 86.38699999 28.68700000 -7.64131539e-01
85.44200000 28.95900000 85.21000000 29.44000000 1.65760881e-01
85.44200000 28.95900000 86.01999999 28.30000000 -2.26456675e-01
85.44200000 28.95900000 84.41000000 28.37500000 -2.65880293e+00
85.44200000 28.95900000 85.31399999 28.20700000 -3.05295741e+00
85.64000000 29.44100000 86.38699999 28.68700000 -9.47198318e-01
85.64000000 29.44100000 85.21000000 29.44000000 -3.90965948e-01
85.64000000 29.44100000 85.74100000 29.59100000 -9.08671413e-02
85.97499999 28.14900000 85.32899999 28.17100000 6.35632626e-01
85.97499999 28.14900000 86.01999999 28.29000000 -7.77559340e-01
85.97499999 28.14900000 86.01999999 28.30000000 -8.14101047e-01
85.97499999 28.14900000 86.22999999 27.63500000 -2.87319881e+00
85.97499999 28.14900000 86.81299999 27.95800000 -2.94244475e-01
85.97499999 28.14900000 85.31399999 28.20700000 7.43382095e-01
85.97499999 28.14900000 85.87699999 27.91000000 -2.21335496e+00
85.97499999 28.14900000 86.71199999 27.81400000 -1.64068094e-01
85.97499999 28.14900000 86.82699999 28.19400000 -3.46962187e-01
86.38699999 28.68700000 86.96699999 28.39200000 -9.00454989e-01
86.38699999 28.68700000 87.05999999 28.58700000 -6.39134666e-01
86.38699999 28.68700000 87.08600000 29.32000000 8.80460321e-02
86.38699999 28.68700000 86.93999999 28.35700000 -9.21235168e-01
86.38699999 28.68700000 86.01999999 28.30000000 -1.14837331e+00
86.38699999 28.68700000 86.82699999 28.19400000 -9.58249716e-01
86.38699999 28.68700000 85.74100000 29.59100000 -9.19048137e-01
86.94099999 28.35700000 86.82699999 28.19400000 -3.44458960e-02
86.94099999 28.35700000 86.92899999 27.97300000 -3.52314013e-01
86.96699999 28.39200000 87.05999999 28.58700000 -1.08957015e-01
86.96699999 28.39200000 87.76900000 28.53800000 -2.68626014e-01
86.96699999 28.39200000 86.92899999 27.97300000 -3.43363345e-01
86.96699999 28.39200000 87.15499999 28.63000000 -9.92479120e-02
87.05999999 28.58700000 87.08600000 29.32000000 -8.20125556e-01
87.05999999 28.58700000 87.15499999 28.63000000 -2.35858780e-02
87.08600000 29.32000000 85.74100000 29.59100000 -8.13571479e-01
87.18400000 29.26900000 87.57700000 29.11800000 -2.41293441e-01
87.18400000 29.26900000 87.15499999 28.63000000 -7.35145901e-01
87.76900000 28.53800000 88.56000000 28.24400000 -1.96176796e+00
87.76900000 28.53800000 88.86500000 29.24900000 -2.71848985e-01
87.76900000 28.53800000 87.57700000 29.11800000 -1.30533832e+00
87.76900000 28.53800000 87.70999999 27.35200000 -6.21760863e+00
87.76900000 28.53800000 86.92899999 27.97300000 3.10706086e-02
87.76900000 28.53800000 87.15499999 28.63000000 -4.72339579e-01
87.76900000 28.53800000 88.86400000 29.25000000 -2.72101089e-01
88.56000000 28.24400000 88.86500000 29.24900000 -3.31566212e+00
88.56000000 28.24400000 89.15400000 27.72100000 -1.16489500e+00
88.56000000 28.24400000 89.30500000 27.93100000 7.62851201e-01
88.56000000 28.24400000 89.55600000 28.91100000 -1.16779197e+00
88.56000000 28.24400000 89.62700000 28.31500000 1.87576390e+00
88.56000000 28.24400000 88.56900000 27.36500000 -5.88711285e+00
88.56000000 28.24400000 88.91000000 27.49000000 -3.59340850e+00
88.56000000 28.24400000 87.70999999 27.35200000 -5.03220671e+00
88.86500000 29.24900000 89.55600000 28.91100000 -8.07836730e-01
88.86500000 29.24900000 90.15400000 29.44400000 1.39396172e-01
88.86500000 29.24900000 89.57300000 28.91400000 -7.93961672e-01
88.90600000 27.43700000 89.15400000 27.72100000 -1.55562976e+00
88.90600000 27.43700000 88.56900000 27.36500000 -7.47939837e-01
88.90600000 27.43700000 89.39200000 26.84900000 4.07761720e-01
88.90600000 27.43700000 89.63500000 27.47200000 -1.62150895e+00
88.90600000 27.43700000 88.70200000 27.02400000 -3.07579863e+00
88.90600000 27.43700000 88.79100000 27.01000000 -3.17155672e+00
88.90600000 27.43700000 88.93600000 26.96500000 -2.74981186e+00
89.15400000 27.72100000 89.30500000 27.93100000 -1.50485459e+00
89.15400000 27.72100000 88.91000000 27.49000000 -1.32624152e+00
89.15400000 27.72100000 89.63500000 27.47200000 -3.70390728e-01
89.30500000 27.93100000 89.62700000 28.31500000 -1.84580927e+00
89.30500000 27.93100000 89.63500000 27.47200000 -1.10222874e+00
89.55600000 28.91100000 89.62700000 28.31500000 -2.15540994e+00
89.55600000 28.91100000 89.91100000 28.61900000 -3.83815104e-01
89.62700000 28.31500000 89.91100000 28.61900000 -1.43088399e+00
89.62700000 28.31500000 90.55800000 28.41900000 -9.92162466e-01
89.62700000 28.31500000 89.63500000 27.47200000 -3.25778028e+00
89.91100000 28.61900000 90.10700000 28.93200000 -1.42241589e+00
89.91100000 28.61900000 90.55800000 28.41900000 1.46031185e-01
89.91100000 28.61900000 89.57300000 28.91400000 -4.21662321e-01
90.10700000 28.93200000 90.15400000 29.44400000 -1.43650878e+00
90.10700000 28.93200000 90.26700000 29.32400000 -1.13809166e+00
90.10700000 28.93200000 90.55800000 28.41900000 -6.73433487e-01
90.10700000 28.93200000 90.95900000 29.27800000 -4.41197420e-01
90.10700000 28.93200000 89.57300000 28.91400000 2.36026083e-01
90.15400000 29.44400000 90.26700000 29.32400000 -1.30719638e-01
90.15400000 29.44400000 78.70400000 33.19100000 2.74839038e-01
90.15400000 29.44400000 89.57300000 28.91400000 -8.75438485e-01
90.15400000 29.44400000 85.74100000 29.59100000 1.14884812e-01
90.26700000 29.32400000 90.95900000 29.27800000 3.10291498e-01
90.55800000 28.41900000 91.88900000 28.96000000 -1.33213112e+00
90.55800000 28.41900000 91.91000000 27.97100000 5.90406694e-01
90.55800000 28.41900000 89.63500000 27.47200000 -3.68424354e+00
90.55800000 28.41900000 90.95900000 29.27800000 -3.01863049e+00
91.88900000 28.96000000 91.91000000 27.97100000 -2.21219453e+00
91.88900000 28.96000000 92.39900000 28.42200000 7.09365358e-01
91.88900000 28.96000000 93.07300000 29.04400000 -2.25041412e-01
91.88900000 28.96000000 92.43900000 28.43200000 8.60646511e-01
91.88900000 28.96000000 90.95900000 29.27800000 5.35108482e-01
91.91000000 27.97100000 92.39900000 28.42200000 -1.65248034e+00
91.91000000 27.97100000 92.41500000 27.27000000 -4.86354234e+00
91.91000000 27.97100000 89.63500000 27.47200000 -1.84401453e+00
92.39900000 28.42200000 92.41500000 27.27000000 -8.06769089e+00
93.07300000 29.04400000 92.43900000 28.43200000 -1.72913528e+00
93.07300000 29.04400000 92.41500000 27.27000000 -9.38998341e+00
93.07300000 29.04400000 90.95900000 29.27800000 7.89461156e-01
83.95300000 29.17800000 84.04300000 29.53400000 -1.07631057e+00
83.95300000 29.17800000 85.21000000 29.44000000 -1.18321459e+00
83.95300000 29.17800000 83.74300000 28.80500000 -2.32327576e+00
83.95300000 29.17800000 84.41000000 28.37500000 -4.16657735e+00
84.04300000 29.53400000 85.21000000 29.44000000 -1.08775359e-01
84.04300000 29.53400000 83.89500000 29.17900000 -1.04471643e+00
86.93999999 28.35700000 86.82699999 28.19400000 -3.44495393e-02
75.36300000 32.56500000 75.88100000 32.30400000 -1.13476118e-01
75.36300000 32.56500000 75.93800000 31.47900000 -3.31965431e+00
75.36300000 32.56500000 75.99300000 32.53600000 1.67678882e-01
75.36300000 32.56500000 74.34700000 33.39500000 -5.06428193e-01
75.36300000 32.56500000 75.03700000 33.59500000 -1.08086426e+00
75.88100000 32.30400000 75.93800000 31.47900000 -1.32631905e+00
75.88100000 32.30400000 75.99300000 32.53600000 -3.81992787e+00
75.88100000 32.30400000 76.29400000 31.89700000 -4.30872627e-01
75.88100000 32.30400000 76.30700000 32.24800000 2.51623810e-01
75.93800000 31.47900000 76.29400000 31.89700000 -7.28863891e-02
75.93800000 31.47900000 76.30700000 31.53800000 8.06910421e-01
75.93800000 31.47900000 77.12600000 28.48200000 -1.72795996e+00
75.93800000 31.47900000 77.63000000 30.27600000 -4.90447183e+00
75.93800000 31.47900000 77.17200000 28.54400000 -1.58614277e+00
75.93800000 31.47900000 73.39100000 33.89500000 2.76624275e-01
75.93800000 31.47900000 74.34700000 33.39500000 -3.21889422e+00
75.99300000 32.53600000 76.30700000 32.24800000 -3.82473032e-01
75.99300000 32.53600000 76.68900000 32.69800000 -3.01067441e+00
75.99300000 32.53600000 75.03700000 33.59500000 -9.89092425e-01
76.29400000 31.89700000 76.30700000 31.53800000 -1.06354976e+00
76.29400000 31.89700000 76.30700000 32.24800000 -2.43133474e+00
76.29400000 31.89700000 76.67300000 31.91900000 -1.47469930e+00
76.30700000 31.53800000 76.67300000 31.91900000 -3.02896363e+00
76.30700000 31.53800000 76.81500000 31.63400000 -2.58433721e+00
76.30700000 31.53800000 77.63000000 30.27600000 -3.76243433e+00
76.30700000 32.24800000 76.67300000 31.91900000 -1.33753817e+00
76.30700000 32.24800000 76.68900000 32.69800000 -8.90939094e+00
76.30700000 32.24800000 77.19200000 32.31700000 -4.87892105e+00
76.67300000 31.91900000 76.81500000 31.63400000 -6.25919112e-01
76.67300000 31.91900000 77.10800000 32.06700000 -6.39538652e+00
76.67300000 31.91900000 77.19200000 32.31700000 -9.06276293e+00
76.68900000 32.69800000 77.17500000 32.63400000 6.68948972e-01
76.68900000 32.69800000 77.19200000 32.31700000 -7.60765972e-01
76.68900000 32.69800000 77.42500000 32.79800000 2.63936416e+00
76.68900000 32.69800000 77.60000000 34.12800000 -4.00293459e+00
76.68900000 32.69800000 75.03700000 33.59500000 1.63877466e+00
76.68900000 32.69800000 75.27200000 34.10000000 2.32720956e+00
76.68900000 32.69800000 75.76900000 34.42400000 7.69666611e-01
76.68900000 32.69800000 76.16200000 34.55900000 -1.57593491e-01
76.81500000 31.63400000 77.10800000 32.06700000 -7.83804756e+00
76.81500000 31.63400000 77.63000000 30.27600000 -2.23398780e+00
76.81500000 31.63400000 78.02100000 30.45900000 -4.26924086e+00
76.81500000 31.63400000 78.67600000 30.99700000 -2.58419199e+00
77.10800000 32.06700000 77.19200000 32.31700000 -3.20065353e+00
77.10800000 32.06700000 77.92100000 32.36400000 -2.19595684e+00
77.10800000 32.06700000 78.67600000 30.99700000 -2.24458200e-01
77.12600000 28.48200000 78.60800001 25.45200000 -1.38387717e-01
77.12600000 28.48200000 79.08000000 29.23000000 -5.73698678e-01
77.12600000 28.48200000 73.39100000 33.89500000 3.42738939e-01
77.17500000 32.63400000 77.19200000 32.31700000 -3.28425456e+00
77.17500000 32.63400000 77.42500000 32.79800000 1.17461398e+00
77.19200000 32.31700000 77.42500000 32.79800000 -3.54968245e+00
77.19200000 32.31700000 77.92100000 32.36400000 -3.64350059e-01
77.42500000 32.79800000 77.80800000 33.97200000 -4.92310362e-01
77.42500000 32.79800000 77.92100000 32.36400000 -4.23717863e+00
77.42500000 32.79800000 78.66000000 33.20900000 -4.15265025e+00
77.42500000 32.79800000 77.60000000 34.12800000 5.02604203e-01
77.63000000 30.27600000 77.86000000 30.32900000 7.63862562e-01
77.63000000 30.27600000 77.86800000 30.14700000 -1.65769994e+00
77.63000000 30.27600000 78.02100000 30.45900000 -8.92485762e-02
77.63000000 30.27600000 77.17200000 28.54400000 8.65424770e-03
77.80800000 33.97200000 78.66000000 33.20900000 -1.30599450e+00
77.86000000 30.32900000 77.86800000 30.14700000 7.15384581e-01
77.86000000 30.32900000 77.97400000 30.28500000 -4.17683507e-01
77.86000000 30.32900000 78.01400000 30.32900000 -3.90341284e-01
77.86000000 30.32900000 78.02100000 30.45900000 -1.81977609e+00
77.86800000 30.14700000 77.97400000 30.28500000 1.09782803e+00
77.86800000 30.14700000 77.97900000 30.09500000 -9.69474824e-01
77.92100000 32.36400000 78.66000000 33.20900000 -2.90593863e-01
77.92100000 32.36400000 78.97300000 32.77900000 -7.98882858e-01
77.92100000 32.36400000 78.67600000 30.99700000 -6.17835896e+00
77.97400000 30.28500000 77.97900000 30.09500000 -3.62190517e-01
77.97400000 30.28500000 78.01400000 30.32900000 -3.33460292e-01
77.97400000 30.28500000 78.18700000 30.19100000 -7.65362745e-01
77.97900000 30.09500000 78.18700000 30.19100000 -1.67419262e-04
77.97900000 30.09500000 78.68000000 29.84800000 -8.32174771e-01
77.97900000 30.09500000 77.17200000 28.54400000 5.10647511e-01
78.01400000 30.32900000 78.02100000 30.45900000 -2.04875405e+00
78.01400000 30.32900000 78.11500000 30.45200000 -2.19857089e+00
78.01400000 30.32900000 78.15500000 30.34200000 -4.07902475e-01
78.01400000 30.32900000 78.18700000 30.19100000 -9.14669878e-01
78.02100000 30.45900000 78.11500000 30.45200000 -2.15443950e-01
78.02100000 30.45900000 78.67600000 30.99700000 -6.34828209e+00
78.11500000 30.45200000 78.15500000 30.34200000 -1.83764932e+00
78.11500000 30.45200000 78.61700000 30.80600000 -4.05123211e+00
78.11500000 30.45200000 78.36500000 30.40400000 -6.27539042e-01
78.15500000 30.34200000 78.18700000 30.19100000 -1.17176944e+00
78.15500000 30.34200000 78.36800000 30.39400000 -1.23043171e+00
78.15500000 30.34200000 78.36500000 30.40400000 -1.34193101e+00
78.18700000 30.19100000 78.36800000 30.39400000 -2.72099466e+00
78.18700000 30.19100000 78.68000000 29.84800000 -6.77798269e-01
78.36800000 30.39400000 78.61700000 30.80600000 -5.25433973e+00
78.36800000 30.39400000 78.68000000 29.84800000 -2.83697098e+00
78.36800000 30.39400000 79.09000000 30.29800000 -8.06651660e-01
78.60800001 25.45200000 80.94300001 26.89100000 -2.59940736e-01
78.60800001 25.45200000 85.92499999 26.71100000 -3.56192278e-01
78.60800001 25.45200000 79.08000000 29.23000000 -1.21805937e+00
78.60800001 25.45200000 91.23700000 25.00000000 1.88421667e-01
78.61700000 30.80600000 78.75400000 31.03700000 -2.54568213e+00
78.61700000 30.80600000 79.09000000 30.29800000 -3.87208995e+00
78.61700000 30.80600000 78.36500000 30.40400000 -5.09881665e+00
78.61700000 30.80600000 78.67600000 30.99700000 -2.25855530e+00
78.61700000 30.80600000 79.21100000 30.48600000 -1.63132140e+00
78.66000000 33.20900000 78.97300000 32.77900000 -1.05116994e-02
78.68000000 29.84800000 79.09000000 30.29800000 -4.73708046e+00
78.68000000 29.84800000 77.17200000 28.54400000 -2.02257690e-01
78.68000000 29.84800000 79.08000000 29.23000000 -1.43620975e+00
78.68000000 29.84800000 79.43000000 29.64000000 6.59164562e-02
78.75400000 31.03700000 79.49300000 30.74300000 1.28832118e-01
78.75400000 31.03700000 78.67600000 30.99700000 -2.41448712e-01
78.75400000 31.03700000 79.21100000 30.48600000 -3.43901917e+00
79.09000000 30.29800000 79.19400000 30.32900000 -8.03311987e-01
79.09000000 30.29800000 79.21100000 30.48600000 -3.88179774e+00
79.09000000 30.29800000 79.43000000 29.64000000 -3.89746305e+00
79.19400000 30.32900000 79.21100000 30.48600000 -2.66890747e+00
79.19400000 30.32900000 79.55900000 30.53100000 -1.22815806e+00
79.19400000 30.32900000 79.43000000 29.64000000 -5.46934720e+00
79.19400000 30.32900000 79.77000000 29.82000000 -2.27054162e+00
79.49300000 30.74300000 79.21100000 30.48600000 -2.27413051e+00
79.49300000 30.74300000 79.55900000 30.53100000 -2.54113884e+00
80.24000000 30.06000000 79.55900000 30.53100000 -5.12722534e-01
80.24000000 30.06000000 80.04100000 29.83800000 -4.70268732e+00
80.24000000 30.06000000 79.77000000 29.82000000 -4.04357315e+00
80.24000000 30.06000000 80.34000000 29.76000000 -4.99242609e+00
80.24000000 30.06000000 80.56000000 29.86000000 -4.94186687e-01
80.94300001 26.89100000 80.14800001 28.96300000 -8.26499707e-01
80.94300001 26.89100000 81.11600000 28.61300000 1.01659661e-01
80.94300001 26.89100000 81.57500000 28.13400000 -7.68458485e-01
80.94300001 26.89100000 82.09500000 28.01000000 6.76209983e-01
80.94300001 26.89100000 82.54000000 27.78600000 -8.66065121e-01
80.94300001 26.89100000 80.58200000 28.75400000 3.07171423e+00
80.94300001 26.89100000 81.61500000 28.04900000 -6.62989236e-01
80.94300001 26.89100000 85.92499999 26.71100000 3.52954166e-02
80.94300001 26.89100000 79.08000000 29.23000000 -5.56707535e-01
88.56900000 27.36500000 88.91000000 27.49000000 -9.53047826e-01
88.56900000 27.36500000 87.70999999 27.35200000 -1.01323898e+00
88.56900000 27.36500000 88.70200000 27.02400000 -2.01543166e+00
88.56900000 27.36500000 88.50300000 27.08900000 -1.58866542e+00
89.39200000 26.84900000 92.41500000 27.27000000 -2.76159149e+00
89.39200000 26.84900000 89.63500000 27.47200000 -1.52627558e+00
89.39200000 26.84900000 88.73800000 26.75100000 -2.52476929e+00
89.39200000 26.84900000 88.93600000 26.96500000 3.13537933e-01
89.39200000 26.84900000 91.23700000 25.00000000 -1.31968112e+00
92.43900000 28.43200000 92.41500000 27.27000000 -8.20387538e+00
80.14800001 28.96300000 80.63600000 29.01200000 -1.14535133e+00
80.14800001 28.96300000 80.58200000 28.75400000 -8.64227763e-01
80.14800001 28.96300000 79.08000000 29.23000000 -3.15162768e-01
80.14800001 28.96300000 79.51000001 29.21000000 -2.71061915e-01
80.14800001 28.96300000 80.18000000 29.10000000 -7.88797210e-01
80.60200000 29.33400000 80.72100000 29.52700000 -3.45840339e+00
80.60200000 29.33400000 80.50100000 29.73400000 -4.29166728e+00
80.60200000 29.33400000 80.62600000 29.17700000 -1.01922371e+00
80.60200000 29.33400000 81.20100000 29.47400000 -3.42015506e+00
80.60200000 29.33400000 80.09000000 29.33000000 -1.04050723e+00
80.60200000 29.33400000 80.18000000 29.10000000 -1.77617209e+00
80.60200000 29.33400000 80.23000000 29.59000000 -2.82513464e-01
80.63600000 29.01200000 81.11600000 28.61300000 2.01874982e+00
80.63600000 29.01200000 81.35300000 28.82400000 -1.16431181e+00
80.63600000 29.01200000 80.58200000 28.75400000 1.14471582e+00
80.63600000 29.01200000 80.62600000 29.17700000 -5.64678204e-01
80.63600000 29.01200000 81.20100000 29.47400000 -8.49301922e+00
80.63600000 29.01200000 80.18000000 29.10000000 -1.24018067e+00
80.72100000 29.52700000 80.50100000 29.73400000 -9.09437735e-01
80.72100000 29.52700000 81.20100000 29.47400000 7.30924037e-01
80.72100000 29.52700000 80.56000000 29.86000000 -4.22593396e+00
81.11600000 28.61300000 81.35300000 28.82400000 -9.08402091e-01
81.11600000 28.61300000 81.57500000 28.13400000 -1.04668132e+00
81.11600000 28.61300000 81.63400000 28.58300000 -6.99809770e-01
81.11600000 28.61300000 81.69100000 28.40700000 -4.48386647e-01
81.11600000 28.61300000 80.58200000 28.75400000 -2.49796940e+00
81.35300000 28.82400000 81.63400000 28.58300000 -3.20101775e-01
81.35300000 28.82400000 81.63500000 28.58600000 -3.08214747e-01
81.35300000 28.82400000 81.20100000 29.47400000 -4.51810534e+00
81.35300000 28.82400000 81.71400000 28.65600000 -7.36341372e-02
81.35300000 28.82400000 82.19300000 29.27800000 -4.80027643e+00
81.57500000 28.13400000 81.69100000 28.40700000 -2.49556458e-01
81.63400000 28.58300000 81.69100000 28.40700000 -1.61260026e-01
81.63400000 28.58300000 81.71400000 28.65600000 -4.45378888e-01
81.63500000 28.58600000 81.71400000 28.65600000 -4.29986136e-01
81.69100000 28.40700000 82.09500000 28.01000000 2.92593059e-01
81.69100000 28.40700000 82.34700000 28.24900000 8.89779471e-01
81.69100000 28.40700000 81.59500000 28.11700000 -3.82611892e-01
81.69100000 28.40700000 81.71400000 28.65600000 -7.88015658e-01
82.09500000 28.01000000 82.24700000 28.03000000 8.63996055e-01
82.09500000 28.01000000 82.34700000 28.24900000 -3.67560868e-02
82.09500000 28.01000000 82.54000000 27.78600000 8.67398267e-01
82.09500000 28.01000000 81.59500000 28.11700000 1.21176045e+00
82.09500000 28.01000000 81.61500000 28.04900000 1.07279327e+00
82.24700000 28.03000000 82.34700000 28.24900000 -1.74390003e-01
82.24700000 28.03000000 82.54000000 27.78600000 -1.32392664e-01
82.24700000 28.03000000 82.49100000 27.95100000 -2.16821760e-01
82.24700000 28.03000000 82.57300000 28.06300000 -5.50869824e-01
82.34700000 28.24900000 81.71400000 28.65600000 5.95391123e-01
82.34700000 28.24900000 82.81800000 28.98400000 -9.18626529e+00
82.34700000 28.24900000 82.57300000 28.06300000 -2.73111693e-01
82.50400000 27.95100000 82.54000000 27.78600000 -9.62997215e-01
82.50400000 27.95100000 82.57300000 28.06300000 4.28444692e-01
82.54000000 27.78600000 82.78500000 27.56800000 -5.96413790e-02
82.54000000 27.78600000 82.49100000 27.95100000 -8.45394372e-01
82.54000000 27.78600000 82.57300000 28.06300000 -5.03546474e-01
82.78500000 27.56800000 82.57300000 28.06300000 -6.46393243e-01
82.78500000 27.56800000 83.41800000 27.50700000 5.14159773e-03
82.78500000 27.56800000 83.55400000 27.87400000 -1.83653569e-01
85.00799999 27.31600000 85.39799999 27.57500000 -6.75237429e-01
85.00799999 27.31600000 84.98499999 27.16600000 6.70915555e-01
85.00799999 27.31600000 85.10799999 27.60800000 -8.20037724e-01
85.00799999 27.31600000 84.43000000 27.67800000 1.43132393e+00
85.21000000 29.44000000 84.41000000 28.37500000 -4.83177702e+00
85.21000000 29.44000000 85.74100000 29.59100000 -8.02787603e-01
85.22199999 28.01500000 85.32899999 28.17100000 -1.10171717e+00
85.22199999 28.01500000 84.38000000 28.22900000 1.05239707e+00
85.22199999 28.01500000 84.41000000 28.37500000 1.04135263e+00
85.22199999 28.01500000 85.10799999 27.60800000 -3.55998879e+00
85.22199999 28.01500000 85.27899999 27.80100000 -2.37400110e+00
85.22199999 28.01500000 85.31399999 28.20700000 -1.32404208e+00
85.22199999 28.01500000 84.43000000 27.67800000 -4.96277321e+00
85.27999999 27.69300000 85.10799999 27.60800000 -1.34184955e-01
85.27999999 27.69300000 85.27899999 27.80100000 -7.79288410e-01
85.27999999 27.69300000 85.28799999 27.68200000 -3.98243005e-02
85.27999999 27.69300000 85.35799999 27.69700000 -1.77356549e-02
85.32899999 28.17100000 85.27899999 27.80100000 -3.82194186e+00
85.32899999 28.17100000 85.52099999 27.69300000 -4.28543014e+00
85.32899999 28.17100000 85.87699999 27.91000000 -1.22084652e+00
85.39799999 27.57500000 85.79399999 27.74500000 -1.73548975e+00
85.39799999 27.57500000 84.98499999 27.16600000 -3.98295360e-01
85.39799999 27.57500000 85.10799999 27.60800000 -9.34062112e-02
85.39799999 27.57500000 85.28799999 27.68200000 -3.61033426e-01
85.39799999 27.57500000 85.52099999 27.69300000 -4.20082076e-01
85.39799999 27.57500000 85.35799999 27.69700000 -4.41524129e-01
85.39799999 27.57500000 85.92499999 26.71100000 -1.26637820e+00
85.79399999 27.74500000 86.22999999 27.63500000 7.35807645e-01
85.79399999 27.74500000 85.52099999 27.69300000 -1.15321892e+00
85.79399999 27.74500000 85.87699999 27.91000000 -1.64856241e+00
85.79399999 27.74500000 85.92499999 26.71100000 -5.25742079e+00
86.01999999 28.29000000 86.82699999 28.19400000 -1.31636453e+00
86.01999999 28.30000000 85.31399999 28.20700000 1.15916367e+00
86.01999999 28.30000000 86.82699999 28.19400000 -1.36904009e+00
86.22999999 27.63500000 85.87699999 27.91000000 2.50644477e-01
86.22999999 27.63500000 86.54999999 27.30500000 5.23007759e-01
86.22999999 27.63500000 86.71199999 27.81400000 -2.46955862e-01
86.22999999 27.63500000 85.92499999 26.71100000 -6.90905538e+00
86.22999999 27.63500000 86.71499999 27.80300000 -1.76096120e-01
86.22999999 27.63500000 86.72499999 27.68300000 5.71783721e-01
86.81299999 27.95800000 86.71199999 27.81400000 -1.00247060e-01
86.81299999 27.95800000 86.82299999 27.89400000 -1.00986552e-01
86.81299999 27.95800000 86.82699999 28.19400000 -2.00688134e-01
86.81299999 27.95800000 86.92899999 27.97300000 -1.41813495e-01
87.57700000 29.11800000 87.15499999 28.63000000 5.49033904e-02
87.57700000 29.11800000 88.86400000 29.25000000 1.45029684e-01
78.70400000 33.19100000 85.74100000 29.59100000 7.86814111e-01
92.41500000 27.27000000 89.63500000 27.47200000 -1.24457607e+00
92.41500000 27.27000000 91.23700000 25.00000000 -8.84541572e+00
80.50100000 29.73400000 80.23000000 29.59000000 -3.28006525e+00
80.50100000 29.73400000 80.34000000 29.76000000 -7.14712906e-02
80.50100000 29.73400000 80.56000000 29.86000000 -2.34844796e+00
80.62600000 29.17700000 81.20100000 29.47400000 -6.23979054e+00
80.62600000 29.17700000 80.18000000 29.10000000 -1.36474750e+00
81.20100000 29.47400000 81.80700000 29.96900000 -5.29130803e+00
81.20100000 29.47400000 82.19300000 29.27800000 -9.17199230e-01
81.20100000 29.47400000 80.56000000 29.86000000 2.14319456e-01
81.71400000 28.65600000 82.19300000 29.27800000 -6.88219942e+00
81.71400000 28.65600000 82.81800000 28.98400000 -2.86639870e+00
81.80700000 29.96900000 82.19300000 29.27800000 -2.89167656e+00
82.19300000 29.27800000 82.81800000 28.98400000 1.13809283e+00
82.49100000 27.95100000 82.57300000 28.06300000 4.07459274e-01
82.81800000 28.98400000 83.74300000 28.80500000 1.46192468e-01
82.81800000 28.98400000 83.89500000 29.17900000 1.12145635e+00
82.81800000 28.98400000 82.57300000 28.06300000 -1.03700415e+01
82.81800000 28.98400000 83.71800000 28.78100000 -1.07704246e-02
83.60300000 27.76700000 83.82600000 27.45700000 -7.04638123e-01
83.60300000 27.76700000 84.13000000 27.64800000 -5.32678741e-01
83.60300000 27.76700000 83.41800000 27.50700000 6.81585781e-02
83.60300000 27.76700000 83.55400000 27.87400000 -2.00952146e-01
83.60300000 27.76700000 83.97800000 28.19900000 -2.71567947e+00
83.74300000 28.80500000 83.89500000 29.17900000 -2.48474435e+00
83.74300000 28.80500000 83.93600000 28.26000000 -4.46474393e+00
83.74300000 28.80500000 84.41000000 28.37500000 -1.99457753e+00
83.82600000 27.45700000 84.13000000 27.64800000 2.16966513e-01
83.82600000 27.45700000 84.98499999 27.16600000 7.40193634e-01
83.82600000 27.45700000 83.41800000 27.50700000 -2.34977021e-02
83.93600000 28.26000000 84.41000000 28.37500000 -1.89093894e+00
83.93600000 28.26000000 83.55400000 27.87400000 -2.93098537e+00
83.93600000 28.26000000 83.71800000 28.78100000 -4.30248476e+00
84.13000000 27.64800000 84.26500000 27.97300000 -1.94711387e+00
84.13000000 27.64800000 84.98499999 27.16600000 2.21663487e+00
84.13000000 27.64800000 83.97800000 28.19900000 -2.70031250e+00
84.13000000 27.64800000 84.43000000 27.67800000 -1.68426019e-01
84.26500000 27.97300000 84.38000000 28.22900000 -3.90255578e+00
84.26500000 27.97300000 83.97800000 28.19900000 -4.71216145e-01
84.26500000 27.97300000 84.43000000 27.67800000 -9.86619385e-01
84.38000000 28.22900000 84.41000000 28.37500000 -1.22743109e+00
84.38000000 28.22900000 83.97800000 28.19900000 -1.37367890e+00
84.38000000 28.22900000 84.43000000 27.67800000 -4.72739332e+00
84.41000000 28.37500000 85.31399999 28.20700000 8.66877072e-01
84.41000000 28.37500000 83.97800000 28.19900000 -2.66006762e+00
84.98499999 27.16600000 84.43000000 27.67800000 2.85617891e+00
84.98499999 27.16600000 85.92499999 26.71100000 -1.85777515e+00
85.10799999 27.60800000 85.27899999 27.80100000 -8.77174578e-01
85.10799999 27.60800000 85.28799999 27.68200000 -1.00908986e-01
85.10799999 27.60800000 84.43000000 27.67800000 -7.26225989e-01
85.27899999 27.80100000 85.52099999 27.69300000 -4.68018787e-01
85.27899999 27.80100000 85.35799999 27.69700000 -6.38462358e-01
85.28799999 27.68200000 85.35799999 27.69700000 -1.84762745e-02
85.52099999 27.69300000 85.87699999 27.91000000 -2.57681771e+00
85.52099999 27.69300000 85.35799999 27.69700000 -1.78718957e-01
86.54999999 27.30500000 86.59699999 26.99100000 -2.18254559e+00
86.54999999 27.30500000 85.92499999 26.71100000 -5.72239471e+00
86.54999999 27.30500000 86.72499999 27.68300000 -2.09016805e+00
86.54999999 27.30500000 87.20599999 27.38000000 6.56635329e-01
86.59699999 26.99100000 87.39199999 26.86600000 5.03953436e-01
86.59699999 26.99100000 85.92499999 26.71100000 -2.01680567e+00
86.59699999 26.99100000 87.20599999 27.38000000 -9.60994935e-01
86.71199999 27.81400000 86.82299999 27.89400000 -7.89071750e-02
87.39199999 26.86600000 87.70999999 27.35200000 -3.36864793e+00
87.39199999 26.86600000 88.18500000 26.88300000 -1.80294827e+00
87.39199999 26.86600000 88.35000000 26.71100000 2.42170710e-01
87.39199999 26.86600000 85.92499999 26.71100000 9.83746881e-01
87.39199999 26.86600000 87.20599999 27.38000000 -6.15128150e+00
87.70999999 27.35200000 88.40000000 26.98000000 -2.92953252e+00
87.70999999 27.35200000 88.18500000 26.88300000 -4.53149108e+00
87.70999999 27.35200000 86.92899999 27.97300000 -3.22174157e+00
87.70999999 27.35200000 87.20599999 27.38000000 1.05490954e+00
87.70999999 27.35200000 88.50300000 27.08900000 -2.20478298e+00
77.60000000 34.12800000 76.16200000 34.55900000 -1.15964621e+00
88.40000000 26.98000000 88.18500000 26.88300000 7.03631786e-01
88.40000000 26.98000000 88.35000000 26.71100000 -4.74180764e-01
88.40000000 26.98000000 88.56900000 26.88900000 -1.02118712e-01
88.40000000 26.98000000 88.50300000 27.08900000 -1.03572624e+00
88.68000000 27.00000000 88.56900000 26.88900000 -7.83573925e-01
88.68000000 27.00000000 88.70200000 27.02400000 -3.14802348e-01
88.68000000 27.00000000 88.75300000 26.88100000 -4.52996136e-01
88.68000000 27.00000000 88.79100000 27.01000000 -3.82410772e-01
88.68000000 27.00000000 88.50300000 27.08900000 -3.93392134e-01
88.18500000 26.88300000 88.35000000 26.71100000 -3.73056370e-01
88.35000000 26.71100000 88.56900000 26.88900000 -1.76791305e-01
88.35000000 26.71100000 88.73800000 26.75100000 -1.55218112e-01
88.35000000 26.71100000 85.92499999 26.71100000 1.01560704e-01
88.35000000 26.71100000 91.23700000 25.00000000 -1.02418515e+00
88.56900000 26.88900000 88.73800000 26.75100000 -4.34325598e-01
88.56900000 26.88900000 88.75300000 26.88100000 -5.23485116e-01
88.56900000 26.88900000 88.50300000 27.08900000 -1.15766270e+00
88.70200000 27.02400000 88.79100000 27.01000000 -1.97313732e-01
88.70200000 27.02400000 88.50300000 27.08900000 -3.43385944e-01
88.73800000 26.75100000 88.75300000 26.88100000 2.79915320e-02
88.73800000 26.75100000 88.93600000 26.96500000 -1.45115400e+00
88.73800000 26.75100000 91.23700000 25.00000000 -9.50959639e-01
88.75300000 26.88100000 88.79100000 27.01000000 -8.16830672e-01
88.75300000 26.88100000 88.93600000 26.96500000 -1.40706394e+00
88.79100000 27.01000000 88.93600000 26.96500000 -4.09736913e-01
77.17200000 28.54400000 79.08000000 29.23000000 -5.41000425e-01
79.21100000 30.48600000 79.55900000 30.53100000 1.42266761e+00
79.55900000 30.53100000 79.77000000 29.82000000 -8.24776477e+00
79.62000000 29.63800000 79.43000000 29.64000000 1.35438206e-01
79.62000000 29.63800000 79.65000000 29.59000000 1.49551118e-01
79.62000000 29.63800000 79.77000000 29.82000000 -2.10737543e+00
80.04100000 29.83800000 79.77000000 29.82000000 -5.22837318e-01
80.04100000 29.83800000 79.90000000 29.78000000 -1.00297096e+00
80.04100000 29.83800000 80.23000000 29.59000000 -1.17446212e+00
80.04100000 29.83800000 80.34000000 29.76000000 3.22525013e-02
82.57300000 28.06300000 83.55400000 27.87400000 4.12907419e-01
82.57300000 28.06300000 83.71800000 28.78100000 -3.98485329e+00
83.41800000 27.50700000 83.55400000 27.87400000 -3.54497568e-01
83.55400000 27.87400000 83.71800000 28.78100000 -7.24713056e+00
83.55400000 27.87400000 83.97800000 28.19900000 -2.33779957e+00
85.92499999 26.71100000 91.23700000 25.00000000 -4.38244437e-02
86.71499999 27.80300000 86.72499999 27.68300000 -2.67605168e-01
86.71499999 27.80300000 86.82299999 27.89400000 -7.93832769e-02
86.72499999 27.68300000 86.82299999 27.89400000 -2.63468456e-01
86.72499999 27.68300000 87.20599999 27.38000000 -1.65700258e+00
86.82299999 27.89400000 86.92899999 27.97300000 -1.92404721e-02
86.82299999 27.89400000 87.20599999 27.38000000 -2.75667670e+00
86.82699999 28.19400000 86.92899999 27.97300000 -4.84623276e-01
86.92899999 27.97300000 87.20599999 27.38000000 -2.96782374e+00
79.08000000 29.23000000 79.43000000 29.64000000 7.16108972e-01
79.08000000 29.23000000 79.51000001 29.21000000 -7.85122052e-02
79.43000000 29.64000000 79.51000001 29.21000000 8.84242880e-01
79.43000000 29.64000000 79.65000000 29.59000000 3.67882916e-01
79.43000000 29.64000000 79.77000000 29.82000000 -1.55587683e+00
79.51000001 29.21000000 79.65000000 29.59000000 -5.67309974e-01
79.51000001 29.21000000 80.09000000 29.33000000 -5.44905789e-01
79.51000001 29.21000000 80.18000000 29.10000000 8.24308990e-01
79.65000000 29.59000000 79.77000000 29.82000000 -2.25723210e+00
79.65000000 29.59000000 79.90000000 29.78000000 -2.18968162e+00
79.65000000 29.59000000 80.09000000 29.33000000 2.06408851e-01
79.77000000 29.82000000 79.90000000 29.78000000 2.65774582e-02
79.90000000 29.78000000 80.09000000 29.33000000 -1.40350715e+00
79.90000000 29.78000000 80.23000000 29.59000000 2.28344293e-02
80.09000000 29.33000000 80.18000000 29.10000000 5.70787670e-01
80.09000000 29.33000000 80.23000000 29.59000000 -1.90594481e+00
80.23000000 29.59000000 80.34000000 29.76000000 -3.07232536e+00
80.34000000 29.76000000 80.56000000 29.86000000 -1.38841344e+00
73.24900000 34.42000000 73.39100000 33.89500000 3.04071165e-02
73.24900000 34.42000000 73.65300000 33.97800000 1.25037920e-02
73.24900000 34.42000000 73.93500000 33.93000000 -1.84495574e-02
73.24900000 34.42000000 74.48400000 34.09500000 -1.33888397e-01
73.24900000 34.42000000 74.97400000 34.35300000 1.41959344e-01
73.39100000 33.89500000 73.65300000 33.97800000 1.03511575e-02
73.39100000 33.89500000 73.75200000 33.87100000 -4.29949541e-03
73.39100000 33.89500000 74.34700000 33.39500000 8.43279938e-02
73.65300000 33.97800000 73.75200000 33.87100000 -1.34848786e-03
73.65300000 33.97800000 73.93500000 33.93000000 -1.61184884e-02
73.75200000 33.87100000 73.93500000 33.93000000 1.18952673e-02
73.75200000 33.87100000 74.34700000 33.39500000 -1.46840479e-01
73.93500000 33.93000000 74.34700000 33.39500000 -3.84567576e-01
73.93500000 33.93000000 74.48400000 34.09500000 1.74404660e-01
73.93500000 33.93000000 74.59300000 33.99300000 1.98581411e-01
74.34700000 33.39500000 74.59300000 33.99300000 -4.08579568e-01
74.34700000 33.39500000 75.03700000 33.59500000 1.09936815e+00
74.48400000 34.09500000 74.59300000 33.99300000 -1.06166739e-01
74.48400000 34.09500000 74.81700000 34.10900000 1.24172644e-01
74.48400000 34.09500000 74.83700000 34.13000000 1.57224189e-01
74.48400000 34.09500000 74.97400000 34.35300000 4.33439650e-01
74.59300000 33.99300000 74.81700000 34.10900000 1.95075529e-01
74.59300000 33.99300000 75.03700000 33.59500000 -5.96571791e-01
74.81700000 34.10900000 74.83700000 34.13000000 -1.38593107e-03
74.81700000 34.10900000 74.88900000 34.12000000 4.97923676e-02
74.81700000 34.10900000 75.03700000 33.59500000 -1.03862896e+00
74.83700000 34.13000000 74.88900000 34.12000000 1.29641617e-02
74.83700000 34.13000000 74.97400000 34.35300000 -3.88946028e-02
74.83700000 34.13000000 75.04500000 34.22700000 1.97398692e-01
74.88900000 34.12000000 75.03700000 33.59500000 -1.10921342e+00
74.88900000 34.12000000 75.04500000 34.22700000 1.25053768e-01
74.88900000 34.12000000 75.27200000 34.10000000 1.40955508e-01
74.97400000 34.35300000 75.04500000 34.22700000 -3.04495031e-01
74.97400000 34.35300000 75.32500000 34.29200000 -7.77005039e-02
74.97400000 34.35300000 75.76900000 34.42400000 7.22404042e-01
75.03700000 33.59500000 75.27200000 34.10000000 -7.40726830e-01
75.04500000 34.22700000 75.27200000 34.10000000 -3.50577272e-01
75.04500000 34.22700000 75.32500000 34.29200000 1.49528146e-01
75.27200000 34.10000000 75.32500000 34.29200000 -5.31401505e-01
75.27200000 34.10000000 75.76900000 34.42400000 -3.72891809e-01
75.32500000 34.29200000 75.76900000 34.42400000 3.61461089e-01
75.76900000 34.42400000 76.16200000 34.55900000 -4.31503961e-01
