79.09800000 31.88700000 79.81400000 31.49800000 5.42313453e-01
79.09800000 31.88700000 80.29300000 31.71100000 6.20131145e-01
79.09800000 31.88700000 77.92100000 32.36400000 -1.04380807e+00
79.09800000 31.88700000 78.75400000 31.03700000 -1.50224440e+00
79.09800000 31.88700000 78.97300000 32.77900000 -2.27515906e-01
79.09800000 31.88700000 78.67600000 30.99700000 -1.87195582e+00
79.81400000 31.49800000 80.29300000 31.71100000 5.89710993e-02
79.81400000 31.49800000 80.42900000 30.96100000 2.56309975e-02
79.81400000 31.49800000 78.75400000 31.03700000 -9.68108119e-01
79.81400000 31.49800000 79.49300000 30.74300000 -1.73057401e+00
80.29300000 31.71100000 80.42900000 30.96100000 4.00063527e-01
80.29300000 31.71100000 81.42800000 30.83700000 -2.16868668e-01
80.29300000 31.71100000 78.97300000 32.77900000 -4.58298003e-02
80.42900000 30.96100000 81.17600000 30.29000000 -7.10197192e-01
80.42900000 30.96100000 81.42800000 30.83700000 -1.78929856e-02
80.42900000 30.96100000 79.49300000 30.74300000 -1.64561979e+00
80.42900000 30.96100000 80.24000000 30.06000000 -5.65337382e+00
80.42900000 30.96100000 79.55900000 30.53100000 -3.55722454e+00
81.17600000 30.29000000 81.42800000 30.83700000 -8.01189213e-01
81.17600000 30.29000000 81.85600000 30.71600000 -6.03582000e-01
81.17600000 30.29000000 80.24000000 30.06000000 -2.80138287e+00
81.17600000 30.29000000 81.20100000 29.47400000 -5.94113420e+00
81.17600000 30.29000000 81.80700000 29.96900000 -8.85616237e-02
81.17600000 30.29000000 80.56000000 29.86000000 -5.06478164e+00
81.42800000 30.83700000 81.85600000 30.71600000 4.69160232e-02
81.85600000 30.71600000 82.83200000 30.38900000 1.57451497e-01
81.85600000 30.71600000 81.80700000 29.96900000 -9.21378132e-01
82.83200000 30.38900000 83.24000000 29.80000000 -4.72993187e-01
82.83200000 30.38900000 84.03900000 29.72100000 -3.99747219e-01
82.83200000 30.38900000 81.80700000 29.96900000 -5.48209710e-01
82.83200000 30.38900000 82.19300000 29.27800000 -4.34957041e+00
82.83200000 30.38900000 85.74100000 29.59100000 1.29592278e-02
83.24000000 29.80000000 84.03900000 29.72100000 7.20933080e-02
83.24000000 29.80000000 84.04300000 29.53400000 3.62280200e-02
83.24000000 29.80000000 82.19300000 29.27800000 -3.13684531e+00
83.24000000 29.80000000 82.81800000 28.98400000 -4.31060528e+00
83.24000000 29.80000000 83.89500000 29.17900000 -1.38191558e+00
84.03900000 29.72100000 84.15600000 29.68000000 9.76295300e-02
84.03900000 29.72100000 84.04300000 29.53400000 -9.95852791e-01
84.03900000 29.72100000 85.74100000 29.59100000 2.34139640e-01
84.15600000 29.68000000 84.04300000 29.53400000 -9.48451585e-01
84.15600000 29.68000000 85.21000000 29.44000000 -4.52867515e-02
84.15600000 29.68000000 85.74100000 29.59100000 1.09531782e-01
85.44200000 28.95900000 85.64000000 29.44100000 -3.84837914e-01
85.44200000 28.95900000 86.38699999 28.68700000 6.94094159e-01
85.44200000 28.95900000 85.21000000 29.44000000 -3.73916858e-01
85.44200000 28.95900000 86.01999999 28.30000000 -7.72110898e-01
85.44200000 28.95900000 84.41000000 28.37500000 -2.86095592e+00
85.44200000 28.95900000 85.31399999 28.20700000 -4.20003344e-01
85.64000000 29.44100000 86.38699999 28.68700000 5.41896981e-02
85.64000000 29.44100000 85.21000000 29.44000000 1.38507070e-01
85.64000000 29.44100000 85.74100000 29.59100000 -3.41758869e-02
85.97499999 28.14900000 85.32899999 28.17100000 1.02672175e+00
85.97499999 28.14900000 86.01999999 28.29000000 -2.60517923e-01
85.97499999 28.14900000 86.01999999 28.30000000 -2.76721778e-01
85.97499999 28.14900000 86.22999999 27.63500000 -5.14555320e-01
85.97499999 28.14900000 86.81299999 27.95800000 1.08247850e-01
85.97499999 28.14900000 85.31399999 28.20700000 9.06245272e-01
85.97499999 28.14900000 85.87699999 27.91000000 2.61412439e-01
85.97499999 28.14900000 86.71199999 27.81400000 -6.99948215e-02
85.97499999 28.14900000 86.82699999 28.19400000 2.06105090e-01
86.38699999 28.68700000 86.96699999 28.39200000 2.43717905e-01
86.38699999 28.68700000 87.05999999 28.58700000 -1.46710129e-02
86.38699999 28.68700000 87.08600000 29.32000000 -1.46909391e+00
86.38699999 28.68700000 86.93999999 28.35700000 1.88603175e-01
86.38699999 28.68700000 86.01999999 28.30000000 -7.84364498e-01
86.38699999 28.68700000 86.82699999 28.19400000 -3.52262899e-01
86.38699999 28.68700000 85.74100000 29.59100000 -1.53899845e-01
86.94099999 28.35700000 86.82699999 28.19400000 -5.08060319e-01
86.94099999 28.35700000 86.92899999 27.97300000 -9.47683327e-01
86.96699999 28.39200000 87.05999999 28.58700000 -4.38361694e-01
86.96699999 28.39200000 87.76900000 28.53800000 -1.36155487e+00
86.96699999 28.39200000 86.92899999 27.97300000 -1.03746655e+00
86.96699999 28.39200000 87.15499999 28.63000000 -6.45979430e-01
87.05999999 28.58700000 87.08600000 29.32000000 -7.27581541e-01
87.05999999 28.58700000 87.15499999 28.63000000 -2.02554545e-01
87.08600000 29.32000000 85.74100000 29.59100000 4.09774608e-01
87.18400000 29.26900000 87.57700000 29.11800000 -7.21534009e-02
87.18400000 29.26900000 87.15499999 28.63000000 -6.69897571e-01
87.76900000 28.53800000 88.56000000 28.24400000 -1.29348154e+00
87.76900000 28.53800000 88.86500000 29.24900000 -1.22146393e+00
87.76900000 28.53800000 87.57700000 29.11800000 -6.49316667e-01
87.76900000 28.53800000 87.70999999 27.35200000 -4.08126797e+00
87.76900000 28.53800000 86.92899999 27.97300000 -1.83749329e+00
87.76900000 28.53800000 87.15499999 28.63000000 -7.41686227e-01
87.76900000 28.53800000 88.86400000 29.25000000 -1.22073570e+00
88.56000000 28.24400000 88.86500000 29.24900000 -1.43806464e+00
88.56000000 28.24400000 89.15400000 27.72100000 -1.57937121e+00
88.56000000 28.24400000 89.30500000 27.93100000 -5.61313442e-01
88.56000000 28.24400000 89.55600000 28.91100000 -7.65866946e-01
88.56000000 28.24400000 89.62700000 28.31500000 -4.83612709e-01
88.56000000 28.24400000 88.56900000 27.36500000 -4.24675965e+00
88.56000000 28.24400000 88.91000000 27.49000000 -1.45193412e+00
88.56000000 28.24400000 87.70999999 27.35200000 -1.97273950e+00
88.86500000 29.24900000 89.55600000 28.91100000 -6.39309657e-01
88.86500000 29.24900000 90.15400000 29.44400000 3.34212022e-01
88.86500000 29.24900000 89.57300000 28.91400000 -6.25338271e-01
88.90600000 27.43700000 89.15400000 27.72100000 -3.14224879e-01
88.90600000 27.43700000 88.56900000 27.36500000 -1.40803311e+00
88.90600000 27.43700000 89.39200000 26.84900000 -1.65639168e+00
88.90600000 27.43700000 89.63500000 27.47200000 -8.87909977e-01
88.90600000 27.43700000 88.70200000 27.02400000 -2.58358490e+00
88.90600000 27.43700000 88.79100000 27.01000000 -2.73947687e+00
88.90600000 27.43700000 88.93600000 26.96500000 -3.44434176e+00
89.15400000 27.72100000 89.30500000 27.93100000 -1.20817819e+00
89.15400000 27.72100000 88.91000000 27.49000000 -5.70971533e-02
89.15400000 27.72100000 89.63500000 27.47200000 -2.09918193e-01
89.30500000 27.93100000 89.62700000 28.31500000 -1.24455378e+00
89.30500000 27.93100000 89.63500000 27.47200000 -1.32389854e+00
89.55600000 28.91100000 89.62700000 28.31500000 -1.37626602e+00
89.55600000 28.91100000 89.91100000 28.61900000 -5.28186397e-01
89.62700000 28.31500000 89.91100000 28.61900000 -4.29396397e-01
89.62700000 28.31500000 90.55800000 28.41900000 3.13299465e-01
89.62700000 28.31500000 89.63500000 27.47200000 -3.00531501e+00
89.91100000 28.61900000 90.10700000 28.93200000 -3.99382147e-01
89.91100000 28.61900000 90.55800000 28.41900000 5.72986200e-02
89.91100000 28.61900000 89.57300000 28.91400000 -5.51039449e-01
90.10700000 28.93200000 90.15400000 29.44400000 -6.25264527e-01
90.10700000 28.93200000 90.26700000 29.32400000 -4.06279777e-01
90.10700000 28.93200000 90.55800000 28.41900000 -8.53336337e-01
90.10700000 28.93200000 90.95900000 29.27800000 3.28361564e-01
90.10700000 28.93200000 89.57300000 28.91400000 1.97743824e-01
90.15400000 29.44400000 90.26700000 29.32400000 -1.08052221e-01
90.15400000 29.44400000 78.70400000 33.19100000 -4.21628320e-01
90.15400000 29.44400000 89.57300000 28.91400000 6.73524135e-02
90.15400000 29.44400000 85.74100000 29.59100000 -1.03152064e+00
90.26700000 29.32400000 90.95900000 29.27800000 3.93546064e-01
90.55800000 28.41900000 91.88900000 28.96000000 3.19054951e-01
90.55800000 28.41900000 91.91000000 27.97100000 6.20366381e-01
90.55800000 28.41900000 89.63500000 27.47200000 -3.06340383e+00
90.55800000 28.41900000 90.95900000 29.27800000 -1.49610156e+00
91.88900000 28.96000000 91.91000000 27.97100000 -2.21367661e+00
91.88900000 28.96000000 92.39900000 28.42200000 2.50566395e-01
91.88900000 28.96000000 93.07300000 29.04400000 -1.29863498e-01
91.88900000 28.96000000 92.43900000 28.43200000 3.50800755e-01
91.88900000 28.96000000 90.95900000 29.27800000 9.79775394e-01
91.91000000 27.97100000 92.39900000 28.42200000 -1.03724041e+00
91.91000000 27.97100000 92.41500000 27.27000000 -5.42084083e+00
91.91000000 27.97100000 89.63500000 27.47200000 -1.35250026e+00
92.39900000 28.42200000 92.41500000 27.27000000 -7.93677346e+00
93.07300000 29.04400000 92.43900000 28.43200000 -1.46878554e+00
93.07300000 29.04400000 92.41500000 27.27000000 -8.68869891e+00
93.07300000 29.04400000 90.95900000 29.27800000 1.23205660e+00
83.95300000 29.17800000 84.04300000 29.53400000 -1.58640529e+00
83.95300000 29.17800000 85.21000000 29.44000000 -1.51004950e+00
83.95300000 29.17800000 83.74300000 28.80500000 -3.58520699e+00
83.95300000 29.17800000 84.41000000 28.37500000 -1.73099370e+00
84.04300000 29.53400000 85.21000000 29.44000000 -2.64203774e-01
84.04300000 29.53400000 83.89500000 29.17900000 -1.68382666e+00
86.93999999 28.35700000 86.82699999 28.19400000 -5.08044071e-01
75.36300000 32.56500000 75.88100000 32.30400000 -1.62674917e+00
75.36300000 32.56500000 75.93800000 31.47900000 -2.20098450e+00
75.36300000 32.56500000 75.99300000 32.53600000 -5.56498655e-01
75.36300000 32.56500000 74.34700000 33.39500000 -4.87187808e-01
75.36300000 32.56500000 75.03700000 33.59500000 -5.51261188e-01
75.88100000 32.30400000 75.93800000 31.47900000 4.89970074e-01
75.88100000 32.30400000 75.99300000 32.53600000 -1.38527381e+00
75.88100000 32.30400000 76.29400000 31.89700000 -2.39613059e+00
75.88100000 32.30400000 76.30700000 32.24800000 1.05650497e-01
75.93800000 31.47900000 76.29400000 31.89700000 3.23679633e+00
75.93800000 31.47900000 76.30700000 31.53800000 1.08753477e+00
75.93800000 31.47900000 77.12600000 28.48200000 -2.61467381e-01
75.93800000 31.47900000 77.63000000 30.27600000 -3.39680570e+00
75.93800000 31.47900000 77.17200000 28.54400000 -3.35765506e-01
75.93800000 31.47900000 73.39100000 33.89500000 1.68211143e+00
75.93800000 31.47900000 74.34700000 33.39500000 -2.85993657e+00
75.99300000 32.53600000 76.30700000 32.24800000 -9.96607829e-01
75.99300000 32.53600000 76.68900000 32.69800000 -1.99120325e-01
75.99300000 32.53600000 75.03700000 33.59500000 -1.52758648e+00
76.29400000 31.89700000 76.30700000 31.53800000 -1.57179424e-01
76.29400000 31.89700000 76.30700000 32.24800000 -2.97877960e+00
76.29400000 31.89700000 76.67300000 31.91900000 1.30321098e-01
76.30700000 31.53800000 76.67300000 31.91900000 -1.33409141e+00
76.30700000 31.53800000 76.81500000 31.63400000 -1.36078998e+00
76.30700000 31.53800000 77.63000000 30.27600000 -1.90572892e+00
76.30700000 32.24800000 76.67300000 31.91900000 -7.55018061e-01
76.30700000 32.24800000 76.68900000 32.69800000 -2.49586715e+00
76.30700000 32.24800000 77.19200000 32.31700000 -5.64767576e-01
76.67300000 31.91900000 76.81500000 31.63400000 -1.18216896e+00
76.67300000 31.91900000 77.10800000 32.06700000 -2.18615102e+00
76.67300000 31.91900000 77.19200000 32.31700000 -4.20854417e+00
76.68900000 32.69800000 77.17500000 32.63400000 2.03732099e-01
76.68900000 32.69800000 77.19200000 32.31700000 1.21498479e+00
76.68900000 32.69800000 77.42500000 32.79800000 -5.33996724e-01
76.68900000 32.69800000 77.60000000 34.12800000 -1.32558312e+00
76.68900000 32.69800000 75.03700000 33.59500000 -2.05548688e-01
76.68900000 32.69800000 75.27200000 34.10000000 -3.24598003e-01
76.68900000 32.69800000 75.76900000 34.42400000 -5.90549015e-01
76.68900000 32.69800000 76.16200000 34.55900000 -7.70303424e-01
76.81500000 31.63400000 77.10800000 32.06700000 -4.80136873e+00
76.81500000 31.63400000 77.63000000 30.27600000 -3.54519482e+00
76.81500000 31.63400000 78.02100000 30.45900000 -1.35920623e-01
76.81500000 31.63400000 78.67600000 30.99700000 2.88178407e+00
77.10800000 32.06700000 77.19200000 32.31700000 -4.03708813e-01
77.10800000 32.06700000 77.92100000 32.36400000 -2.03988429e+00
77.10800000 32.06700000 78.67600000 30.99700000 -9.25913687e-01
77.12600000 28.48200000 78.60800001 25.45200000 -1.25460628e-01
77.12600000 28.48200000 79.08000000 29.23000000 -2.24482969e-01
77.12600000 28.48200000 73.39100000 33.89500000 -1.24651455e-01
77.17500000 32.63400000 77.19200000 32.31700000 3.55698720e-01
77.17500000 32.63400000 77.42500000 32.79800000 -4.86111743e-01
77.19200000 32.31700000 77.42500000 32.79800000 -2.54649422e-01
77.19200000 32.31700000 77.92100000 32.36400000 -1.27011884e+00
77.42500000 32.79800000 77.80800000 33.97200000 4.78605116e-01
77.42500000 32.79800000 77.92100000 32.36400000 4.88084287e-01
77.42500000 32.79800000 78.66000000 33.20900000 -4.24165268e-01
77.42500000 32.79800000 77.60000000 34.12800000 6.24999503e-01
77.63000000 30.27600000 77.86000000 30.32900000 2.59040043e-02
77.63000000 30.27600000 77.86800000 30.14700000 4.51189519e-02
77.63000000 30.27600000 78.02100000 30.45900000 -1.10841064e+00
77.63000000 30.27600000 77.17200000 28.54400000 -1.48075131e+00
77.80800000 33.97200000 78.66000000 33.20900000 -6.97221889e-02
77.86000000 30.32900000 77.86800000 30.14700000 -8.58449532e-01
77.86000000 30.32900000 77.97400000 30.28500000 1.26382547e-02
77.86000000 30.32900000 78.01400000 30.32900000 1.21391907e-01
77.86000000 30.32900000 78.02100000 30.45900000 -1.48910865e+00
77.86800000 30.14700000 77.97400000 30.28500000 -5.21321348e-01
77.86800000 30.14700000 77.97900000 30.09500000 -1.10999726e-02
77.92100000 32.36400000 78.66000000 33.20900000 1.64856011e+00
77.92100000 32.36400000 78.97300000 32.77900000 8.53498100e-01
77.92100000 32.36400000 78.67600000 30.99700000 -2.60717053e+00
77.97400000 30.28500000 77.97900000 30.09500000 -6.50140332e-01
77.97400000 30.28500000 78.01400000 30.32900000 -2.57523939e-01
77.97400000 30.28500000 78.18700000 30.19100000 -9.25849523e-02
77.97900000 30.09500000 78.18700000 30.19100000 -2.15845698e-01
77.97900000 30.09500000 78.68000000 29.84800000 -3.75197093e-01
77.97900000 30.09500000 77.17200000 28.54400000 -1.45511020e+00
78.01400000 30.32900000 78.02100000 30.45900000 -2.16683685e+00
78.01400000 30.32900000 78.11500000 30.45200000 -1.82404970e+00
78.01400000 30.32900000 78.15500000 30.34200000 2.70506126e-02
78.01400000 30.32900000 78.18700000 30.19100000 -3.60117954e-01
78.02100000 30.45900000 78.11500000 30.45200000 -3.15145662e-02
78.02100000 30.45900000 78.67600000 30.99700000 -6.97886742e+00
78.11500000 30.45200000 78.15500000 30.34200000 -1.77657208e+00
78.11500000 30.45200000 78.61700000 30.80600000 -4.08223908e+00
78.11500000 30.45200000 78.36500000 30.40400000 -3.33610427e-01
78.15500000 30.34200000 78.18700000 30.19100000 -7.94948903e-01
78.15500000 30.34200000 78.36800000 30.39400000 -8.51012740e-01
78.15500000 30.34200000 78.36500000 30.40400000 -9.67147627e-01
78.18700000 30.19100000 78.36800000 30.39400000 -2.10562935e+00
78.18700000 30.19100000 78.68000000 29.84800000 -5.69268013e-01
78.36800000 30.39400000 78.61700000 30.80600000 -5.63250504e+00
78.36800000 30.39400000 78.68000000 29.84800000 -2.46779954e+00
78.36800000 30.39400000 79.09000000 30.29800000 -8.65199593e-01
78.60800001 25.45200000 80.94300001 26.89100000 2.79461057e-01
78.60800001 25.45200000 85.92499999 26.71100000 -2.90972853e+00
78.60800001 25.45200000 79.08000000 29.23000000 -2.13596540e-01
78.60800001 25.45200000 91.23700000 25.00000000 -5.73094259e-01
78.61700000 30.80600000 78.75400000 31.03700000 -2.99593875e+00
78.61700000 30.80600000 79.09000000 30.29800000 -4.27125345e+00
78.61700000 30.80600000 78.36500000 30.40400000 -5.46926661e+00
78.61700000 30.80600000 78.67600000 30.99700000 -2.54031394e+00
78.61700000 30.80600000 79.21100000 30.48600000 -2.27782052e+00
78.66000000 33.20900000 78.97300000 32.77900000 -2.07438967e-01
78.68000000 29.84800000 79.09000000 30.29800000 -4.07571306e+00
78.68000000 29.84800000 77.17200000 28.54400000 -7.08998046e-01
78.68000000 29.84800000 79.08000000 29.23000000 -1.17482913e+00
78.68000000 29.84800000 79.43000000 29.64000000 -2.00186212e-01
78.75400000 31.03700000 79.49300000 30.74300000 2.34685761e-01
78.75400000 31.03700000 78.67600000 30.99700000 -2.99532142e-01
78.75400000 31.03700000 79.21100000 30.48600000 -3.22945683e+00
79.09000000 30.29800000 79.19400000 30.32900000 -8.12178487e-01
79.09000000 30.29800000 79.21100000 30.48600000 -3.74035783e+00
79.09000000 30.29800000 79.43000000 29.64000000 -4.26552448e+00
79.19400000 30.32900000 79.21100000 30.48600000 -2.55237853e+00
79.19400000 30.32900000 79.55900000 30.53100000 -1.54127373e+00
79.19400000 30.32900000 79.43000000 29.64000000 -5.64490058e+00
79.19400000 30.32900000 79.77000000 29.82000000 -2.29942797e+00
79.49300000 30.74300000 79.21100000 30.48600000 -2.02285783e+00
79.49300000 30.74300000 79.55900000 30.53100000 -2.12926929e+00
80.24000000 30.06000000 79.55900000 30.53100000 -5.29103150e-01
80.24000000 30.06000000 80.04100000 29.83800000 -4.98442048e+00
80.24000000 30.06000000 79.77000000 29.82000000 -4.23682312e+00
80.24000000 30.06000000 80.34000000 29.76000000 -4.82755831e+00
80.24000000 30.06000000 80.56000000 29.86000000 -7.11171890e-01
80.94300001 26.89100000 80.14800001 28.96300000 -4.22420867e-02
80.94300001 26.89100000 81.11600000 28.61300000 -9.89102256e-02
80.94300001 26.89100000 81.57500000 28.13400000 -8.02592371e-01
80.94300001 26.89100000 82.09500000 28.01000000 4.63766184e-01
80.94300001 26.89100000 82.54000000 27.78600000 -3.77638517e-01
80.94300001 26.89100000 80.58200000 28.75400000 3.97246506e+00
80.94300001 26.89100000 81.61500000 28.04900000 -2.92900274e-01
80.94300001 26.89100000 85.92499999 26.71100000 -1.94154950e+00
80.94300001 26.89100000 79.08000000 29.23000000 -7.71266276e-02
88.56900000 27.36500000 88.91000000 27.49000000 -2.07115083e+00
88.56900000 27.36500000 87.70999999 27.35200000 3.58541686e+00
88.56900000 27.36500000 88.70200000 27.02400000 -2.48440722e+00
88.56900000 27.36500000 88.50300000 27.08900000 3.24319004e-03
89.39200000 26.84900000 92.41500000 27.27000000 -1.38038665e+00
89.39200000 26.84900000 89.63500000 27.47200000 3.89975649e-01
89.39200000 26.84900000 88.73800000 26.75100000 -4.08006762e-01
89.39200000 26.84900000 88.93600000 26.96500000 3.94263505e-01
89.39200000 26.84900000 91.23700000 25.00000000 -3.82186953e+00
92.43900000 28.43200000 92.41500000 27.27000000 -7.97442760e+00
80.14800001 28.96300000 80.63600000 29.01200000 2.56187005e-01
80.14800001 28.96300000 80.58200000 28.75400000 1.18731175e+00
80.14800001 28.96300000 79.08000000 29.23000000 2.04328313e-01
80.14800001 28.96300000 79.51000001 29.21000000 1.62674209e-01
80.14800001 28.96300000 80.18000000 29.10000000 -6.09940072e-01
80.60200000 29.33400000 80.72100000 29.52700000 -2.55255989e+00
80.60200000 29.33400000 80.50100000 29.73400000 -3.34846359e+00
80.60200000 29.33400000 80.62600000 29.17700000 -8.42009122e-01
80.60200000 29.33400000 81.20100000 29.47400000 -3.13181300e+00
80.60200000 29.33400000 80.09000000 29.33000000 -2.36058514e-01
80.60200000 29.33400000 80.18000000 29.10000000 -5.68048548e-01
80.60200000 29.33400000 80.23000000 29.59000000 1.41037890e-02
80.63600000 29.01200000 81.11600000 28.61300000 3.22819233e-01
80.63600000 29.01200000 81.35300000 28.82400000 1.61060258e-01
80.63600000 29.01200000 80.58200000 28.75400000 1.04907458e+00
80.63600000 29.01200000 80.62600000 29.17700000 -5.81790461e-01
80.63600000 29.01200000 81.20100000 29.47400000 -6.80383912e+00
80.63600000 29.01200000 80.18000000 29.10000000 4.07384805e-01
80.72100000 29.52700000 80.50100000 29.73400000 -7.93499417e-01
80.72100000 29.52700000 81.20100000 29.47400000 -1.92451124e-01
80.72100000 29.52700000 80.56000000 29.86000000 -3.62539639e+00
81.11600000 28.61300000 81.35300000 28.82400000 -8.26880305e-01
81.11600000 28.61300000 81.57500000 28.13400000 -7.35757801e-01
81.11600000 28.61300000 81.63400000 28.58300000 -2.51361449e-01
81.11600000 28.61300000 81.69100000 28.40700000 -4.46268745e-02
81.11600000 28.61300000 80.58200000 28.75400000 2.37660308e-01
81.35300000 28.82400000 81.63400000 28.58300000 -1.25660836e-01
81.35300000 28.82400000 81.63500000 28.58600000 -1.11880770e-01
81.35300000 28.82400000 81.20100000 29.47400000 -5.99308854e+00
81.35300000 28.82400000 81.71400000 28.65600000 7.34831192e-02
81.35300000 28.82400000 82.19300000 29.27800000 -7.16068150e+00
81.57500000 28.13400000 81.69100000 28.40700000 2.35797162e-01
81.63400000 28.58300000 81.69100000 28.40700000 -5.31050841e-01
81.63400000 28.58300000 81.71400000 28.65600000 -7.09503130e-01
81.63500000 28.58600000 81.71400000 28.65600000 -6.85826469e-01
81.69100000 28.40700000 82.09500000 28.01000000 8.59550961e-02
81.69100000 28.40700000 82.34700000 28.24900000 6.23295193e-02
81.69100000 28.40700000 81.59500000 28.11700000 1.81706324e-01
81.69100000 28.40700000 81.71400000 28.65600000 -1.41387886e+00
82.09500000 28.01000000 82.24700000 28.03000000 8.74653080e-01
82.09500000 28.01000000 82.34700000 28.24900000 5.17514624e-01
82.09500000 28.01000000 82.54000000 27.78600000 8.65850226e-01
82.09500000 28.01000000 81.59500000 28.11700000 3.60585481e-01
82.09500000 28.01000000 81.61500000 28.04900000 5.98314831e-01
82.24700000 28.03000000 82.34700000 28.24900000 3.28243132e-01
82.24700000 28.03000000 82.54000000 27.78600000 -1.18700346e-02
82.24700000 28.03000000 82.49100000 27.95100000 -2.16872817e-01
82.24700000 28.03000000 82.57300000 28.06300000 -5.52224938e-01
82.34700000 28.24900000 81.71400000 28.65600000 -1.20131256e-01
82.34700000 28.24900000 82.81800000 28.98400000 -9.69031459e+00
82.34700000 28.24900000 82.57300000 28.06300000 -1.31610749e-01
82.50400000 27.95100000 82.54000000 27.78600000 -8.28129818e-01
82.50400000 27.95100000 82.57300000 28.06300000 6.16392793e-01
82.54000000 27.78600000 82.78500000 27.56800000 2.06424219e-02
82.54000000 27.78600000 82.49100000 27.95100000 -7.23267090e-01
82.54000000 27.78600000 82.57300000 28.06300000 -4.24029517e-01
82.78500000 27.56800000 82.57300000 28.06300000 -5.80319118e-01
82.78500000 27.56800000 83.41800000 27.50700000 -4.70025803e-02
82.78500000 27.56800000 83.55400000 27.87400000 -3.26112588e-01
85.00799999 27.31600000 85.39799999 27.57500000 -2.85468084e+00
85.00799999 27.31600000 84.98499999 27.16600000 1.04932297e+00
85.00799999 27.31600000 85.10799999 27.60800000 -3.41325536e+00
85.00799999 27.31600000 84.43000000 27.67800000 6.19985817e-01
85.21000000 29.44000000 84.41000000 28.37500000 -4.20761700e+00
85.21000000 29.44000000 85.74100000 29.59100000 1.48599007e-01
85.22199999 28.01500000 85.32899999 28.17100000 2.39537919e-02
85.22199999 28.01500000 84.38000000 28.22900000 2.87746128e-01
85.22199999 28.01500000 84.41000000 28.37500000 2.64569312e-01
85.22199999 28.01500000 85.10799999 27.60800000 -3.29306395e+00
85.22199999 28.01500000 85.27899999 27.80100000 -1.46438942e+00
85.22199999 28.01500000 85.31399999 28.20700000 9.10774851e-02
85.22199999 28.01500000 84.43000000 27.67800000 -7.03433319e+00
85.27999999 27.69300000 85.10799999 27.60800000 -9.47586032e-01
85.27999999 27.69300000 85.27899999 27.80100000 1.65602964e-01
85.27999999 27.69300000 85.28799999 27.68200000 8.85971298e-03
85.27999999 27.69300000 85.35799999 27.69700000 -9.25940355e-02
85.32899999 28.17100000 85.27899999 27.80100000 -1.77212564e+00
85.32899999 28.17100000 85.52099999 27.69300000 -1.52416973e+00
85.32899999 28.17100000 85.87699999 27.91000000 2.19738101e-01
85.39799999 27.57500000 85.79399999 27.74500000 -1.53099203e+00
85.39799999 27.57500000 84.98499999 27.16600000 -2.26007932e+00
85.39799999 27.57500000 85.10799999 27.60800000 3.70520114e-02
85.39799999 27.57500000 85.28799999 27.68200000 -7.94081124e-01
85.39799999 27.57500000 85.52099999 27.69300000 -1.12090381e+00
85.39799999 27.57500000 85.35799999 27.69700000 -1.01617008e+00
85.39799999 27.57500000 85.92499999 26.71100000 -2.90901398e+00
85.79399999 27.74500000 86.22999999 27.63500000 5.73653773e-02
85.79399999 27.74500000 85.52099999 27.69300000 -4.82491879e-01
85.79399999 27.74500000 85.87699999 27.91000000 -1.03527076e+00
85.79399999 27.74500000 85.92499999 26.71100000 -5.83013262e+00
86.01999999 28.29000000 86.82699999 28.19400000 2.58176627e-01
86.01999999 28.30000000 85.31399999 28.20700000 1.28718233e+00
86.01999999 28.30000000 86.82699999 28.19400000 2.60958521e-01
86.22999999 27.63500000 85.87699999 27.91000000 -3.10527837e-01
86.22999999 27.63500000 86.54999999 27.30500000 1.49870593e-01
86.22999999 27.63500000 86.71199999 27.81400000 -5.23832590e-01
86.22999999 27.63500000 85.92499999 26.71100000 -8.04086247e+00
86.22999999 27.63500000 86.71499999 27.80300000 -5.24280724e-01
86.22999999 27.63500000 86.72499999 27.68300000 -7.43375603e-01
86.81299999 27.95800000 86.71199999 27.81400000 -6.03581376e-02
86.81299999 27.95800000 86.82299999 27.89400000 -1.59942800e-01
86.81299999 27.95800000 86.82699999 28.19400000 -6.47682591e-01
86.81299999 27.95800000 86.92899999 27.97300000 -1.06949623e-01
87.57700000 29.11800000 87.15499999 28.63000000 -1.18999911e+00
87.57700000 29.11800000 88.86400000 29.25000000 -1.29430801e+00
78.70400000 33.19100000 85.74100000 29.59100000 -3.17371303e-01
92.41500000 27.27000000 89.63500000 27.47200000 -2.26967606e+00
92.41500000 27.27000000 91.23700000 25.00000000 -8.99703768e+00
80.50100000 29.73400000 80.23000000 29.59000000 -2.65562778e+00
80.50100000 29.73400000 80.34000000 29.76000000 -4.64570518e-02
80.50100000 29.73400000 80.56000000 29.86000000 -2.52059178e+00
80.62600000 29.17700000 81.20100000 29.47400000 -5.30943085e+00
80.62600000 29.17700000 80.18000000 29.10000000 3.35180707e-01
81.20100000 29.47400000 81.80700000 29.96900000 -5.17600841e+00
81.20100000 29.47400000 82.19300000 29.27800000 4.26244158e-02
81.20100000 29.47400000 80.56000000 29.86000000 -5.34718280e-01
81.71400000 28.65600000 82.19300000 29.27800000 -8.70115238e+00
81.71400000 28.65600000 82.81800000 28.98400000 -5.23946596e+00
81.80700000 29.96900000 82.19300000 29.27800000 -2.36998208e+00
82.19300000 29.27800000 82.81800000 28.98400000 -1.68276263e-01
82.49100000 27.95100000 82.57300000 28.06300000 5.90533497e-01
82.81800000 28.98400000 83.74300000 28.80500000 2.39105387e-01
82.81800000 28.98400000 83.89500000 29.17900000 -7.27610301e-01
82.81800000 28.98400000 82.57300000 28.06300000 -9.69751187e+00
82.81800000 28.98400000 83.71800000 28.78100000 2.06385324e-01
83.60300000 27.76700000 83.82600000 27.45700000 9.45719323e-02
83.60300000 27.76700000 84.13000000 27.64800000 3.17002889e-03
83.60300000 27.76700000 83.41800000 27.50700000 1.04511514e-01
83.60300000 27.76700000 83.55400000 27.87400000 1.19978891e-01
83.60300000 27.76700000 83.97800000 28.19900000 -3.18237314e+00
83.74300000 28.80500000 83.89500000 29.17900000 -3.53548553e+00
83.74300000 28.80500000 83.93600000 28.26000000 -3.41721560e+00
83.74300000 28.80500000 84.41000000 28.37500000 -1.07636364e-01
83.82600000 27.45700000 84.13000000 27.64800000 7.73275652e-02
83.82600000 27.45700000 84.98499999 27.16600000 -3.70046686e-01
83.82600000 27.45700000 83.41800000 27.50700000 1.42942820e-01
83.93600000 28.26000000 84.41000000 28.37500000 -3.11828864e+00
83.93600000 28.26000000 83.55400000 27.87400000 -3.29639925e+00
83.93600000 28.26000000 83.71800000 28.78100000 -3.15445611e+00
84.13000000 27.64800000 84.26500000 27.97300000 -2.29991109e+00
84.13000000 27.64800000 84.98499999 27.16600000 1.01016343e+00
84.13000000 27.64800000 83.97800000 28.19900000 -3.29943443e-02
84.13000000 27.64800000 84.43000000 27.67800000 -1.17163137e+00
84.26500000 27.97300000 84.38000000 28.22900000 -3.50615463e+00
84.26500000 27.97300000 83.97800000 28.19900000 5.14288869e-01
84.26500000 27.97300000 84.43000000 27.67800000 4.28387336e-01
84.38000000 28.22900000 84.41000000 28.37500000 -1.03207214e+00
84.38000000 28.22900000 83.97800000 28.19900000 -2.64606576e+00
84.38000000 28.22900000 84.43000000 27.67800000 -2.83559322e+00
84.41000000 28.37500000 85.31399999 28.20700000 -7.58614128e-01
84.41000000 28.37500000 83.97800000 28.19900000 -3.92715356e+00
84.98499999 27.16600000 84.43000000 27.67800000 1.61447973e+00
84.98499999 27.16600000 85.92499999 26.71100000 -4.68336110e-01
85.10799999 27.60800000 85.27899999 27.80100000 -1.65312533e+00
85.10799999 27.60800000 85.28799999 27.68200000 -7.78634053e-01
85.10799999 27.60800000 84.43000000 27.67800000 -1.30570560e+00
85.27899999 27.80100000 85.52099999 27.69300000 2.35375472e-01
85.27899999 27.80100000 85.35799999 27.69700000 3.76807482e-01
85.28799999 27.68200000 85.35799999 27.69700000 -1.44582445e-01
85.52099999 27.69300000 85.87699999 27.91000000 -1.22427905e+00
85.52099999 27.69300000 85.35799999 27.69700000 -2.70304459e-01
86.54999999 27.30500000 86.59699999 26.99100000 -2.27695894e+00
86.54999999 27.30500000 85.92499999 26.71100000 -7.63939478e+00
86.54999999 27.30500000 86.72499999 27.68300000 5.58225388e-01
86.54999999 27.30500000 87.20599999 27.38000000 -8.83343877e-01
86.59699999 26.99100000 87.39199999 26.86600000 -8.15160525e-01
86.59699999 26.99100000 85.92499999 26.71100000 -1.56914339e+00
86.59699999 26.99100000 87.20599999 27.38000000 -2.84581646e+00
86.71199999 27.81400000 86.82299999 27.89400000 4.84056643e-02
87.39199999 26.86600000 87.70999999 27.35200000 -3.23100110e+00
87.39199999 26.86600000 88.18500000 26.88300000 -1.18722038e+00
87.39199999 26.86600000 88.35000000 26.71100000 -5.72283574e-01
87.39199999 26.86600000 85.92499999 26.71100000 -2.11785886e+00
87.39199999 26.86600000 87.20599999 27.38000000 -5.03062549e+00
87.70999999 27.35200000 88.40000000 26.98000000 -2.02719551e+00
87.70999999 27.35200000 88.18500000 26.88300000 -3.70413347e+00
87.70999999 27.35200000 86.92899999 27.97300000 -3.39221019e+00
87.70999999 27.35200000 87.20599999 27.38000000 -7.02346730e-01
87.70999999 27.35200000 88.50300000 27.08900000 4.58238697e-02
77.60000000 34.12800000 76.16200000 34.55900000 7.28698417e-02
88.40000000 26.98000000 88.18500000 26.88300000 1.85684567e-01
88.40000000 26.98000000 88.35000000 26.71100000 -2.73210779e+00
88.40000000 26.98000000 88.56900000 26.88900000 -3.51089787e-01
88.40000000 26.98000000 88.50300000 27.08900000 -2.61436615e+00
88.68000000 27.00000000 88.56900000 26.88900000 -1.84896191e+00
88.68000000 27.00000000 88.70200000 27.02400000 -7.78689736e-01
88.68000000 27.00000000 88.75300000 26.88100000 -1.62056733e+00
88.68000000 27.00000000 88.79100000 27.01000000 6.53087475e-02
88.68000000 27.00000000 88.50300000 27.08900000 -8.41389624e-01
88.18500000 26.88300000 88.35000000 26.71100000 -1.56511976e+00
88.35000000 26.71100000 88.56900000 26.88900000 -1.10983106e+00
88.35000000 26.71100000 88.73800000 26.75100000 -1.35901737e-01
88.35000000 26.71100000 85.92499999 26.71100000 1.07618549e+00
88.35000000 26.71100000 91.23700000 25.00000000 -2.24202803e+00
88.56900000 26.88900000 88.73800000 26.75100000 -8.32300809e-01
88.56900000 26.88900000 88.75300000 26.88100000 2.12855119e-01
88.56900000 26.88900000 88.50300000 27.08900000 -4.16530554e+00
88.70200000 27.02400000 88.79100000 27.01000000 3.34966201e-01
88.70200000 27.02400000 88.50300000 27.08900000 -2.59456410e-01
88.73800000 26.75100000 88.75300000 26.88100000 -1.20506857e+00
88.73800000 26.75100000 88.93600000 26.96500000 -2.81826580e+00
88.73800000 26.75100000 91.23700000 25.00000000 -8.65465797e-01
88.75300000 26.88100000 88.79100000 27.01000000 -3.29209986e+00
88.75300000 26.88100000 88.93600000 26.96500000 -1.07938922e+00
88.79100000 27.01000000 88.93600000 26.96500000 3.98867956e-01
77.17200000 28.54400000 79.08000000 29.23000000 -2.30957772e-01
79.21100000 30.48600000 79.55900000 30.53100000 9.95829249e-01
79.55900000 30.53100000 79.77000000 29.82000000 -7.75959201e+00
79.62000000 29.63800000 79.43000000 29.64000000 2.59015203e-01
79.62000000 29.63800000 79.65000000 29.59000000 1.23296905e-01
79.62000000 29.63800000 79.77000000 29.82000000 -2.03054735e+00
80.04100000 29.83800000 79.77000000 29.82000000 -2.53965432e-01
80.04100000 29.83800000 79.90000000 29.78000000 -8.99246343e-01
80.04100000 29.83800000 80.23000000 29.59000000 -1.23199631e+00
80.04100000 29.83800000 80.34000000 29.76000000 6.69858417e-03
82.57300000 28.06300000 83.55400000 27.87400000 3.57495622e-01
82.57300000 28.06300000 83.71800000 28.78100000 -5.87089002e+00
83.41800000 27.50700000 83.55400000 27.87400000 -3.34558507e-01
83.55400000 27.87400000 83.71800000 28.78100000 -6.39255830e+00
83.55400000 27.87400000 83.97800000 28.19900000 -3.13241814e+00
85.92499999 26.71100000 91.23700000 25.00000000 -3.06322395e-01
86.71499999 27.80300000 86.72499999 27.68300000 2.74735015e-01
86.71499999 27.80300000 86.82299999 27.89400000 4.94936224e-02
86.72499999 27.68300000 86.82299999 27.89400000 4.18087159e-01
86.72499999 27.68300000 87.20599999 27.38000000 -7.53670858e-01
86.82299999 27.89400000 86.92899999 27.97300000 -2.96235374e-01
86.82299999 27.89400000 87.20599999 27.38000000 -1.76535770e-01
86.82699999 28.19400000 86.92899999 27.97300000 -3.98228643e-01
86.92899999 27.97300000 87.20599999 27.38000000 -2.12938182e-01
79.08000000 29.23000000 79.43000000 29.64000000 2.40057307e-01
79.08000000 29.23000000 79.51000001 29.21000000 -2.84014992e-04
79.43000000 29.64000000 79.51000001 29.21000000 6.21668853e-01
79.43000000 29.64000000 79.65000000 29.59000000 4.07652516e-01
79.43000000 29.64000000 79.77000000 29.82000000 -1.32068871e+00
79.51000001 29.21000000 79.65000000 29.59000000 -4.72984784e-01
79.51000001 29.21000000 80.09000000 29.33000000 -8.46899024e-01
79.51000001 29.21000000 80.18000000 29.10000000 6.28123032e-01
79.65000000 29.59000000 79.77000000 29.82000000 -2.15911876e+00
79.65000000 29.59000000 79.90000000 29.78000000 -1.72908938e+00
79.65000000 29.59000000 80.09000000 29.33000000 -8.69710050e-02
79.77000000 29.82000000 79.90000000 29.78000000 8.56694733e-02
79.90000000 29.78000000 80.09000000 29.33000000 -1.41600015e+00
79.90000000 29.78000000 80.23000000 29.59000000 -3.42559177e-02
80.09000000 29.33000000 80.18000000 29.10000000 9.14599244e-02
80.09000000 29.33000000 80.23000000 29.59000000 -1.36926748e+00
80.23000000 29.59000000 80.34000000 29.76000000 -2.61592847e+00
80.34000000 29.76000000 80.56000000 29.86000000 -1.86077767e+00
73.24900000 34.42000000 73.39100000 33.89500000 -3.95633094e-02
73.24900000 34.42000000 73.65300000 33.97800000 -4.52217516e-02
73.24900000 34.42000000 73.93500000 33.93000000 -5.17501991e-02
73.24900000 34.42000000 74.48400000 34.09500000 -3.42529949e-01
73.24900000 34.42000000 74.97400000 34.35300000 2.22287908e-01
73.39100000 33.89500000 73.65300000 33.97800000 4.15157657e-03
73.39100000 33.89500000 73.75200000 33.87100000 -4.96483439e-03
73.39100000 33.89500000 74.34700000 33.39500000 4.56439506e-01
73.65300000 33.97800000 73.75200000 33.87100000 -1.49483322e-02
73.65300000 33.97800000 73.93500000 33.93000000 -3.94322857e-03
73.75200000 33.87100000 73.93500000 33.93000000 3.12879971e-03
73.75200000 33.87100000 74.34700000 33.39500000 5.54937314e-01
73.93500000 33.93000000 74.34700000 33.39500000 6.20661016e-01
73.93500000 33.93000000 74.48400000 34.09500000 1.72672257e-01
73.93500000 33.93000000 74.59300000 33.99300000 -1.08567075e-01
74.34700000 33.39500000 74.59300000 33.99300000 1.78443389e+00
74.34700000 33.39500000 75.03700000 33.59500000 4.19973206e-01
74.48400000 34.09500000 74.59300000 33.99300000 -6.03365363e-01
74.48400000 34.09500000 74.81700000 34.10900000 1.67663962e-01
74.48400000 34.09500000 74.83700000 34.13000000 1.85809088e-01
74.48400000 34.09500000 74.97400000 34.35300000 -4.66222788e-02
74.59300000 33.99300000 74.81700000 34.10900000 -6.09402858e-02
74.59300000 33.99300000 75.03700000 33.59500000 1.34984417e+00
74.81700000 34.10900000 74.83700000 34.13000000 -6.18268208e-02
74.81700000 34.10900000 74.88900000 34.12000000 4.06397444e-02
74.81700000 34.10900000 75.03700000 33.59500000 6.59778408e-01
74.83700000 34.13000000 74.88900000 34.12000000 7.46585686e-02
74.83700000 34.13000000 74.97400000 34.35300000 -3.59705399e-01
74.83700000 34.13000000 75.04500000 34.22700000 -1.35080751e-01
74.88900000 34.12000000 75.03700000 33.59500000 4.15698241e-01
74.88900000 34.12000000 75.04500000 34.22700000 -1.72628493e-01
74.88900000 34.12000000 75.27200000 34.10000000 -1.10384762e-02
74.97400000 34.35300000 75.04500000 34.22700000 -2.82019637e-02
74.97400000 34.35300000 75.32500000 34.29200000 -5.73592798e-02
74.97400000 34.35300000 75.76900000 34.42400000 -1.67210351e-01
75.03700000 33.59500000 75.27200000 34.10000000 -1.35958434e-01
75.04500000 34.22700000 75.27200000 34.10000000 -1.52771847e-03
75.04500000 34.22700000 75.32500000 34.29200000 -9.82287720e-02
75.27200000 34.10000000 75.32500000 34.29200000 -1.54794675e-02
75.27200000 34.10000000 75.76900000 34.42400000 -6.97196004e-02
75.32500000 34.29200000 75.76900000 34.42400000 -7.46608709e-02
75.76900000 34.42400000 76.16200000 34.55900000 -3.95513984e-02
