79.09800000 31.88700000 79.81400000 31.49800000 1.65008587e-01
79.09800000 31.88700000 80.29300000 31.71100000 -1.77458855e-01
79.09800000 31.88700000 77.92100000 32.36400000 -3.40964721e-01
79.09800000 31.88700000 78.75400000 31.03700000 -3.25358972e+00
79.09800000 31.88700000 78.97300000 32.77900000 -1.02887763e+00
79.09800000 31.88700000 78.67600000 30.99700000 -3.53090420e+00
79.81400000 31.49800000 80.29300000 31.71100000 -4.35010041e-01
79.81400000 31.49800000 80.42900000 30.96100000 -1.73263882e-01
79.81400000 31.49800000 78.75400000 31.03700000 -2.30930214e+00
79.81400000 31.49800000 79.49300000 30.74300000 -2.33952325e+00
80.29300000 31.71100000 80.42900000 30.96100000 -4.71329303e-01
80.29300000 31.71100000 81.42800000 30.83700000 7.32375653e-02
80.29300000 31.71100000 78.97300000 32.77900000 -1.24140658e-02
80.42900000 30.96100000 81.17600000 30.29000000 8.86490594e-02
80.42900000 30.96100000 81.42800000 30.83700000 2.93058790e-01
80.42900000 30.96100000 79.49300000 30.74300000 -1.39203444e+00
80.42900000 30.96100000 80.24000000 30.06000000 -6.27312158e+00
80.42900000 30.96100000 79.55900000 30.53100000 -3.67807322e+00
81.17600000 30.29000000 81.42800000 30.83700000 -1.08303000e+00
81.17600000 30.29000000 81.85600000 30.71600000 -1.21245988e+00
81.17600000 30.29000000 80.24000000 30.06000000 -2.48225383e+00
81.17600000 30.29000000 81.20100000 29.47400000 -5.31083400e+00
81.17600000 30.29000000 81.80700000 29.96900000 4.30059608e-01
81.17600000 30.29000000 80.56000000 29.86000000 -5.06437113e+00
81.42800000 30.83700000 81.85600000 30.71600000 1.66523883e-01
81.85600000 30.71600000 82.83200000 30.38900000 2.86069774e-02
81.85600000 30.71600000 81.80700000 29.96900000 -1.04168986e-01
82.83200000 30.38900000 83.24000000 29.80000000 -4.09877546e-01
82.83200000 30.38900000 84.03900000 29.72100000 -1.34982836e+00
82.83200000 30.38900000 81.80700000 29.96900000 -1.02315512e+00
82.83200000 30.38900000 82.19300000 29.27800000 -3.72220772e+00
82.83200000 30.38900000 85.74100000 29.59100000 -2.24468008e-01
83.24000000 29.80000000 84.03900000 29.72100000 4.87023085e-01
83.24000000 29.80000000 84.04300000 29.53400000 5.72041411e-02
83.24000000 29.80000000 82.19300000 29.27800000 -2.49653057e+00
83.24000000 29.80000000 82.81800000 28.98400000 -3.39075179e+00
83.24000000 29.80000000 83.89500000 29.17900000 -1.90876739e+00
84.03900000 29.72100000 84.15600000 29.68000000 1.01371971e-01
84.03900000 29.72100000 84.04300000 29.53400000 -7.03376027e-01
84.03900000 29.72100000 85.74100000 29.59100000 1.74522721e-01
84.15600000 29.68000000 84.04300000 29.53400000 -5.97310259e-01
84.15600000 29.68000000 85.21000000 29.44000000 6.91043230e-01
84.15600000 29.68000000 85.74100000 29.59100000 -4.19270644e-02
85.44200000 28.95900000 85.64000000 29.44100000 -7.61024278e-01
85.44200000 28.95900000 86.38699999 28.68700000 -7.83964716e-01
85.44200000 28.95900000 85.21000000 29.44000000 2.80372526e-01
85.44200000 28.95900000 86.01999999 28.30000000 -1.15141732e-01
85.44200000 28.95900000 84.41000000 28.37500000 -3.02114112e+00
85.44200000 28.95900000 85.31399999 28.20700000 -3.25789092e+00
85.64000000 29.44100000 86.38699999 28.68700000 -9.86031390e-01
85.64000000 29.44100000 85.21000000 29.44000000 -4.10486145e-01
85.64000000 29.44100000 85.74100000 29.59100000 -3.27899582e-02
85.97499999 28.14900000 85.32899999 28.17100000 5.67424653e-01
85.97499999 28.14900000 86.01999999 28.29000000 -8.20626014e-01
85.97499999 28.14900000 86.01999999 28.30000000 -8.60281255e-01
85.97499999 28.14900000 86.22999999 27.63500000 -2.99775610e+00
85.97499999 28.14900000 86.81299999 27.95800000 -2.30029843e-01
85.97499999 28.14900000 85.31399999 28.20700000 6.91082418e-01
85.97499999 28.14900000 85.87699999 27.91000000 -2.41580596e+00
85.97499999 28.14900000 86.71199999 27.81400000 -1.69019295e-01
85.97499999 28.14900000 86.82699999 28.19400000 -2.29391441e-01
86.38699999 28.68700000 86.96699999 28.39200000 -8.95811042e-01
86.38699999 28.68700000 87.05999999 28.58700000 -6.31806678e-01
86.38699999 28.68700000 87.08600000 29.32000000 -2.17307273e-01
86.38699999 28.68700000 86.93999999 28.35700000 -9.24383741e-01
86.38699999 28.68700000 86.01999999 28.30000000 -1.16321574e+00
86.38699999 28.68700000 86.82699999 28.19400000 -1.01516514e+00
86.38699999 28.68700000 85.74100000 29.59100000 -9.09293888e-01
86.94099999 28.35700000 86.82699999 28.19400000 -8.23850132e-02
86.94099999 28.35700000 86.92899999 27.97300000 -4.36074696e-01
86.96699999 28.39200000 87.05999999 28.58700000 -1.88687521e-01
86.96699999 28.39200000 87.76900000 28.53800000 -3.40016128e-01
86.96699999 28.39200000 86.92899999 27.97300000 -4.37154052e-01
86.96699999 28.39200000 87.15499999 28.63000000 -2.01906644e-01
87.05999999 28.58700000 87.08600000 29.32000000 -1.10749236e+00
87.05999999 28.58700000 87.15499999 28.63000000 -3.89476398e-02
87.08600000 29.32000000 85.74100000 29.59100000 -9.94646323e-01
87.18400000 29.26900000 87.57700000 29.11800000 -1.97704256e-01
87.18400000 29.26900000 87.15499999 28.63000000 -1.01967134e+00
87.76900000 28.53800000 88.56000000 28.24400000 -2.19699801e+00
87.76900000 28.53800000 88.86500000 29.24900000 -6.80376780e-01
87.76900000 28.53800000 87.57700000 29.11800000 -1.52003881e+00
87.76900000 28.53800000 87.70999999 27.35200000 -6.44830245e+00
87.76900000 28.53800000 86.92899999 27.97300000 -1.98670783e-01
87.76900000 28.53800000 87.15499999 28.63000000 -4.32171310e-01
87.76900000 28.53800000 88.86400000 29.25000000 -6.82531182e-01
88.56000000 28.24400000 88.86500000 29.24900000 -4.20507926e+00
88.56000000 28.24400000 89.15400000 27.72100000 -1.39700621e+00
88.56000000 28.24400000 89.30500000 27.93100000 8.65819392e-01
88.56000000 28.24400000 89.55600000 28.91100000 -1.07219742e+00
88.56000000 28.24400000 89.62700000 28.31500000 2.31490446e+00
88.56000000 28.24400000 88.56900000 27.36500000 -6.32857076e+00
88.56000000 28.24400000 88.91000000 27.49000000 -4.06757003e+00
88.56000000 28.24400000 87.70999999 27.35200000 -5.11667555e+00
88.86500000 29.24900000 89.55600000 28.91100000 -9.55458693e-01
88.86500000 29.24900000 90.15400000 29.44400000 3.20583712e-01
88.86500000 29.24900000 89.57300000 28.91400000 -9.29815782e-01
88.90600000 27.43700000 89.15400000 27.72100000 -1.48571377e+00
88.90600000 27.43700000 88.56900000 27.36500000 -7.27067616e-01
88.90600000 27.43700000 89.39200000 26.84900000 4.09621564e-01
88.90600000 27.43700000 89.63500000 27.47200000 -1.79309875e+00
88.90600000 27.43700000 88.70200000 27.02400000 -2.98551475e+00
88.90600000 27.43700000 88.79100000 27.01000000 -3.15889413e+00
88.90600000 27.43700000 88.93600000 26.96500000 -2.87198762e+00
89.15400000 27.72100000 89.30500000 27.93100000 -1.59152210e+00
89.15400000 27.72100000 88.91000000 27.49000000 -1.26482872e+00
89.15400000 27.72100000 89.63500000 27.47200000 -4.60800458e-01
89.30500000 27.93100000 89.62700000 28.31500000 -2.08729093e+00
89.30500000 27.93100000 89.63500000 27.47200000 -1.16594100e+00
89.55600000 28.91100000 89.62700000 28.31500000 -2.70600629e+00
89.55600000 28.91100000 89.91100000 28.61900000 -5.70891357e-01
89.62700000 28.31500000 89.91100000 28.61900000 -1.59069248e+00
89.62700000 28.31500000 90.55800000 28.41900000 -1.08256885e+00
89.62700000 28.31500000 89.63500000 27.47200000 -3.50455031e+00
89.91100000 28.61900000 90.10700000 28.93200000 -1.47994695e+00
89.91100000 28.61900000 90.55800000 28.41900000 3.38324682e-02
89.91100000 28.61900000 89.57300000 28.91400000 -6.19711158e-01
90.10700000 28.93200000 90.15400000 29.44400000 -1.80980890e+00
90.10700000 28.93200000 90.26700000 29.32400000 -1.39943626e+00
90.10700000 28.93200000 90.55800000 28.41900000 -8.59277679e-01
90.10700000 28.93200000 90.95900000 29.27800000 -5.49484383e-01
90.10700000 28.93200000 89.57300000 28.91400000 3.17061613e-01
90.15400000 29.44400000 90.26700000 29.32400000 -1.72426625e-01
90.15400000 29.44400000 78.70400000 33.19100000 -9.13222670e-01
90.15400000 29.44400000 89.57300000 28.91400000 -1.01064343e+00
90.15400000 29.44400000 85.74100000 29.59100000 1.04412816e-01
90.26700000 29.32400000 90.95900000 29.27800000 3.00515374e-01
90.55800000 28.41900000 91.88900000 28.96000000 -1.49701808e+00
90.55800000 28.41900000 91.91000000 27.97100000 5.93255731e-01
90.55800000 28.41900000 89.63500000 27.47200000 -3.82038123e+00
90.55800000 28.41900000 90.95900000 29.27800000 -3.21940359e+00
91.88900000 28.96000000 91.91000000 27.97100000 -2.05078146e+00
91.88900000 28.96000000 92.39900000 28.42200000 4.43096044e-01
91.88900000 28.96000000 93.07300000 29.04400000 -1.67635831e-01
91.88900000 28.96000000 92.43900000 28.43200000 5.61026702e-01
91.88900000 28.96000000 90.95900000 29.27800000 3.82049661e-01
91.91000000 27.97100000 92.39900000 28.42200000 -1.55426757e+00
91.91000000 27.97100000 92.41500000 27.27000000 -5.17194173e+00
91.91000000 27.97100000 89.63500000 27.47200000 -1.88514738e+00
92.39900000 28.42200000 92.41500000 27.27000000 -8.10686216e+00
93.07300000 29.04400000 92.43900000 28.43200000 -1.51315494e+00
93.07300000 29.04400000 92.41500000 27.27000000 -9.33952356e+00
93.07300000 29.04400000 90.95900000 29.27800000 6.49521313e-01
83.95300000 29.17800000 84.04300000 29.53400000 -1.24389245e+00
83.95300000 29.17800000 85.21000000 29.44000000 -1.03865207e+00
83.95300000 29.17800000 83.74300000 28.80500000 -1.88796318e+00
83.95300000 29.17800000 84.41000000 28.37500000 -3.82711154e+00
84.04300000 29.53400000 85.21000000 29.44000000 2.75879849e-01
84.04300000 29.53400000 83.89500000 29.17900000 -1.21293067e+00
86.93999999 28.35700000 86.82699999 28.19400000 -8.23262984e-02
75.36300000 32.56500000 75.88100000 32.30400000 -5.44248906e-01
75.36300000 32.56500000 75.93800000 31.47900000 -5.81346209e-01
75.36300000 32.56500000 75.99300000 32.53600000 -8.93851110e-01
75.36300000 32.56500000 74.34700000 33.39500000 -6.14171918e-01
75.36300000 32.56500000 75.03700000 33.59500000 -1.58491149e+00
75.88100000 32.30400000 75.93800000 31.47900000 1.75635960e-01
75.88100000 32.30400000 75.99300000 32.53600000 -1.35167160e+00
75.88100000 32.30400000 76.29400000 31.89700000 -2.91993717e-01
75.88100000 32.30400000 76.30700000 32.24800000 -1.94443266e-01
75.93800000 31.47900000 76.29400000 31.89700000 2.50628670e+00
75.93800000 31.47900000 76.30700000 31.53800000 1.63943153e+00
75.93800000 31.47900000 77.12600000 28.48200000 5.20674648e-02
75.93800000 31.47900000 77.63000000 30.27600000 -3.34130229e+00
75.93800000 31.47900000 77.17200000 28.54400000 8.25036882e-02
75.93800000 31.47900000 73.39100000 33.89500000 8.20206484e-01
75.93800000 31.47900000 74.34700000 33.39500000 -1.83910902e+00
75.99300000 32.53600000 76.30700000 32.24800000 -5.47440974e-01
75.99300000 32.53600000 76.68900000 32.69800000 -1.07836971e+00
75.99300000 32.53600000 75.03700000 33.59500000 -1.04432777e+00
76.29400000 31.89700000 76.30700000 31.53800000 2.22790721e-01
76.29400000 31.89700000 76.30700000 32.24800000 -1.73663669e+00
76.29400000 31.89700000 76.67300000 31.91900000 -4.90209719e-01
76.30700000 31.53800000 76.67300000 31.91900000 -3.93120765e-02
76.30700000 31.53800000 76.81500000 31.63400000 -5.46586627e-01
76.30700000 31.53800000 77.63000000 30.27600000 -3.13361072e+00
76.30700000 32.24800000 76.67300000 31.91900000 -2.57122521e-01
76.30700000 32.24800000 76.68900000 32.69800000 -2.68492888e+00
76.30700000 32.24800000 77.19200000 32.31700000 -1.41004074e+00
76.67300000 31.91900000 76.81500000 31.63400000 -6.73462302e-01
76.67300000 31.91900000 77.10800000 32.06700000 -3.22684261e+00
76.67300000 31.91900000 77.19200000 32.31700000 -4.44972190e+00
76.68900000 32.69800000 77.17500000 32.63400000 -4.94113582e-02
76.68900000 32.69800000 77.19200000 32.31700000 7.92634633e-02
76.68900000 32.69800000 77.42500000 32.79800000 -5.33801515e-01
76.68900000 32.69800000 77.60000000 34.12800000 -2.52949006e+00
76.68900000 32.69800000 75.03700000 33.59500000 -6.86112041e-01
76.68900000 32.69800000 75.27200000 34.10000000 -9.08657051e-01
76.68900000 32.69800000 75.76900000 34.42400000 -1.53626868e+00
76.68900000 32.69800000 76.16200000 34.55900000 -1.94999779e+00
76.81500000 31.63400000 77.10800000 32.06700000 -4.15405450e+00
76.81500000 31.63400000 77.63000000 30.27600000 -1.74860063e+00
76.81500000 31.63400000 78.02100000 30.45900000 -4.45010457e+00
76.81500000 31.63400000 78.67600000 30.99700000 -2.76321574e+00
77.10800000 32.06700000 77.19200000 32.31700000 -6.25839679e-01
77.10800000 32.06700000 77.92100000 32.36400000 -1.79257971e+00
77.10800000 32.06700000 78.67600000 30.99700000 -2.68220648e+00
77.12600000 28.48200000 78.60800001 25.45200000 -7.42896718e-02
77.12600000 28.48200000 79.08000000 29.23000000 -6.10633205e-01
77.12600000 28.48200000 73.39100000 33.89500000 2.52497745e-01
77.17500000 32.63400000 77.19200000 32.31700000 -4.80832943e-01
77.17500000 32.63400000 77.42500000 32.79800000 -5.81642870e-01
77.19200000 32.31700000 77.42500000 32.79800000 -1.23410433e+00
77.19200000 32.31700000 77.92100000 32.36400000 -9.03746318e-01
77.42500000 32.79800000 77.80800000 33.97200000 -1.60048213e+00
77.42500000 32.79800000 77.92100000 32.36400000 -1.02436199e-01
77.42500000 32.79800000 78.66000000 33.20900000 -1.00043948e+00
77.42500000 32.79800000 77.60000000 34.12800000 -1.57870487e+00
77.63000000 30.27600000 77.86000000 30.32900000 2.16138631e+00
77.63000000 30.27600000 77.86800000 30.14700000 -2.36099750e+00
77.63000000 30.27600000 78.02100000 30.45900000 1.76789998e+00
77.63000000 30.27600000 77.17200000 28.54400000 1.53877544e+00
77.80800000 33.97200000 78.66000000 33.20900000 -8.91464375e-02
77.86000000 30.32900000 77.86800000 30.14700000 1.50653701e+00
77.86000000 30.32900000 77.97400000 30.28500000 -5.25945134e-01
77.86000000 30.32900000 78.01400000 30.32900000 -3.13721408e-01
77.86000000 30.32900000 78.02100000 30.45900000 -1.99282979e+00
77.86800000 30.14700000 77.97400000 30.28500000 2.31546237e+00
77.86800000 30.14700000 77.97900000 30.09500000 -1.16171397e+00
77.92100000 32.36400000 78.66000000 33.20900000 -1.37391322e+00
77.92100000 32.36400000 78.97300000 32.77900000 -8.75314487e-01
77.92100000 32.36400000 78.67600000 30.99700000 -3.47488799e+00
77.97400000 30.28500000 77.97900000 30.09500000 -4.11800484e-01
77.97400000 30.28500000 78.01400000 30.32900000 -3.70637830e-01
77.97400000 30.28500000 78.18700000 30.19100000 -8.92598864e-01
77.97900000 30.09500000 78.18700000 30.19100000 1.99670882e-01
77.97900000 30.09500000 78.68000000 29.84800000 -9.29819200e-01
77.97900000 30.09500000 77.17200000 28.54400000 2.77877895e+00
78.01400000 30.32900000 78.02100000 30.45900000 -2.75450338e+00
78.01400000 30.32900000 78.11500000 30.45200000 -2.37237736e+00
78.01400000 30.32900000 78.15500000 30.34200000 -3.57982060e-01
78.01400000 30.32900000 78.18700000 30.19100000 -1.20866018e+00
78.02100000 30.45900000 78.11500000 30.45200000 -2.29978420e-01
78.02100000 30.45900000 78.67600000 30.99700000 -5.44996524e+00
78.11500000 30.45200000 78.15500000 30.34200000 -2.29205753e+00
78.11500000 30.45200000 78.61700000 30.80600000 -3.97048617e+00
78.11500000 30.45200000 78.36500000 30.40400000 -9.43499956e-01
78.15500000 30.34200000 78.18700000 30.19100000 -1.45263405e+00
78.15500000 30.34200000 78.36800000 30.39400000 -1.24057761e+00
78.15500000 30.34200000 78.36500000 30.40400000 -1.33815861e+00
78.18700000 30.19100000 78.36800000 30.39400000 -2.76498371e+00
78.18700000 30.19100000 78.68000000 29.84800000 -8.17853934e-01
78.36800000 30.39400000 78.61700000 30.80600000 -5.07801050e+00
78.36800000 30.39400000 78.68000000 29.84800000 -3.09221492e+00
78.36800000 30.39400000 79.09000000 30.29800000 -1.01307561e+00
78.60800001 25.45200000 80.94300001 26.89100000 -2.74997898e-01
78.60800001 25.45200000 85.92499999 26.71100000 -3.47227484e-01
78.60800001 25.45200000 79.08000000 29.23000000 -1.15146888e+00
78.60800001 25.45200000 91.23700000 25.00000000 1.85818336e-01
78.61700000 30.80600000 78.75400000 31.03700000 -1.94742824e+00
78.61700000 30.80600000 79.09000000 30.29800000 -3.37747008e+00
78.61700000 30.80600000 78.36500000 30.40400000 -4.93355103e+00
78.61700000 30.80600000 78.67600000 30.99700000 -1.77149772e+00
78.61700000 30.80600000 79.21100000 30.48600000 -1.52116193e+00
78.66000000 33.20900000 78.97300000 32.77900000 -1.68530607e-01
78.68000000 29.84800000 79.09000000 30.29800000 -4.74213684e+00
78.68000000 29.84800000 77.17200000 28.54400000 -1.14716374e-01
78.68000000 29.84800000 79.08000000 29.23000000 -1.40922125e+00
78.68000000 29.84800000 79.43000000 29.64000000 2.98399689e-02
78.75400000 31.03700000 79.49300000 30.74300000 4.59663377e-01
78.75400000 31.03700000 78.67600000 30.99700000 -1.24082668e-01
78.75400000 31.03700000 79.21100000 30.48600000 -3.18053884e+00
79.09000000 30.29800000 79.19400000 30.32900000 -8.28646729e-01
79.09000000 30.29800000 79.21100000 30.48600000 -3.53318105e+00
79.09000000 30.29800000 79.43000000 29.64000000 -3.81889962e+00
79.19400000 30.32900000 79.21100000 30.48600000 -2.26441535e+00
79.19400000 30.32900000 79.55900000 30.53100000 -1.44832621e+00
79.19400000 30.32900000 79.43000000 29.64000000 -5.29206089e+00
79.19400000 30.32900000 79.77000000 29.82000000 -2.10312773e+00
79.49300000 30.74300000 79.21100000 30.48600000 -2.56776389e+00
79.49300000 30.74300000 79.55900000 30.53100000 -2.56206097e+00
80.24000000 30.06000000 79.55900000 30.53100000 -2.45514854e-01
80.24000000 30.06000000 80.04100000 29.83800000 -4.81259451e+00
80.24000000 30.06000000 79.77000000 29.82000000 -4.17960530e+00
80.24000000 30.06000000 80.34000000 29.76000000 -4.99013543e+00
80.24000000 30.06000000 80.56000000 29.86000000 -5.07027554e-01
80.94300001 26.89100000 80.14800001 28.96300000 -7.75871210e-01
80.94300001 26.89100000 81.11600000 28.61300000 9.87638106e-02
80.94300001 26.89100000 81.57500000 28.13400000 -7.81944028e-01
80.94300001 26.89100000 82.09500000 28.01000000 6.63327601e-01
80.94300001 26.89100000 82.54000000 27.78600000 -8.79062112e-01
80.94300001 26.89100000 80.58200000 28.75400000 3.08167517e+00
80.94300001 26.89100000 81.61500000 28.04900000 -6.81109573e-01
80.94300001 26.89100000 85.92499999 26.71100000 4.64320749e-02
80.94300001 26.89100000 79.08000000 29.23000000 -4.86260055e-01
88.56900000 27.36500000 88.91000000 27.49000000 -8.85165633e-01
88.56900000 27.36500000 87.70999999 27.35200000 -8.29911477e-01
88.56900000 27.36500000 88.70200000 27.02400000 -2.15472932e+00
88.56900000 27.36500000 88.50300000 27.08900000 -1.55892072e+00
89.39200000 26.84900000 92.41500000 27.27000000 -2.66157898e+00
89.39200000 26.84900000 89.63500000 27.47200000 -1.57120412e+00
89.39200000 26.84900000 88.73800000 26.75100000 -2.64195901e+00
89.39200000 26.84900000 88.93600000 26.96500000 3.18651461e-01
89.39200000 26.84900000 91.23700000 25.00000000 -1.41589724e+00
92.43900000 28.43200000 92.41500000 27.27000000 -8.22026679e+00
80.14800001 28.96300000 80.63600000 29.01200000 -1.14557899e+00
80.14800001 28.96300000 80.58200000 28.75400000 -8.61894705e-01
80.14800001 28.96300000 79.08000000 29.23000000 -3.14813353e-01
80.14800001 28.96300000 79.51000001 29.21000000 -2.58706257e-01
80.14800001 28.96300000 80.18000000 29.10000000 -7.85886360e-01
80.60200000 29.33400000 80.72100000 29.52700000 -3.32964394e+00
80.60200000 29.33400000 80.50100000 29.73400000 -4.09084726e+00
80.60200000 29.33400000 80.62600000 29.17700000 -1.00241390e+00
80.60200000 29.33400000 81.20100000 29.47400000 -3.57325611e+00
80.60200000 29.33400000 80.09000000 29.33000000 -1.03979237e+00
80.60200000 29.33400000 80.18000000 29.10000000 -1.76897517e+00
80.60200000 29.33400000 80.23000000 29.59000000 -2.68011876e-01
80.63600000 29.01200000 81.11600000 28.61300000 2.03537293e+00
80.63600000 29.01200000 81.35300000 28.82400000 -1.17026834e+00
80.63600000 29.01200000 80.58200000 28.75400000 1.16204650e+00
80.63600000 29.01200000 80.62600000 29.17700000 -5.56907223e-01
80.63600000 29.01200000 81.20100000 29.47400000 -8.61615084e+00
80.63600000 29.01200000 80.18000000 29.10000000 -1.23524239e+00
80.72100000 29.52700000 80.50100000 29.73400000 -8.92749388e-01
80.72100000 29.52700000 81.20100000 29.47400000 5.92004483e-01
80.72100000 29.52700000 80.56000000 29.86000000 -4.19311780e+00
81.11600000 28.61300000 81.35300000 28.82400000 -9.15000906e-01
81.11600000 28.61300000 81.57500000 28.13400000 -1.03584464e+00
81.11600000 28.61300000 81.63400000 28.58300000 -7.04658651e-01
81.11600000 28.61300000 81.69100000 28.40700000 -4.44082069e-01
81.11600000 28.61300000 80.58200000 28.75400000 -2.50005533e+00
81.35300000 28.82400000 81.63400000 28.58300000 -3.03954812e-01
81.35300000 28.82400000 81.63500000 28.58600000 -2.92079055e-01
81.35300000 28.82400000 81.20100000 29.47400000 -4.47301937e+00
81.35300000 28.82400000 81.71400000 28.65600000 -5.95808377e-02
81.35300000 28.82400000 82.19300000 29.27800000 -4.93625785e+00
81.57500000 28.13400000 81.69100000 28.40700000 -2.48157995e-01
81.63400000 28.58300000 81.69100000 28.40700000 -1.73331528e-01
81.63400000 28.58300000 81.71400000 28.65600000 -4.51584939e-01
81.63500000 28.58600000 81.71400000 28.65600000 -4.35844916e-01
81.69100000 28.40700000 82.09500000 28.01000000 2.93567625e-01
81.69100000 28.40700000 82.34700000 28.24900000 8.76594794e-01
81.69100000 28.40700000 81.59500000 28.11700000 -3.80761046e-01
81.69100000 28.40700000 81.71400000 28.65600000 -8.11023873e-01
82.09500000 28.01000000 82.24700000 28.03000000 8.61865057e-01
82.09500000 28.01000000 82.34700000 28.24900000 -3.08554614e-02
82.09500000 28.01000000 82.54000000 27.78600000 8.65754005e-01
82.09500000 28.01000000 81.59500000 28.11700000 1.21107097e+00
82.09500000 28.01000000 81.61500000 28.04900000 1.08552186e+00
82.24700000 28.03000000 82.34700000 28.24900000 -1.64481745e-01
82.24700000 28.03000000 82.54000000 27.78600000 -1.32103620e-01
82.24700000 28.03000000 82.49100000 27.95100000 -2.20385288e-01
82.24700000 28.03000000 82.57300000 28.06300000 -5.62552920e-01
82.34700000 28.24900000 81.71400000 28.65600000 5.70734456e-01
82.34700000 28.24900000 82.81800000 28.98400000 -9.11542371e+00
82.34700000 28.24900000 82.57300000 28.06300000 -2.72247648e-01
82.50400000 27.95100000 82.54000000 27.78600000 -9.63385274e-01
82.50400000 27.95100000 82.57300000 28.06300000 4.25152866e-01
82.54000000 27.78600000 82.78500000 27.56800000 -5.63237150e-02
82.54000000 27.78600000 82.49100000 27.95100000 -8.45314847e-01
82.54000000 27.78600000 82.57300000 28.06300000 -5.08138854e-01
82.78500000 27.56800000 82.57300000 28.06300000 -6.44819263e-01
82.78500000 27.56800000 83.41800000 27.50700000 1.08718893e-02
82.78500000 27.56800000 83.55400000 27.87400000 -2.11934485e-01
85.00799999 27.31600000 85.39799999 27.57500000 -6.52766878e-01
85.00799999 27.31600000 84.98499999 27.16600000 6.73627036e-01
85.00799999 27.31600000 85.10799999 27.60800000 -7.80990521e-01
85.00799999 27.31600000 84.43000000 27.67800000 1.40012626e+00
85.21000000 29.44000000 84.41000000 28.37500000 -5.03530503e+00
85.21000000 29.44000000 85.74100000 29.59100000 -8.27335192e-01
85.22199999 28.01500000 85.32899999 28.17100000 -1.20842917e+00
85.22199999 28.01500000 84.38000000 28.22900000 8.26937121e-01
85.22199999 28.01500000 84.41000000 28.37500000 8.32795121e-01
85.22199999 28.01500000 85.10799999 27.60800000 -3.58677679e+00
85.22199999 28.01500000 85.27899999 27.80100000 -2.41728222e+00
85.22199999 28.01500000 85.31399999 28.20700000 -1.47467600e+00
85.22199999 28.01500000 84.43000000 27.67800000 -4.97643296e+00
85.27999999 27.69300000 85.10799999 27.60800000 -1.25080293e-01
85.27999999 27.69300000 85.27899999 27.80100000 -7.90849464e-01
85.27999999 27.69300000 85.28799999 27.68200000 -3.81477857e-02
85.27999999 27.69300000 85.35799999 27.69700000 -2.69193636e-02
85.32899999 28.17100000 85.27899999 27.80100000 -3.98092658e+00
85.32899999 28.17100000 85.52099999 27.69300000 -4.42448360e+00
85.32899999 28.17100000 85.87699999 27.91000000 -1.29214416e+00
85.39799999 27.57500000 85.79399999 27.74500000 -1.78910542e+00
85.39799999 27.57500000 84.98499999 27.16600000 -3.65468470e-01
85.39799999 27.57500000 85.10799999 27.60800000 -1.08102046e-01
85.39799999 27.57500000 85.28799999 27.68200000 -3.43585283e-01
85.39799999 27.57500000 85.52099999 27.69300000 -4.21138638e-01
85.39799999 27.57500000 85.35799999 27.69700000 -4.12076002e-01
85.39799999 27.57500000 85.92499999 26.71100000 -1.23374111e+00
85.79399999 27.74500000 86.22999999 27.63500000 8.39546215e-01
85.79399999 27.74500000 85.52099999 27.69300000 -1.18764460e+00
85.79399999 27.74500000 85.87699999 27.91000000 -1.75228442e+00
85.79399999 27.74500000 85.92499999 26.71100000 -5.23578505e+00
86.01999999 28.29000000 86.82699999 28.19400000 -1.36610349e+00
86.01999999 28.30000000 85.31399999 28.20700000 1.18772814e+00
86.01999999 28.30000000 86.82699999 28.19400000 -1.42971672e+00
86.22999999 27.63500000 85.87699999 27.91000000 3.67904548e-01
86.22999999 27.63500000 86.54999999 27.30500000 5.97848463e-01
86.22999999 27.63500000 86.71199999 27.81400000 -2.78748220e-01
86.22999999 27.63500000 85.92499999 26.71100000 -6.95453077e+00
86.22999999 27.63500000 86.71499999 27.80300000 -2.09955266e-01
86.22999999 27.63500000 86.72499999 27.68300000 5.06459850e-01
86.81299999 27.95800000 86.71199999 27.81400000 -9.53365844e-02
86.81299999 27.95800000 86.82299999 27.89400000 -1.11747368e-01
86.81299999 27.95800000 86.82699999 28.19400000 -2.54252273e-01
86.81299999 27.95800000 86.92899999 27.97300000 -1.43275032e-01
87.57700000 29.11800000 87.15499999 28.63000000 -3.71161757e-01
87.57700000 29.11800000 88.86400000 29.25000000 2.85270397e-01
78.70400000 33.19100000 85.74100000 29.59100000 -3.09325848e-02
92.41500000 27.27000000 89.63500000 27.47200000 -1.07472885e+00
92.41500000 27.27000000 91.23700000 25.00000000 -9.30658816e+00
80.50100000 29.73400000 80.23000000 29.59000000 -3.11242534e+00
80.50100000 29.73400000 80.34000000 29.76000000 -7.05633596e-02
80.50100000 29.73400000 80.56000000 29.86000000 -2.54885830e+00
80.62600000 29.17700000 81.20100000 29.47400000 -6.38093976e+00
80.62600000 29.17700000 80.18000000 29.10000000 -1.36469386e+00
81.20100000 29.47400000 81.80700000 29.96900000 -5.30109548e+00
81.20100000 29.47400000 82.19300000 29.27800000 -8.67803990e-01
81.20100000 29.47400000 80.56000000 29.86000000 3.00584878e-01
81.71400000 28.65600000 82.19300000 29.27800000 -6.98805813e+00
81.71400000 28.65600000 82.81800000 28.98400000 -2.81444228e+00
81.80700000 29.96900000 82.19300000 29.27800000 -3.00594611e+00
82.19300000 29.27800000 82.81800000 28.98400000 1.16813128e+00
82.49100000 27.95100000 82.57300000 28.06300000 4.03386071e-01
82.81800000 28.98400000 83.74300000 28.80500000 3.76320938e-01
82.81800000 28.98400000 83.89500000 29.17900000 9.02171268e-01
82.81800000 28.98400000 82.57300000 28.06300000 -1.02892054e+01
82.81800000 28.98400000 83.71800000 28.78100000 2.56111304e-01
83.60300000 27.76700000 83.82600000 27.45700000 -7.19990641e-01
83.60300000 27.76700000 84.13000000 27.64800000 -5.19637711e-01
83.60300000 27.76700000 83.41800000 27.50700000 3.80414722e-02
83.60300000 27.76700000 83.55400000 27.87400000 -2.26916643e-01
83.60300000 27.76700000 83.97800000 28.19900000 -3.07037855e+00
83.74300000 28.80500000 83.89500000 29.17900000 -1.99786619e+00
83.74300000 28.80500000 83.93600000 28.26000000 -4.55228583e+00
83.74300000 28.80500000 84.41000000 28.37500000 -2.21587161e+00
83.82600000 27.45700000 84.13000000 27.64800000 2.30612188e-01
83.82600000 27.45700000 84.98499999 27.16600000 7.44259628e-01
83.82600000 27.45700000 83.41800000 27.50700000 -2.01539719e-02
83.93600000 28.26000000 84.41000000 28.37500000 -1.61009045e+00
83.93600000 28.26000000 83.55400000 27.87400000 -3.26204333e+00
83.93600000 28.26000000 83.71800000 28.78100000 -4.41942647e+00
84.13000000 27.64800000 84.26500000 27.97300000 -2.11227104e+00
84.13000000 27.64800000 84.98499999 27.16600000 2.20118436e+00
84.13000000 27.64800000 83.97800000 28.19900000 -3.12995533e+00
84.13000000 27.64800000 84.43000000 27.67800000 -1.55628717e-01
84.26500000 27.97300000 84.38000000 28.22900000 -3.85237388e+00
84.26500000 27.97300000 83.97800000 28.19900000 -6.08796999e-01
84.26500000 27.97300000 84.43000000 27.67800000 -1.14957658e+00
84.38000000 28.22900000 84.41000000 28.37500000 -1.11261512e+00
84.38000000 28.22900000 83.97800000 28.19900000 -1.17383777e+00
84.38000000 28.22900000 84.43000000 27.67800000 -4.91181706e+00
84.41000000 28.37500000 85.31399999 28.20700000 6.70019072e-01
84.41000000 28.37500000 83.97800000 28.19900000 -2.33009273e+00
84.98499999 27.16600000 84.43000000 27.67800000 2.82390057e+00
84.98499999 27.16600000 85.92499999 26.71100000 -2.36360171e+00
85.10799999 27.60800000 85.27899999 27.80100000 -8.70675687e-01
85.10799999 27.60800000 85.28799999 27.68200000 -9.59715773e-02
85.10799999 27.60800000 84.43000000 27.67800000 -7.44336751e-01
85.27899999 27.80100000 85.52099999 27.69300000 -4.76427665e-01
85.27899999 27.80100000 85.35799999 27.69700000 -6.46960150e-01
85.28799999 27.68200000 85.35799999 27.69700000 -2.64008565e-02
85.52099999 27.69300000 85.87699999 27.91000000 -2.72773843e+00
85.52099999 27.69300000 85.35799999 27.69700000 -1.91005066e-01
86.54999999 27.30500000 86.59699999 26.99100000 -2.22247609e+00
86.54999999 27.30500000 85.92499999 26.71100000 -5.85055092e+00
86.54999999 27.30500000 86.72499999 27.68300000 -2.01980627e+00
86.54999999 27.30500000 87.20599999 27.38000000 4.93561130e-01
86.59699999 26.99100000 87.39199999 26.86600000 5.69166488e-01
86.59699999 26.99100000 85.92499999 26.71100000 -2.15249633e+00
86.59699999 26.99100000 87.20599999 27.38000000 -1.04641444e+00
86.71199999 27.81400000 86.82299999 27.89400000 -6.44851184e-02
87.39199999 26.86600000 87.70999999 27.35200000 -3.53490888e+00
87.39199999 26.86600000 88.18500000 26.88300000 -1.71370843e+00
87.39199999 26.86600000 88.35000000 26.71100000 1.34025019e-01
87.39199999 26.86600000 85.92499999 26.71100000 9.78879853e-01
87.39199999 26.86600000 87.20599999 27.38000000 -6.34128423e+00
87.70999999 27.35200000 88.40000000 26.98000000 -3.07018404e+00
87.70999999 27.35200000 88.18500000 26.88300000 -4.80037423e+00
87.70999999 27.35200000 86.92899999 27.97300000 -3.17720138e+00
87.70999999 27.35200000 87.20599999 27.38000000 1.21535838e+00
87.70999999 27.35200000 88.50300000 27.08900000 -2.27383829e+00
77.60000000 34.12800000 76.16200000 34.55900000 2.90091182e-02
88.40000000 26.98000000 88.18500000 26.88300000 7.28362420e-01
88.40000000 26.98000000 88.35000000 26.71100000 -6.80208863e-01
88.40000000 26.98000000 88.56900000 26.88900000 -1.66861218e-01
88.40000000 26.98000000 88.50300000 27.08900000 -1.00333191e+00
88.68000000 27.00000000 88.56900000 26.88900000 -7.77614023e-01
88.68000000 27.00000000 88.70200000 27.02400000 -3.09956939e-01
88.68000000 27.00000000 88.75300000 26.88100000 -5.72514890e-01
88.68000000 27.00000000 88.79100000 27.01000000 -3.81281139e-01
88.68000000 27.00000000 88.50300000 27.08900000 -4.41028763e-01
88.18500000 26.88300000 88.35000000 26.71100000 -6.31751038e-01
88.35000000 26.71100000 88.56900000 26.88900000 -2.03532231e-01
88.35000000 26.71100000 88.73800000 26.75100000 -1.44634809e-01
88.35000000 26.71100000 85.92499999 26.71100000 1.48923216e-01
88.35000000 26.71100000 91.23700000 25.00000000 -1.05744208e+00
88.56900000 26.88900000 88.73800000 26.75100000 -5.74976987e-01
88.56900000 26.88900000 88.75300000 26.88100000 -5.31588095e-01
88.56900000 26.88900000 88.50300000 27.08900000 -1.27158374e+00
88.70200000 27.02400000 88.79100000 27.01000000 -2.14110766e-01
88.70200000 27.02400000 88.50300000 27.08900000 -3.78843629e-01
88.73800000 26.75100000 88.75300000 26.88100000 -1.35856304e-02
88.73800000 26.75100000 88.93600000 26.96500000 -1.44390173e+00
88.73800000 26.75100000 91.23700000 25.00000000 -1.01493828e+00
88.75300000 26.88100000 88.79100000 27.01000000 -8.61107315e-01
88.75300000 26.88100000 88.93600000 26.96500000 -1.41588770e+00
88.79100000 27.01000000 88.93600000 26.96500000 -4.92336824e-01
77.17200000 28.54400000 79.08000000 29.23000000 -5.80149058e-01
79.21100000 30.48600000 79.55900000 30.53100000 1.23375662e+00
79.55900000 30.53100000 79.77000000 29.82000000 -7.99658992e+00
79.62000000 29.63800000 79.43000000 29.64000000 1.22599242e-01
79.62000000 29.63800000 79.65000000 29.59000000 1.59189209e-01
79.62000000 29.63800000 79.77000000 29.82000000 -2.11077944e+00
80.04100000 29.83800000 79.77000000 29.82000000 -5.08063768e-01
80.04100000 29.83800000 79.90000000 29.78000000 -9.91101403e-01
80.04100000 29.83800000 80.23000000 29.59000000 -1.13517222e+00
80.04100000 29.83800000 80.34000000 29.76000000 8.27944019e-02
82.57300000 28.06300000 83.55400000 27.87400000 4.40408133e-01
82.57300000 28.06300000 83.71800000 28.78100000 -4.22280976e+00
83.41800000 27.50700000 83.55400000 27.87400000 -4.16908882e-01
83.55400000 27.87400000 83.71800000 28.78100000 -7.76559597e+00
83.55400000 27.87400000 83.97800000 28.19900000 -2.60293621e+00
85.92499999 26.71100000 91.23700000 25.00000000 -3.23243341e-02
86.71499999 27.80300000 86.72499999 27.68300000 -2.51815426e-01
86.71499999 27.80300000 86.82299999 27.89400000 -6.43285638e-02
86.72499999 27.68300000 86.82299999 27.89400000 -2.27051575e-01
86.72499999 27.68300000 87.20599999 27.38000000 -1.67545840e+00
86.82299999 27.89400000 86.92899999 27.97300000 -2.99183852e-02
86.82299999 27.89400000 87.20599999 27.38000000 -2.72048896e+00
86.82699999 28.19400000 86.92899999 27.97300000 -5.20911634e-01
86.92899999 27.97300000 87.20599999 27.38000000 -2.91436237e+00
79.08000000 29.23000000 79.43000000 29.64000000 7.30329171e-01
79.08000000 29.23000000 79.51000001 29.21000000 -8.72428166e-02
79.43000000 29.64000000 79.51000001 29.21000000 9.37567905e-01
79.43000000 29.64000000 79.65000000 29.59000000 3.61940077e-01
79.43000000 29.64000000 79.77000000 29.82000000 -1.58573887e+00
79.51000001 29.21000000 79.65000000 29.59000000 -5.41322510e-01
79.51000001 29.21000000 80.09000000 29.33000000 -5.53842677e-01
79.51000001 29.21000000 80.18000000 29.10000000 8.15146135e-01
79.65000000 29.59000000 79.77000000 29.82000000 -2.24680432e+00
79.65000000 29.59000000 79.90000000 29.78000000 -2.19324440e+00
79.65000000 29.59000000 80.09000000 29.33000000 2.38649649e-01
79.77000000 29.82000000 79.90000000 29.78000000 3.61219337e-02
79.90000000 29.78000000 80.09000000 29.33000000 -1.34467293e+00
79.90000000 29.78000000 80.23000000 29.59000000 5.74058369e-02
80.09000000 29.33000000 80.18000000 29.10000000 5.90851095e-01
80.09000000 29.33000000 80.23000000 29.59000000 -1.88100036e+00
80.23000000 29.59000000 80.34000000 29.76000000 -2.96310953e+00
80.34000000 29.76000000 80.56000000 29.86000000 -1.58749258e+00
73.24900000 34.42000000 73.39100000 33.89500000 3.31484597e-02
73.24900000 34.42000000 73.65300000 33.97800000 1.67152431e-02
73.24900000 34.42000000 73.93500000 33.93000000 3.93671429e-03
73.24900000 34.42000000 74.48400000 34.09500000 -4.24058321e-02
73.24900000 34.42000000 74.97400000 34.35300000 5.13575541e-01
73.39100000 33.89500000 73.65300000 33.97800000 -2.49625918e-03
73.39100000 33.89500000 73.75200000 33.87100000 -5.40721532e-03
73.39100000 33.89500000 74.34700000 33.39500000 4.33491556e-01
73.65300000 33.97800000 73.75200000 33.87100000 1.11132997e-02
73.65300000 33.97800000 73.93500000 33.93000000 -1.53418847e-02
73.75200000 33.87100000 73.93500000 33.93000000 -1.36114694e-02
73.75200000 33.87100000 74.34700000 33.39500000 2.50214906e-01
73.93500000 33.93000000 74.34700000 33.39500000 3.86736613e-02
73.93500000 33.93000000 74.48400000 34.09500000 4.09922212e-01
73.93500000 33.93000000 74.59300000 33.99300000 -2.34345976e-02
74.34700000 33.39500000 74.59300000 33.99300000 1.07827250e+00
74.34700000 33.39500000 75.03700000 33.59500000 1.28798497e+00
74.48400000 34.09500000 74.59300000 33.99300000 -1.29338230e+00
74.48400000 34.09500000 74.81700000 34.10900000 4.45117072e-01
74.48400000 34.09500000 74.83700000 34.13000000 5.23608184e-01
74.48400000 34.09500000 74.97400000 34.35300000 4.65435158e-01
74.59300000 33.99300000 74.81700000 34.10900000 5.00401524e-01
74.59300000 33.99300000 75.03700000 33.59500000 1.34699725e+00
74.81700000 34.10900000 74.83700000 34.13000000 -7.47373490e-02
74.81700000 34.10900000 74.88900000 34.12000000 8.79349897e-02
74.81700000 34.10900000 75.03700000 33.59500000 2.79936700e-02
74.83700000 34.13000000 74.88900000 34.12000000 1.03580568e-01
74.83700000 34.13000000 74.97400000 34.35300000 -5.26686621e-01
74.83700000 34.13000000 75.04500000 34.22700000 -1.69622763e-01
74.88900000 34.12000000 75.03700000 33.59500000 -3.05558241e-01
74.88900000 34.12000000 75.04500000 34.22700000 -2.65684271e-01
74.88900000 34.12000000 75.27200000 34.10000000 -5.05904704e-02
74.97400000 34.35300000 75.04500000 34.22700000 -1.14236726e-01
74.97400000 34.35300000 75.32500000 34.29200000 -7.08701086e-02
74.97400000 34.35300000 75.76900000 34.42400000 -2.12058231e-01
75.03700000 33.59500000 75.27200000 34.10000000 -1.14664462e+00
75.04500000 34.22700000 75.27200000 34.10000000 -5.15306561e-02
75.04500000 34.22700000 75.32500000 34.29200000 -1.46542652e-01
75.27200000 34.10000000 75.32500000 34.29200000 -1.73706161e-01
75.27200000 34.10000000 75.76900000 34.42400000 -3.36730906e-01
75.32500000 34.29200000 75.76900000 34.42400000 -1.65917106e-01
75.76900000 34.42400000 76.16200000 34.55900000 -6.93404513e-02
