79.09800000 31.88700000 79.81400000 31.49800000 -4.89138050e-01
79.09800000 31.88700000 80.29300000 31.71100000 -5.10066310e-01
79.09800000 31.88700000 77.92100000 32.36400000 -1.06959200e+00
79.09800000 31.88700000 78.75400000 31.03700000 -5.76211550e+00
79.09800000 31.88700000 78.97300000 32.77900000 -3.19758960e+00
79.09800000 31.88700000 78.67600000 30.99700000 -6.26734010e+00
79.81400000 31.49800000 80.29300000 31.71100000 -1.28703030e+00
79.81400000 31.49800000 80.42900000 30.96100000 -7.69258200e-01
79.81400000 31.49800000 78.75400000 31.03700000 -4.41685540e+00
79.81400000 31.49800000 79.49300000 30.74300000 -5.81584690e+00
80.29300000 31.71100000 80.42900000 30.96100000 -3.74607750e+00
80.29300000 31.71100000 81.42800000 30.83700000 -7.05429700e-01
80.29300000 31.71100000 78.97300000 32.77900000 -1.01873240e+00
80.42900000 30.96100000 81.17600000 30.29000000 -1.01610950e+00
80.42900000 30.96100000 81.42800000 30.83700000 4.48645660e-03
80.42900000 30.96100000 79.49300000 30.74300000 -1.62606900e+00
80.42900000 30.96100000 80.24000000 30.06000000 -9.46729020e+00
80.42900000 30.96100000 79.55900000 30.53100000 -3.85862240e+00
81.17600000 30.29000000 81.42800000 30.83700000 -3.92859930e+00
81.17600000 30.29000000 81.85600000 30.71600000 -3.22352620e+00
81.17600000 30.29000000 80.24000000 30.06000000 -3.67356480e+00
81.17600000 30.29000000 81.20100000 29.47400000 -7.50616280e+00
81.17600000 30.29000000 81.80700000 29.96900000 8.56946730e-02
81.17600000 30.29000000 80.56000000 29.86000000 -6.74709170e+00
81.42800000 30.83700000 81.85600000 30.71600000 7.43657600e-02
81.85600000 30.71600000 82.83200000 30.38900000 -1.03893410e-02
81.85600000 30.71600000 81.80700000 29.96900000 -3.92906090e+00
82.83200000 30.38900000 83.24000000 29.80000000 -1.71765100e+00
82.83200000 30.38900000 84.03900000 29.72100000 -6.28937210e-01
82.83200000 30.38900000 81.80700000 29.96900000 -2.79158350e+00
82.83200000 30.38900000 82.19300000 29.27800000 -6.55375040e+00
82.83200000 30.38900000 85.74100000 29.59100000 8.40986410e-02
83.24000000 29.80000000 84.03900000 29.72100000 1.20421360e-01
83.24000000 29.80000000 84.04300000 29.53400000 6.23530810e-02
83.24000000 29.80000000 82.19300000 29.27800000 -3.24643290e+00
83.24000000 29.80000000 82.81800000 28.98400000 -4.56333460e+00
83.24000000 29.80000000 83.89500000 29.17900000 -1.40389000e+00
84.03900000 29.72100000 84.15600000 29.68000000 6.70891020e-03
84.03900000 29.72100000 84.04300000 29.53400000 -9.14969660e-01
84.03900000 29.72100000 85.74100000 29.59100000 2.01626730e-02
84.15600000 29.68000000 84.04300000 29.53400000 -7.98833080e-01
84.15600000 29.68000000 85.21000000 29.44000000 5.72192950e-02
84.15600000 29.68000000 85.74100000 29.59100000 -3.11011640e-02
85.44200000 28.95900000 85.64000000 29.44100000 -2.51564610e+00
85.44200000 28.95900000 86.38699999 28.68700000 -3.54822140e-01
85.44200000 28.95900000 85.21000000 29.44000000 -1.80237050e+00
85.44200000 28.95900000 86.01999999 28.30000000 -1.87775080e+00
85.44200000 28.95900000 84.41000000 28.37500000 -3.87177210e+00
85.44200000 28.95900000 85.31399999 28.20700000 -3.78231990e+00
85.64000000 29.44100000 86.38699999 28.68700000 -2.15518630e+00
85.64000000 29.44100000 85.21000000 29.44000000 -8.44568100e-02
85.64000000 29.44100000 85.74100000 29.59100000 -6.67771210e-01
85.97499999 28.14900000 85.32899999 28.17100000 -2.60978020e-01
85.97499999 28.14900000 86.01999999 28.29000000 -8.63502320e-01
85.97499999 28.14900000 86.01999999 28.30000000 -9.22330220e-01
85.97499999 28.14900000 86.22999999 27.63500000 -2.85710920e+00
85.97499999 28.14900000 86.81299999 27.95800000 9.82693830e-02
85.97499999 28.14900000 85.31399999 28.20700000 -2.26710850e-01
85.97499999 28.14900000 85.87699999 27.91000000 -1.56501650e+00
85.97499999 28.14900000 86.71199999 27.81400000 -3.20586620e-01
85.97499999 28.14900000 86.82699999 28.19400000 -5.53570830e-02
86.38699999 28.68700000 86.96699999 28.39200000 -5.11313060e-01
86.38699999 28.68700000 87.05999999 28.58700000 2.71751040e-02
86.38699999 28.68700000 87.08600000 29.32000000 -2.46772730e+00
86.38699999 28.68700000 86.93999999 28.35700000 -6.99962600e-01
86.38699999 28.68700000 86.01999999 28.30000000 -1.90610250e+00
86.38699999 28.68700000 86.82699999 28.19400000 -1.80500880e+00
86.38699999 28.68700000 85.74100000 29.59100000 -3.05646450e+00
86.94099999 28.35700000 86.82699999 28.19400000 -9.85860490e-01
86.94099999 28.35700000 86.92899999 27.97300000 -2.52431940e+00
86.96699999 28.39200000 87.05999999 28.58700000 -1.08278030e+00
86.96699999 28.39200000 87.76900000 28.53800000 -1.40845740e-01
86.96699999 28.39200000 86.92899999 27.97300000 -2.78026640e+00
86.96699999 28.39200000 87.15499999 28.63000000 -1.21120290e+00
87.05999999 28.58700000 87.08600000 29.32000000 -3.69064230e+00
87.05999999 28.58700000 87.15499999 28.63000000 -1.24801160e-01
87.08600000 29.32000000 85.74100000 29.59100000 -1.84029960e-01
87.18400000 29.26900000 87.57700000 29.11800000 -1.74294040e-01
87.18400000 29.26900000 87.15499999 28.63000000 -3.28942890e+00
87.76900000 28.53800000 88.56000000 28.24400000 -2.76546730e-01
87.76900000 28.53800000 88.86500000 29.24900000 -2.63201670e+00
87.76900000 28.53800000 87.57700000 29.11800000 -3.04505380e+00
87.76900000 28.53800000 87.70999999 27.35200000 -1.00204100e+01
87.76900000 28.53800000 86.92899999 27.97300000 -2.71612040e+00
87.76900000 28.53800000 87.15499999 28.63000000 1.27089920e-01
87.76900000 28.53800000 88.86400000 29.25000000 -2.63755290e+00
88.56000000 28.24400000 88.86500000 29.24900000 -5.99944690e+00
88.56000000 28.24400000 89.15400000 27.72100000 -1.62658500e+00
88.56000000 28.24400000 89.30500000 27.93100000 -4.26550310e-01
88.56000000 28.24400000 89.55600000 28.91100000 -3.26933830e+00
88.56000000 28.24400000 89.62700000 28.31500000 -3.78121430e-01
88.56000000 28.24400000 88.56900000 27.36500000 -7.82293190e+00
88.56000000 28.24400000 88.91000000 27.49000000 -4.54884890e+00
88.56000000 28.24400000 87.70999999 27.35200000 -7.70135980e+00
88.86500000 29.24900000 89.55600000 28.91100000 -6.84022930e-01
88.86500000 29.24900000 90.15400000 29.44400000 -1.81653560e-01
88.86500000 29.24900000 89.57300000 28.91400000 -6.64952780e-01
88.90600000 27.43700000 89.15400000 27.72100000 -2.92064600e+00
88.90600000 27.43700000 88.56900000 27.36500000 -6.87351180e-01
88.90600000 27.43700000 89.39200000 26.84900000 -2.71284210e+00
88.90600000 27.43700000 89.63500000 27.47200000 -7.78309850e-01
88.90600000 27.43700000 88.70200000 27.02400000 -6.38868400e+00
88.90600000 27.43700000 88.79100000 27.01000000 -6.72312690e+00
88.90600000 27.43700000 88.93600000 26.96500000 -6.61590420e+00
89.15400000 27.72100000 89.30500000 27.93100000 -1.40326770e+00
89.15400000 27.72100000 88.91000000 27.49000000 -2.22007590e+00
89.15400000 27.72100000 89.63500000 27.47200000 -7.73975470e-01
89.30500000 27.93100000 89.62700000 28.31500000 -2.13935370e+00
89.30500000 27.93100000 89.63500000 27.47200000 -2.32648560e+00
89.55600000 28.91100000 89.62700000 28.31500000 -3.75096940e+00
89.55600000 28.91100000 89.91100000 28.61900000 -1.38075220e+00
89.62700000 28.31500000 89.91100000 28.61900000 -1.61551280e+00
89.62700000 28.31500000 90.55800000 28.41900000 -6.52525230e-01
89.62700000 28.31500000 89.63500000 27.47200000 -5.25627310e+00
89.91100000 28.61900000 90.10700000 28.93200000 -1.78855810e+00
89.91100000 28.61900000 90.55800000 28.41900000 -1.00728400e+00
89.91100000 28.61900000 89.57300000 28.91400000 -1.42766760e+00
90.10700000 28.93200000 90.15400000 29.44400000 -1.88228630e+00
90.10700000 28.93200000 90.26700000 29.32400000 -1.42345770e+00
90.10700000 28.93200000 90.55800000 28.41900000 -3.32911810e+00
90.10700000 28.93200000 90.95900000 29.27800000 -7.86637020e-01
90.10700000 28.93200000 89.57300000 28.91400000 -1.30577170e-01
90.15400000 29.44400000 90.26700000 29.32400000 -3.52559770e-01
90.15400000 29.44400000 78.70400000 33.19100000 -7.38339810e-01
90.15400000 29.44400000 89.57300000 28.91400000 -1.44035610e+00
90.15400000 29.44400000 85.74100000 29.59100000 7.43309620e-03
90.26700000 29.32400000 90.95900000 29.27800000 -4.46553130e-01
90.55800000 28.41900000 91.88900000 28.96000000 -2.28377570e+00
90.55800000 28.41900000 91.91000000 27.97100000 -2.34731380e+00
90.55800000 28.41900000 89.63500000 27.47200000 -4.89190520e+00
90.55800000 28.41900000 90.95900000 29.27800000 -4.61004330e+00
91.88900000 28.96000000 91.91000000 27.97100000 -6.95469880e+00
91.88900000 28.96000000 92.39900000 28.42200000 -3.86553740e+00
91.88900000 28.96000000 93.07300000 29.04400000 1.06827430e+00
91.88900000 28.96000000 92.43900000 28.43200000 -3.63627560e+00
91.88900000 28.96000000 90.95900000 29.27800000 -2.19909880e+00
91.91000000 27.97100000 92.39900000 28.42200000 -2.31417140e+00
91.91000000 27.97100000 92.41500000 27.27000000 -3.82664160e+00
91.91000000 27.97100000 89.63500000 27.47200000 -2.32526640e+00
92.39900000 28.42200000 92.41500000 27.27000000 -8.19195020e+00
93.07300000 29.04400000 92.43900000 28.43200000 -2.22779370e+00
93.07300000 29.04400000 92.41500000 27.27000000 -1.25330090e+01
93.07300000 29.04400000 90.95900000 29.27800000 -6.83966220e-01
83.95300000 29.17800000 84.04300000 29.53400000 -2.03502020e+00
83.95300000 29.17800000 85.21000000 29.44000000 -1.17985720e+00
83.95300000 29.17800000 83.74300000 28.80500000 -2.58422140e+00
83.95300000 29.17800000 84.41000000 28.37500000 -3.48030820e+00
84.04300000 29.53400000 85.21000000 29.44000000 -1.65036560e-02
84.04300000 29.53400000 83.89500000 29.17900000 -2.07026730e+00
86.93999999 28.35700000 86.82699999 28.19400000 -9.87380540e-01
75.36300000 32.56500000 75.88100000 32.30400000 1.61188260e-01
75.36300000 32.56500000 75.93800000 31.47900000 -6.77245650e-01
75.36300000 32.56500000 75.99300000 32.53600000 -1.11954220e+00
75.36300000 32.56500000 74.34700000 33.39500000 -1.34919500e-01
75.36300000 32.56500000 75.03700000 33.59500000 -2.75894880e+00
75.88100000 32.30400000 75.93800000 31.47900000 -1.68883400e+00
75.88100000 32.30400000 75.99300000 32.53600000 -2.55020880e+00
75.88100000 32.30400000 76.29400000 31.89700000 -1.82103020e-01
75.88100000 32.30400000 76.30700000 32.24800000 -8.01114040e-01
75.93800000 31.47900000 76.29400000 31.89700000 -1.89438700e+00
75.93800000 31.47900000 76.30700000 31.53800000 2.10284330e-02
75.93800000 31.47900000 77.12600000 28.48200000 -5.59588680e-01
75.93800000 31.47900000 77.63000000 30.27600000 -6.98826080e+00
75.93800000 31.47900000 77.17200000 28.54400000 -5.19865300e-01
75.93800000 31.47900000 73.39100000 33.89500000 -1.53184160e-01
75.93800000 31.47900000 74.34700000 33.39500000 -4.65437070e-01
75.99300000 32.53600000 76.30700000 32.24800000 -9.10801490e-02
75.99300000 32.53600000 76.68900000 32.69800000 -4.00827320e+00
75.99300000 32.53600000 75.03700000 33.59500000 -1.41682060e-01
76.29400000 31.89700000 76.30700000 31.53800000 -1.74649600e+00
76.29400000 31.89700000 76.30700000 32.24800000 -2.46690110e+00
76.29400000 31.89700000 76.67300000 31.91900000 -1.43945130e+00
76.30700000 31.53800000 76.67300000 31.91900000 -4.46238150e+00
76.30700000 31.53800000 76.81500000 31.63400000 -2.23557240e+00
76.30700000 31.53800000 77.63000000 30.27600000 -6.23020390e+00
76.30700000 32.24800000 76.67300000 31.91900000 -4.06841710e-01
76.30700000 32.24800000 76.68900000 32.69800000 -5.82567860e+00
76.30700000 32.24800000 77.19200000 32.31700000 -3.75904270e+00
76.67300000 31.91900000 76.81500000 31.63400000 -1.47492300e+00
76.67300000 31.91900000 77.10800000 32.06700000 -3.89164040e+00
76.67300000 31.91900000 77.19200000 32.31700000 -6.16955000e+00
76.68900000 32.69800000 77.17500000 32.63400000 -5.84516720e-01
76.68900000 32.69800000 77.19200000 32.31700000 -3.49981720e-01
76.68900000 32.69800000 77.42500000 32.79800000 -2.09563220e+00
76.68900000 32.69800000 77.60000000 34.12800000 -7.62829160e+00
76.68900000 32.69800000 75.03700000 33.59500000 5.21438940e-01
76.68900000 32.69800000 75.27200000 34.10000000 -5.14935870e-01
76.68900000 32.69800000 75.76900000 34.42400000 -3.01354520e+00
76.68900000 32.69800000 76.16200000 34.55900000 -4.78458540e+00
76.81500000 31.63400000 77.10800000 32.06700000 -6.58250040e+00
76.81500000 31.63400000 77.63000000 30.27600000 -5.77926260e+00
76.81500000 31.63400000 78.02100000 30.45900000 -6.98240690e+00
76.81500000 31.63400000 78.67600000 30.99700000 -5.22678220e+00
77.10800000 32.06700000 77.19200000 32.31700000 -1.86871810e+00
77.10800000 32.06700000 77.92100000 32.36400000 -3.90838850e+00
77.10800000 32.06700000 78.67600000 30.99700000 -3.58434270e+00
77.12600000 28.48200000 78.60800001 25.45200000 2.88976470e-01
77.12600000 28.48200000 79.08000000 29.23000000 -5.41028120e-01
77.12600000 28.48200000 73.39100000 33.89500000 -7.49363430e-01
77.17500000 32.63400000 77.19200000 32.31700000 -1.65763780e+00
77.17500000 32.63400000 77.42500000 32.79800000 -1.72305650e+00
77.19200000 32.31700000 77.42500000 32.79800000 -3.73522310e+00
77.19200000 32.31700000 77.92100000 32.36400000 -1.83096520e+00
77.42500000 32.79800000 77.80800000 33.97200000 -4.28953910e+00
77.42500000 32.79800000 77.92100000 32.36400000 -7.85398300e-01
77.42500000 32.79800000 78.66000000 33.20900000 -2.61576630e+00
77.42500000 32.79800000 77.60000000 34.12800000 -4.26247030e+00
77.63000000 30.27600000 77.86000000 30.32900000 -5.50220510e-01
77.63000000 30.27600000 77.86800000 30.14700000 -1.42607990e+00
77.63000000 30.27600000 78.02100000 30.45900000 -1.24800800e+00
77.63000000 30.27600000 77.17200000 28.54400000 -1.30755810e+00
77.80800000 33.97200000 78.66000000 33.20900000 -2.18529780e-01
77.86000000 30.32900000 77.86800000 30.14700000 9.57021370e-02
77.86000000 30.32900000 77.97400000 30.28500000 -5.59568730e-01
77.86000000 30.32900000 78.01400000 30.32900000 -5.96289470e-01
77.86000000 30.32900000 78.02100000 30.45900000 -9.52412010e-01
77.86800000 30.14700000 77.97400000 30.28500000 3.00170340e-01
77.86800000 30.14700000 77.97900000 30.09500000 -6.76226210e-01
77.92100000 32.36400000 78.66000000 33.20900000 -4.59350010e+00
77.92100000 32.36400000 78.97300000 32.77900000 -2.81883890e+00
77.92100000 32.36400000 78.67600000 30.99700000 -5.33516840e+00
77.97400000 30.28500000 77.97900000 30.09500000 1.60454310e-01
77.97400000 30.28500000 78.01400000 30.32900000 2.59966680e-03
77.97400000 30.28500000 78.18700000 30.19100000 -8.56736290e-01
77.97900000 30.09500000 78.18700000 30.19100000 -9.52879570e-02
77.97900000 30.09500000 78.68000000 29.84800000 -1.04235570e+00
77.97900000 30.09500000 77.17200000 28.54400000 -1.41807890e+00
78.01400000 30.32900000 78.02100000 30.45900000 -9.44282090e-01
78.01400000 30.32900000 78.11500000 30.45200000 -1.27315080e+00
78.01400000 30.32900000 78.15500000 30.34200000 -4.64582190e-01
78.01400000 30.32900000 78.18700000 30.19100000 -6.13259570e-01
78.02100000 30.45900000 78.11500000 30.45200000 -4.08914420e-01
78.02100000 30.45900000 78.67600000 30.99700000 -7.35967570e+00
78.11500000 30.45200000 78.15500000 30.34200000 -1.14536750e+00
78.11500000 30.45200000 78.61700000 30.80600000 -5.15494280e+00
78.11500000 30.45200000 78.36500000 30.40400000 -7.68288410e-01
78.15500000 30.34200000 78.18700000 30.19100000 -9.19510630e-03
78.15500000 30.34200000 78.36800000 30.39400000 -1.32588130e+00
78.15500000 30.34200000 78.36500000 30.40400000 -1.41981940e+00
78.18700000 30.19100000 78.36800000 30.39400000 -1.51003680e+00
78.18700000 30.19100000 78.68000000 29.84800000 -4.46849790e-01
78.36800000 30.39400000 78.61700000 30.80600000 -5.69426790e+00
78.36800000 30.39400000 78.68000000 29.84800000 -1.00079840e+00
78.36800000 30.39400000 79.09000000 30.29800000 -5.97138780e-01
78.60800001 25.45200000 80.94300001 26.89100000 1.30535330e-01
78.60800001 25.45200000 85.92499999 26.71100000 1.41698150e-01
78.60800001 25.45200000 79.08000000 29.23000000 2.00185850e-02
78.60800001 25.45200000 91.23700000 25.00000000 4.57332690e-02
78.61700000 30.80600000 78.75400000 31.03700000 -2.36152920e+00
78.61700000 30.80600000 79.09000000 30.29800000 -3.71554950e+00
78.61700000 30.80600000 78.36500000 30.40400000 -5.57258200e+00
78.61700000 30.80600000 78.67600000 30.99700000 -1.89919870e+00
78.61700000 30.80600000 79.21100000 30.48600000 -1.41826550e+00
78.66000000 33.20900000 78.97300000 32.77900000 -4.60793500e-01
78.68000000 29.84800000 79.09000000 30.29800000 -2.24793220e+00
78.68000000 29.84800000 77.17200000 28.54400000 -2.38651260e-01
78.68000000 29.84800000 79.08000000 29.23000000 -1.09463530e+00
78.68000000 29.84800000 79.43000000 29.64000000 7.81699940e-02
78.75400000 31.03700000 79.49300000 30.74300000 -8.15600070e-01
78.75400000 31.03700000 78.67600000 30.99700000 -4.38635240e-01
78.75400000 31.03700000 79.21100000 30.48600000 -3.55265860e+00
79.09000000 30.29800000 79.19400000 30.32900000 -2.40249860e-01
79.09000000 30.29800000 79.21100000 30.48600000 -2.62743290e+00
79.09000000 30.29800000 79.43000000 29.64000000 -2.28200000e+00
79.19400000 30.32900000 79.21100000 30.48600000 -2.30324860e+00
79.19400000 30.32900000 79.55900000 30.53100000 -3.52172200e+00
79.19400000 30.32900000 79.43000000 29.64000000 -2.98163300e+00
79.19400000 30.32900000 79.77000000 29.82000000 -1.28075990e+00
79.49300000 30.74300000 79.21100000 30.48600000 -4.01952580e+00
79.49300000 30.74300000 79.55900000 30.53100000 -1.76158820e+00
80.24000000 30.06000000 79.55900000 30.53100000 -1.24378620e+00
80.24000000 30.06000000 80.04100000 29.83800000 -3.17762570e+00
80.24000000 30.06000000 79.77000000 29.82000000 -2.71062930e+00
80.24000000 30.06000000 80.34000000 29.76000000 -2.71101440e+00
80.24000000 30.06000000 80.56000000 29.86000000 -9.89210360e-02
80.94300001 26.89100000 80.14800001 28.96300000 -1.27431920e-01
80.94300001 26.89100000 81.11600000 28.61300000 2.59296930e-01
80.94300001 26.89100000 81.57500000 28.13400000 -5.10116210e-01
80.94300001 26.89100000 82.09500000 28.01000000 1.10482930e+00
80.94300001 26.89100000 82.54000000 27.78600000 -5.08065500e-01
80.94300001 26.89100000 80.58200000 28.75400000 3.03788830e+00
80.94300001 26.89100000 81.61500000 28.04900000 -4.83505960e-01
80.94300001 26.89100000 85.92499999 26.71100000 2.27139940e-01
80.94300001 26.89100000 79.08000000 29.23000000 -9.43792260e-02
88.56900000 27.36500000 88.91000000 27.49000000 -1.30889410e+00
88.56900000 27.36500000 87.70999999 27.35200000 -8.22856610e-01
88.56900000 27.36500000 88.70200000 27.02400000 -3.91110620e+00
88.56900000 27.36500000 88.50300000 27.08900000 -3.65563040e+00
89.39200000 26.84900000 92.41500000 27.27000000 -9.24602600e-01
89.39200000 26.84900000 89.63500000 27.47200000 -5.28470670e+00
89.39200000 26.84900000 88.73800000 26.75100000 -2.43415380e+00
89.39200000 26.84900000 88.93600000 26.96500000 3.82932480e-01
89.39200000 26.84900000 91.23700000 25.00000000 -2.16250400e+00
92.43900000 28.43200000 92.41500000 27.27000000 -8.39617070e+00
80.14800001 28.96300000 80.63600000 29.01200000 -9.93475480e-01
80.14800001 28.96300000 80.58200000 28.75400000 -8.60089900e-01
80.14800001 28.96300000 79.08000000 29.23000000 -2.88921110e-01
80.14800001 28.96300000 79.51000001 29.21000000 -1.99178970e-01
80.14800001 28.96300000 80.18000000 29.10000000 -7.20942960e-01
80.60200000 29.33400000 80.72100000 29.52700000 -1.54414720e+00
80.60200000 29.33400000 80.50100000 29.73400000 -1.92484380e+00
80.60200000 29.33400000 80.62600000 29.17700000 -7.15925600e-01
80.60200000 29.33400000 81.20100000 29.47400000 -2.21776280e+00
80.60200000 29.33400000 80.09000000 29.33000000 -6.31370350e-01
80.60200000 29.33400000 80.18000000 29.10000000 -8.07818180e-01
80.60200000 29.33400000 80.23000000 29.59000000 4.25546690e-02
80.63600000 29.01200000 81.11600000 28.61300000 2.26246460e+00
80.63600000 29.01200000 81.35300000 28.82400000 -1.13987640e+00
80.63600000 29.01200000 80.58200000 28.75400000 1.81669630e+00
80.63600000 29.01200000 80.62600000 29.17700000 -3.25854670e-01
80.63600000 29.01200000 81.20100000 29.47400000 -5.00298210e+00
80.63600000 29.01200000 80.18000000 29.10000000 -1.05053410e+00
80.72100000 29.52700000 80.50100000 29.73400000 -2.29729790e-01
80.72100000 29.52700000 81.20100000 29.47400000 -1.86507910e-01
80.72100000 29.52700000 80.56000000 29.86000000 -2.04332690e+00
81.11600000 28.61300000 81.35300000 28.82400000 -3.86159360e-02
81.11600000 28.61300000 81.57500000 28.13400000 -9.85147300e-01
81.11600000 28.61300000 81.63400000 28.58300000 -6.65850640e-01
81.11600000 28.61300000 81.69100000 28.40700000 -6.22202880e-01
81.11600000 28.61300000 80.58200000 28.75400000 -2.46230770e+00
81.35300000 28.82400000 81.63400000 28.58300000 -2.27328950e-01
81.35300000 28.82400000 81.63500000 28.58600000 -2.21954390e-01
81.35300000 28.82400000 81.20100000 29.47400000 -2.56788880e-01
81.35300000 28.82400000 81.71400000 28.65600000 -2.07529090e-01
81.35300000 28.82400000 82.19300000 29.27800000 -3.84440880e+00
81.57500000 28.13400000 81.69100000 28.40700000 4.11354160e-01
81.63400000 28.58300000 81.69100000 28.40700000 -1.49945090e-01
81.63400000 28.58300000 81.71400000 28.65600000 -1.75537730e-01
81.63500000 28.58600000 81.71400000 28.65600000 -1.68171490e-01
81.69100000 28.40700000 82.09500000 28.01000000 4.15976170e-01
81.69100000 28.40700000 82.34700000 28.24900000 7.15127800e-01
81.69100000 28.40700000 81.59500000 28.11700000 2.79341880e-01
81.69100000 28.40700000 81.71400000 28.65600000 -4.34950460e-01
82.09500000 28.01000000 82.24700000 28.03000000 9.22581530e-01
82.09500000 28.01000000 82.34700000 28.24900000 6.35753480e-01
82.09500000 28.01000000 82.54000000 27.78600000 8.13982600e-01
82.09500000 28.01000000 81.59500000 28.11700000 1.15166520e+00
82.09500000 28.01000000 81.61500000 28.04900000 1.11542060e+00
82.24700000 28.03000000 82.34700000 28.24900000 4.34684650e-01
82.24700000 28.03000000 82.54000000 27.78600000 -1.09166310e-01
82.24700000 28.03000000 82.49100000 27.95100000 -2.28011090e-01
82.24700000 28.03000000 82.57300000 28.06300000 -4.40469420e-01
82.34700000 28.24900000 81.71400000 28.65600000 3.33501640e-01
82.34700000 28.24900000 82.81800000 28.98400000 -6.84159360e+00
82.34700000 28.24900000 82.57300000 28.06300000 -1.53913570e-01
82.50400000 27.95100000 82.54000000 27.78600000 -8.39526690e-01
82.50400000 27.95100000 82.57300000 28.06300000 7.01319120e-01
82.54000000 27.78600000 82.78500000 27.56800000 -1.45893650e-02
82.54000000 27.78600000 82.49100000 27.95100000 -7.30075380e-01
82.54000000 27.78600000 82.57300000 28.06300000 -2.23219080e-01
82.78500000 27.56800000 82.57300000 28.06300000 -3.19888430e-01
82.78500000 27.56800000 83.41800000 27.50700000 6.66929930e-02
82.78500000 27.56800000 83.55400000 27.87400000 -7.12622850e-02
85.00799999 27.31600000 85.39799999 27.57500000 -7.58412620e-01
85.00799999 27.31600000 84.98499999 27.16600000 7.62274180e-01
85.00799999 27.31600000 85.10799999 27.60800000 -5.93577130e-01
85.00799999 27.31600000 84.43000000 27.67800000 1.61931620e+00
85.21000000 29.44000000 84.41000000 28.37500000 -7.00195030e+00
85.21000000 29.44000000 85.74100000 29.59100000 -4.98720830e-01
85.22199999 28.01500000 85.32899999 28.17100000 -1.08773580e+00
85.22199999 28.01500000 84.38000000 28.22900000 4.50946310e-02
85.22199999 28.01500000 84.41000000 28.37500000 1.06645790e-01
85.22199999 28.01500000 85.10799999 27.60800000 -3.02403070e+00
85.22199999 28.01500000 85.27899999 27.80100000 -1.70791480e+00
85.22199999 28.01500000 85.31399999 28.20700000 -1.26271340e+00
85.22199999 28.01500000 84.43000000 27.67800000 -5.30153390e+00
85.27999999 27.69300000 85.10799999 27.60800000 -3.63608580e-01
85.27999999 27.69300000 85.27899999 27.80100000 -6.36394920e-01
85.27999999 27.69300000 85.28799999 27.68200000 -2.79938430e-02
85.27999999 27.69300000 85.35799999 27.69700000 -4.59353350e-02
85.32899999 28.17100000 85.27899999 27.80100000 -3.02855540e+00
85.32899999 28.17100000 85.52099999 27.69300000 -2.91664440e+00
85.32899999 28.17100000 85.87699999 27.91000000 -3.49332290e-01
85.39799999 27.57500000 85.79399999 27.74500000 -1.20592600e+00
85.39799999 27.57500000 84.98499999 27.16600000 -3.87880070e-01
85.39799999 27.57500000 85.10799999 27.60800000 -1.34839810e-01
85.39799999 27.57500000 85.28799999 27.68200000 -2.69228980e-01
85.39799999 27.57500000 85.52099999 27.69300000 -6.09098870e-01
85.39799999 27.57500000 85.35799999 27.69700000 -4.77224460e-01
85.39799999 27.57500000 85.92499999 26.71100000 -9.97722080e-01
85.79399999 27.74500000 86.22999999 27.63500000 1.42966150e-01
85.79399999 27.74500000 85.52099999 27.69300000 -5.47640240e-01
85.79399999 27.74500000 85.87699999 27.91000000 -1.44088000e+00
85.79399999 27.74500000 85.92499999 26.71100000 -4.26547440e+00
86.01999999 28.29000000 86.82699999 28.19400000 7.92409880e-02
86.01999999 28.30000000 85.31399999 28.20700000 -6.43158620e-01
86.01999999 28.30000000 86.82699999 28.19400000 7.48179670e-02
86.22999999 27.63500000 85.87699999 27.91000000 -8.43822140e-01
86.22999999 27.63500000 86.54999999 27.30500000 -1.45719430e+00
86.22999999 27.63500000 86.71199999 27.81400000 -9.92220380e-01
86.22999999 27.63500000 85.92499999 26.71100000 -3.17425570e+00
86.22999999 27.63500000 86.71499999 27.80300000 -9.05494560e-01
86.22999999 27.63500000 86.72499999 27.68300000 -9.02331340e-02
86.81299999 27.95800000 86.71199999 27.81400000 -9.14081090e-01
86.81299999 27.95800000 86.82299999 27.89400000 -4.06433470e-01
86.81299999 27.95800000 86.82699999 28.19400000 -1.56088610e+00
86.81299999 27.95800000 86.92899999 27.97300000 1.90880260e-03
87.57700000 29.11800000 87.15499999 28.63000000 -2.31986570e+00
87.57700000 29.11800000 88.86400000 29.25000000 1.16374590e-01
78.70400000 33.19100000 85.74100000 29.59100000 -9.05656630e-01
92.41500000 27.27000000 89.63500000 27.47200000 -3.99476760e-01
92.41500000 27.27000000 91.23700000 25.00000000 -9.05341820e-01
80.50100000 29.73400000 80.23000000 29.59000000 -1.60051700e+00
80.50100000 29.73400000 80.34000000 29.76000000 7.74665720e-02
80.50100000 29.73400000 80.56000000 29.86000000 -1.78293340e+00
80.62600000 29.17700000 81.20100000 29.47400000 -3.72766600e+00
80.62600000 29.17700000 80.18000000 29.10000000 -8.64000680e-01
81.20100000 29.47400000 81.80700000 29.96900000 -7.29330020e+00
81.20100000 29.47400000 82.19300000 29.27800000 -7.66096020e-01
81.20100000 29.47400000 80.56000000 29.86000000 4.10052210e-01
81.71400000 28.65600000 82.19300000 29.27800000 -5.09040950e+00
81.71400000 28.65600000 82.81800000 28.98400000 -2.59771180e+00
81.80700000 29.96900000 82.19300000 29.27800000 -1.73589140e+00
82.19300000 29.27800000 82.81800000 28.98400000 -2.32789170e-01
82.49100000 27.95100000 82.57300000 28.06300000 6.83009260e-01
82.81800000 28.98400000 83.74300000 28.80500000 1.29140010e-01
82.81800000 28.98400000 83.89500000 29.17900000 -7.80748460e-01
82.81800000 28.98400000 82.57300000 28.06300000 -7.36119970e+00
82.81800000 28.98400000 83.71800000 28.78100000 1.09844530e-01
83.60300000 27.76700000 83.82600000 27.45700000 -5.74099330e-01
83.60300000 27.76700000 84.13000000 27.64800000 -4.00433550e-01
83.60300000 27.76700000 83.41800000 27.50700000 2.08430010e-01
83.60300000 27.76700000 83.55400000 27.87400000 -2.98386040e-01
83.60300000 27.76700000 83.97800000 28.19900000 -2.98065230e+00
83.74300000 28.80500000 83.89500000 29.17900000 -2.57806050e+00
83.74300000 28.80500000 83.93600000 28.26000000 -4.29001500e+00
83.74300000 28.80500000 84.41000000 28.37500000 -7.39015110e-01
83.82600000 27.45700000 84.13000000 27.64800000 3.68123640e-01
83.82600000 27.45700000 84.98499999 27.16600000 6.32033090e-01
83.82600000 27.45700000 83.41800000 27.50700000 2.52068240e-02
83.93600000 28.26000000 84.41000000 28.37500000 -1.79702360e+00
83.93600000 28.26000000 83.55400000 27.87400000 -3.01463600e+00
83.93600000 28.26000000 83.71800000 28.78100000 -3.99194710e+00
84.13000000 27.64800000 84.26500000 27.97300000 -1.97900360e+00
84.13000000 27.64800000 84.98499999 27.16600000 2.40191200e+00
84.13000000 27.64800000 83.97800000 28.19900000 -3.19209780e+00
84.13000000 27.64800000 84.43000000 27.67800000 -4.72136680e-02
84.26500000 27.97300000 84.38000000 28.22900000 -3.87402520e+00
84.26500000 27.97300000 83.97800000 28.19900000 -6.88034710e-01
84.26500000 27.97300000 84.43000000 27.67800000 -1.19204980e+00
84.38000000 28.22900000 84.41000000 28.37500000 -1.71519580e+00
84.38000000 28.22900000 83.97800000 28.19900000 -8.55586210e-01
84.38000000 28.22900000 84.43000000 27.67800000 -5.11735160e+00
84.41000000 28.37500000 85.31399999 28.20700000 -1.17621860e-01
84.41000000 28.37500000 83.97800000 28.19900000 -2.57595910e+00
84.98499999 27.16600000 84.43000000 27.67800000 3.20584300e+00
84.98499999 27.16600000 85.92499999 26.71100000 -2.94162650e+00
85.10799999 27.60800000 85.27899999 27.80100000 -1.02364270e+00
85.10799999 27.60800000 85.28799999 27.68200000 -3.23740030e-01
85.10799999 27.60800000 84.43000000 27.67800000 -9.09712610e-01
85.27899999 27.80100000 85.52099999 27.69300000 -1.80129340e-01
85.27899999 27.80100000 85.35799999 27.69700000 -4.11895470e-01
85.28799999 27.68200000 85.35799999 27.69700000 -7.10011290e-02
85.52099999 27.69300000 85.87699999 27.91000000 -1.96337390e+00
85.52099999 27.69300000 85.35799999 27.69700000 -7.93452420e-02
86.54999999 27.30500000 86.59699999 26.99100000 -1.84089280e+00
86.54999999 27.30500000 85.92499999 26.71100000 -4.72024220e-01
86.54999999 27.30500000 86.72499999 27.68300000 -4.04593730e+00
86.54999999 27.30500000 87.20599999 27.38000000 -6.76718470e-02
86.59699999 26.99100000 87.39199999 26.86600000 1.09558130e-01
86.59699999 26.99100000 85.92499999 26.71100000 1.32416980e+00
86.59699999 26.99100000 87.20599999 27.38000000 -2.27519000e+00
86.71199999 27.81400000 86.82299999 27.89400000 -4.03896200e-01
87.39199999 26.86600000 87.70999999 27.35200000 -3.34905670e+00
87.39199999 26.86600000 88.18500000 26.88300000 -1.41169120e+00
87.39199999 26.86600000 88.35000000 26.71100000 2.33977770e-01
87.39199999 26.86600000 85.92499999 26.71100000 6.14405000e-01
87.39199999 26.86600000 87.20599999 27.38000000 -3.02674990e+00
87.70999999 27.35200000 88.40000000 26.98000000 -1.75644090e+00
87.70999999 27.35200000 88.18500000 26.88300000 -3.71359650e+00
87.70999999 27.35200000 86.92899999 27.97300000 -2.62637870e+00
87.70999999 27.35200000 87.20599999 27.38000000 1.55790030e-02
87.70999999 27.35200000 88.50300000 27.08900000 -9.38964790e-01
77.60000000 34.12800000 76.16200000 34.55900000 -1.18499760e-01
88.40000000 26.98000000 88.18500000 26.88300000 4.92874160e-01
88.40000000 26.98000000 88.35000000 26.71100000 -1.28409190e+00
88.40000000 26.98000000 88.56900000 26.88900000 -1.07095290e-01
88.40000000 26.98000000 88.50300000 27.08900000 -1.61434010e+00
88.68000000 27.00000000 88.56900000 26.88900000 -1.19058260e+00
88.68000000 27.00000000 88.70200000 27.02400000 -4.40358600e-01
88.68000000 27.00000000 88.75300000 26.88100000 -9.84994980e-01
88.68000000 27.00000000 88.79100000 27.01000000 -3.49916410e-01
88.68000000 27.00000000 88.50300000 27.08900000 -4.05162120e-01
88.18500000 26.88300000 88.35000000 26.71100000 -7.27636000e-01
88.35000000 26.71100000 88.56900000 26.88900000 -5.33458810e-01
88.35000000 26.71100000 88.73800000 26.75100000 -1.07243100e-01
88.35000000 26.71100000 85.92499999 26.71100000 7.16837350e-01
88.35000000 26.71100000 91.23700000 25.00000000 -3.79814670e-01
88.56900000 26.88900000 88.73800000 26.75100000 -9.22327270e-01
88.56900000 26.88900000 88.75300000 26.88100000 -4.89671470e-01
88.56900000 26.88900000 88.50300000 27.08900000 -2.00110330e+00
88.70200000 27.02400000 88.79100000 27.01000000 -1.61635830e-01
88.70200000 27.02400000 88.50300000 27.08900000 -2.42993110e-01
88.73800000 26.75100000 88.75300000 26.88100000 -6.99890950e-01
88.73800000 26.75100000 88.93600000 26.96500000 -2.28266170e+00
88.73800000 26.75100000 91.23700000 25.00000000 -8.43219790e-01
88.75300000 26.88100000 88.79100000 27.01000000 -1.48302830e+00
88.75300000 26.88100000 88.93600000 26.96500000 -1.53283750e+00
88.79100000 27.01000000 88.93600000 26.96500000 -4.86434170e-01
77.17200000 28.54400000 79.08000000 29.23000000 -5.34882570e-01
79.21100000 30.48600000 79.55900000 30.53100000 -1.07064670e+00
79.55900000 30.53100000 79.77000000 29.82000000 -6.59599170e+00
79.62000000 29.63800000 79.43000000 29.64000000 1.83616370e-01
79.62000000 29.63800000 79.65000000 29.59000000 2.47634710e-01
79.62000000 29.63800000 79.77000000 29.82000000 -1.64034790e+00
80.04100000 29.83800000 79.77000000 29.82000000 -1.76252330e-01
80.04100000 29.83800000 79.90000000 29.78000000 -5.40134500e-01
80.04100000 29.83800000 80.23000000 29.59000000 -4.46881370e-01
80.04100000 29.83800000 80.34000000 29.76000000 1.38676500e-01
82.57300000 28.06300000 83.55400000 27.87400000 4.76471830e-01
82.57300000 28.06300000 83.71800000 28.78100000 -5.28067000e+00
83.41800000 27.50700000 83.55400000 27.87400000 -1.39648430e-01
83.55400000 27.87400000 83.71800000 28.78100000 -7.95195380e+00
83.55400000 27.87400000 83.97800000 28.19900000 -2.40317260e+00
85.92499999 26.71100000 91.23700000 25.00000000 1.30046660e-01
86.71499999 27.80300000 86.72499999 27.68300000 -7.91794170e-01
86.71499999 27.80300000 86.82299999 27.89400000 -4.96827700e-01
86.72499999 27.68300000 86.82299999 27.89400000 -1.46595660e+00
86.72499999 27.68300000 87.20599999 27.38000000 -1.01615930e+00
86.82299999 27.89400000 86.92899999 27.97300000 -4.18985190e-01
86.82299999 27.89400000 87.20599999 27.38000000 -3.14882870e+00
86.82699999 28.19400000 86.92899999 27.97300000 -1.20770920e+00
86.92899999 27.97300000 87.20599999 27.38000000 -4.32067080e+00
79.08000000 29.23000000 79.43000000 29.64000000 9.97750060e-01
79.08000000 29.23000000 79.51000001 29.21000000 -1.00849060e-01
79.43000000 29.64000000 79.51000001 29.21000000 1.21151900e+00
79.43000000 29.64000000 79.65000000 29.59000000 3.64342760e-01
79.43000000 29.64000000 79.77000000 29.82000000 -1.06818330e+00
79.51000001 29.21000000 79.65000000 29.59000000 -2.19460360e-01
79.51000001 29.21000000 80.09000000 29.33000000 -4.01590880e-01
79.51000001 29.21000000 80.18000000 29.10000000 8.66464980e-01
79.65000000 29.59000000 79.77000000 29.82000000 -1.61980410e+00
79.65000000 29.59000000 79.90000000 29.78000000 -1.41075380e+00
79.65000000 29.59000000 80.09000000 29.33000000 3.59315600e-01
79.77000000 29.82000000 79.90000000 29.78000000 2.81791900e-02
79.90000000 29.78000000 80.09000000 29.33000000 -3.49671290e-01
79.90000000 29.78000000 80.23000000 29.59000000 1.96711860e-01
80.09000000 29.33000000 80.18000000 29.10000000 9.64551710e-01
80.09000000 29.33000000 80.23000000 29.59000000 -8.83241640e-01
80.23000000 29.59000000 80.34000000 29.76000000 -1.60940630e+00
80.34000000 29.76000000 80.56000000 29.86000000 -1.31492280e+00
73.24900000 34.42000000 73.39100000 33.89500000 -1.53969820e-01
73.24900000 34.42000000 73.65300000 33.97800000 -9.46391930e-02
73.24900000 34.42000000 73.93500000 33.93000000 1.80205740e-01
73.24900000 34.42000000 74.48400000 34.09500000 7.02558620e-01
73.24900000 34.42000000 74.97400000 34.35300000 1.49216880e+00
73.39100000 33.89500000 73.65300000 33.97800000 1.87811120e-01
73.39100000 33.89500000 73.75200000 33.87100000 2.57623040e-01
73.39100000 33.89500000 74.34700000 33.39500000 -4.07773600e-01
73.65300000 33.97800000 73.75200000 33.87100000 -7.72157080e-03
73.65300000 33.97800000 73.93500000 33.93000000 4.60746990e-01
73.75200000 33.87100000 73.93500000 33.93000000 4.64305600e-01
73.75200000 33.87100000 74.34700000 33.39500000 -3.08824610e+00
73.93500000 33.93000000 74.34700000 33.39500000 -5.93130350e+00
73.93500000 33.93000000 74.48400000 34.09500000 4.25084350e+00
73.93500000 33.93000000 74.59300000 33.99300000 3.71007250e+00
74.34700000 33.39500000 74.59300000 33.99300000 -4.58764730e+00
74.34700000 33.39500000 75.03700000 33.59500000 -2.94996900e+00
74.48400000 34.09500000 74.59300000 33.99300000 -7.85017360e-02
74.48400000 34.09500000 74.81700000 34.10900000 -4.24674960e-01
74.48400000 34.09500000 74.83700000 34.13000000 -6.68998430e-01
74.48400000 34.09500000 74.97400000 34.35300000 -2.74517940e+00
74.59300000 33.99300000 74.81700000 34.10900000 -2.02254240e+00
74.59300000 33.99300000 75.03700000 33.59500000 -3.69352710e-01
74.81700000 34.10900000 74.83700000 34.13000000 -2.40085100e-01
74.81700000 34.10900000 74.88900000 34.12000000 -2.14743070e-01
74.81700000 34.10900000 75.03700000 33.59500000 -2.57616960e+00
74.83700000 34.13000000 74.88900000 34.12000000 -2.11625770e-02
74.83700000 34.13000000 74.97400000 34.35300000 -1.64845540e+00
74.83700000 34.13000000 75.04500000 34.22700000 -9.30387840e-01
74.88900000 34.12000000 75.03700000 33.59500000 -3.12208310e+00
74.88900000 34.12000000 75.04500000 34.22700000 -9.38091220e-01
74.88900000 34.12000000 75.27200000 34.10000000 -3.45164870e-01
74.97400000 34.35300000 75.04500000 34.22700000 -2.93512900e-01
74.97400000 34.35300000 75.32500000 34.29200000 -5.08643110e-02
74.97400000 34.35300000 75.76900000 34.42400000 -9.09549130e-01
75.03700000 33.59500000 75.27200000 34.10000000 -5.00279980e+00
75.04500000 34.22700000 75.27200000 34.10000000 -4.82310940e-03
75.04500000 34.22700000 75.32500000 34.29200000 -6.93477450e-01
75.27200000 34.10000000 75.32500000 34.29200000 -1.17834450e+00
75.27200000 34.10000000 75.76900000 34.42400000 -2.44004910e+00
75.32500000 34.29200000 75.76900000 34.42400000 -1.01512520e+00
75.76900000 34.42400000 76.16200000 34.55900000 -6.70008630e-01
