79.09800000 31.88700000 79.81400000 31.49800000 3.93689506e-02
79.09800000 31.88700000 80.29300000 31.71100000 -5.03942709e-01
79.09800000 31.88700000 77.92100000 32.36400000 -1.66141075e+00
79.09800000 31.88700000 78.75400000 31.03700000 -2.20180277e+00
79.09800000 31.88700000 78.97300000 32.77900000 -5.88319036e-01
79.09800000 31.88700000 78.67600000 30.99700000 -2.38460200e+00
79.81400000 31.49800000 80.29300000 31.71100000 -2.55043250e-01
79.81400000 31.49800000 80.42900000 30.96100000 -2.56973281e-01
79.81400000 31.49800000 78.75400000 31.03700000 -1.66650827e+00
79.81400000 31.49800000 79.49300000 30.74300000 -1.40265320e+00
80.29300000 31.71100000 80.42900000 30.96100000 1.88414692e-01
80.29300000 31.71100000 81.42800000 30.83700000 -9.72216919e-02
80.29300000 31.71100000 78.97300000 32.77900000 3.20509577e-01
80.42900000 30.96100000 81.17600000 30.29000000 -3.23654115e-01
80.42900000 30.96100000 81.42800000 30.83700000 3.58810150e-01
80.42900000 30.96100000 79.49300000 30.74300000 -1.26654951e+00
80.42900000 30.96100000 80.24000000 30.06000000 -5.20063685e+00
80.42900000 30.96100000 79.55900000 30.53100000 -3.23273583e+00
81.17600000 30.29000000 81.42800000 30.83700000 -7.31938209e-01
81.17600000 30.29000000 81.85600000 30.71600000 -7.17357069e-01
81.17600000 30.29000000 80.24000000 30.06000000 -1.78442100e+00
81.17600000 30.29000000 81.20100000 29.47400000 -5.23192010e+00
81.17600000 30.29000000 81.80700000 29.96900000 2.15759491e-01
81.17600000 30.29000000 80.56000000 29.86000000 -4.02795265e+00
81.42800000 30.83700000 81.85600000 30.71600000 1.63175383e-01
81.85600000 30.71600000 82.83200000 30.38900000 5.78894904e-02
81.85600000 30.71600000 81.80700000 29.96900000 -4.03853205e-01
82.83200000 30.38900000 83.24000000 29.80000000 6.34682716e-02
82.83200000 30.38900000 84.03900000 29.72100000 -8.62982935e-01
82.83200000 30.38900000 81.80700000 29.96900000 -7.56580264e-01
82.83200000 30.38900000 82.19300000 29.27800000 -4.32688620e+00
82.83200000 30.38900000 85.74100000 29.59100000 2.04494125e-01
83.24000000 29.80000000 84.03900000 29.72100000 4.10374364e-01
83.24000000 29.80000000 84.04300000 29.53400000 -1.17859959e-01
83.24000000 29.80000000 82.19300000 29.27800000 -3.17562033e+00
83.24000000 29.80000000 82.81800000 28.98400000 -3.62401177e+00
83.24000000 29.80000000 83.89500000 29.17900000 -1.87802716e+00
84.03900000 29.72100000 84.15600000 29.68000000 8.76006866e-02
84.03900000 29.72100000 84.04300000 29.53400000 -5.25381521e-01
84.03900000 29.72100000 85.74100000 29.59100000 1.54513502e-01
84.15600000 29.68000000 84.04300000 29.53400000 -3.63271793e-01
84.15600000 29.68000000 85.21000000 29.44000000 6.81677198e-01
84.15600000 29.68000000 85.74100000 29.59100000 -4.20193713e-02
85.44200000 28.95900000 85.64000000 29.44100000 -1.25996485e+00
85.44200000 28.95900000 86.38699999 28.68700000 -5.74412657e-01
85.44200000 28.95900000 85.21000000 29.44000000 3.52063602e-02
85.44200000 28.95900000 86.01999999 28.30000000 5.07101849e-01
85.44200000 28.95900000 84.41000000 28.37500000 -1.31082793e+00
85.44200000 28.95900000 85.31399999 28.20700000 -2.55913197e+00
85.64000000 29.44100000 86.38699999 28.68700000 -8.14963826e-01
85.64000000 29.44100000 85.21000000 29.44000000 -3.76422090e-01
85.64000000 29.44100000 85.74100000 29.59100000 -3.07182973e-01
85.97499999 28.14900000 85.32899999 28.17100000 7.91106253e-01
85.97499999 28.14900000 86.01999999 28.29000000 -7.69992192e-01
85.97499999 28.14900000 86.01999999 28.30000000 -8.01183395e-01
85.97499999 28.14900000 86.22999999 27.63500000 -3.45964806e+00
85.97499999 28.14900000 86.81299999 27.95800000 -4.96234616e-01
85.97499999 28.14900000 85.31399999 28.20700000 8.72545864e-01
85.97499999 28.14900000 85.87699999 27.91000000 -2.40219513e+00
85.97499999 28.14900000 86.71199999 27.81400000 7.70997762e-02
85.97499999 28.14900000 86.82699999 28.19400000 -8.93062658e-01
86.38699999 28.68700000 86.96699999 28.39200000 -1.09488498e+00
86.38699999 28.68700000 87.05999999 28.58700000 -8.09430001e-01
86.38699999 28.68700000 87.08600000 29.32000000 -3.42747972e-01
86.38699999 28.68700000 86.93999999 28.35700000 -1.04396420e+00
86.38699999 28.68700000 86.01999999 28.30000000 -1.79767415e+00
86.38699999 28.68700000 86.82699999 28.19400000 -5.90270240e-01
86.38699999 28.68700000 85.74100000 29.59100000 -9.41607952e-01
86.94099999 28.35700000 86.82699999 28.19400000 3.12056524e-01
86.94099999 28.35700000 86.92899999 27.97300000 8.45517449e-01
86.96699999 28.39200000 87.05999999 28.58700000 -1.22728565e-01
86.96699999 28.39200000 87.76900000 28.53800000 -4.87558639e-01
86.96699999 28.39200000 86.92899999 27.97300000 9.47540890e-01
86.96699999 28.39200000 87.15499999 28.63000000 -1.12184432e-01
87.05999999 28.58700000 87.08600000 29.32000000 -1.22379610e+00
87.05999999 28.58700000 87.15499999 28.63000000 -2.10077419e-02
87.08600000 29.32000000 85.74100000 29.59100000 -4.61501789e-01
87.18400000 29.26900000 87.57700000 29.11800000 1.29326460e-01
87.18400000 29.26900000 87.15499999 28.63000000 -1.16001626e+00
87.76900000 28.53800000 88.56000000 28.24400000 -1.25321740e+00
87.76900000 28.53800000 88.86500000 29.24900000 -1.86142486e+00
87.76900000 28.53800000 87.57700000 29.11800000 -1.55987644e+00
87.76900000 28.53800000 87.70999999 27.35200000 -2.11344469e+00
87.76900000 28.53800000 86.92899999 27.97300000 4.12189684e-01
87.76900000 28.53800000 87.15499999 28.63000000 -4.72445832e-01
87.76900000 28.53800000 88.86400000 29.25000000 -1.86346090e+00
88.56000000 28.24400000 88.86500000 29.24900000 -3.75904079e+00
88.56000000 28.24400000 89.15400000 27.72100000 -9.67192911e-01
88.56000000 28.24400000 89.30500000 27.93100000 5.67654729e-01
88.56000000 28.24400000 89.55600000 28.91100000 -6.55315431e-01
88.56000000 28.24400000 89.62700000 28.31500000 2.42719197e+00
88.56000000 28.24400000 88.56900000 27.36500000 -3.84504731e+00
88.56000000 28.24400000 88.91000000 27.49000000 -2.58143249e+00
88.56000000 28.24400000 87.70999999 27.35200000 -2.55924239e+00
88.86500000 29.24900000 89.55600000 28.91100000 -1.28989135e+00
88.86500000 29.24900000 90.15400000 29.44400000 4.45006072e-01
88.86500000 29.24900000 89.57300000 28.91400000 -1.27934337e+00
88.90600000 27.43700000 89.15400000 27.72100000 -8.48256442e-01
88.90600000 27.43700000 88.56900000 27.36500000 -1.63183601e-01
88.90600000 27.43700000 89.39200000 26.84900000 -4.81082642e-01
88.90600000 27.43700000 89.63500000 27.47200000 -3.87947398e-01
88.90600000 27.43700000 88.70200000 27.02400000 -2.18745531e+00
88.90600000 27.43700000 88.79100000 27.01000000 -2.40008573e+00
88.90600000 27.43700000 88.93600000 26.96500000 -2.35123093e+00
89.15400000 27.72100000 89.30500000 27.93100000 -6.57785630e-01
89.15400000 27.72100000 88.91000000 27.49000000 -6.47798153e-01
89.15400000 27.72100000 89.63500000 27.47200000 -7.56118380e-01
89.30500000 27.93100000 89.62700000 28.31500000 -7.15480566e-01
89.30500000 27.93100000 89.63500000 27.47200000 -1.91946244e+00
89.55600000 28.91100000 89.62700000 28.31500000 -1.83510366e+00
89.55600000 28.91100000 89.91100000 28.61900000 -6.89485964e-01
89.62700000 28.31500000 89.91100000 28.61900000 -8.14898343e-01
89.62700000 28.31500000 90.55800000 28.41900000 -1.11739689e+00
89.62700000 28.31500000 89.63500000 27.47200000 -3.62672136e+00
89.91100000 28.61900000 90.10700000 28.93200000 -1.07752048e+00
89.91100000 28.61900000 90.55800000 28.41900000 -3.76356408e-02
89.91100000 28.61900000 89.57300000 28.91400000 -7.24099107e-01
90.10700000 28.93200000 90.15400000 29.44400000 -1.32293528e+00
90.10700000 28.93200000 90.26700000 29.32400000 -1.02189298e+00
90.10700000 28.93200000 90.55800000 28.41900000 -5.79447378e-01
90.10700000 28.93200000 90.95900000 29.27800000 1.31382763e-01
90.10700000 28.93200000 89.57300000 28.91400000 4.36245624e-01
90.15400000 29.44400000 90.26700000 29.32400000 -4.84869677e-02
90.15400000 29.44400000 78.70400000 33.19100000 2.12912476e+00
90.15400000 29.44400000 89.57300000 28.91400000 -1.27664903e-01
90.15400000 29.44400000 85.74100000 29.59100000 4.11279177e-01
90.26700000 29.32400000 90.95900000 29.27800000 9.17917876e-01
90.55800000 28.41900000 91.88900000 28.96000000 1.24855721e-01
90.55800000 28.41900000 91.91000000 27.97100000 1.31154475e+00
90.55800000 28.41900000 89.63500000 27.47200000 -2.76411142e+00
90.55800000 28.41900000 90.95900000 29.27800000 -2.34777270e+00
91.88900000 28.96000000 91.91000000 27.97100000 -2.30738961e+00
91.88900000 28.96000000 92.39900000 28.42200000 1.40600864e+00
91.88900000 28.96000000 93.07300000 29.04400000 -7.09361356e-01
91.88900000 28.96000000 92.43900000 28.43200000 1.41628068e+00
91.88900000 28.96000000 90.95900000 29.27800000 1.84346036e+00
91.91000000 27.97100000 92.39900000 28.42200000 -1.06176986e+00
91.91000000 27.97100000 92.41500000 27.27000000 -5.04591228e+00
91.91000000 27.97100000 89.63500000 27.47200000 -5.08641275e-01
92.39900000 28.42200000 92.41500000 27.27000000 -8.28579855e+00
93.07300000 29.04400000 92.43900000 28.43200000 -2.27057249e+00
93.07300000 29.04400000 92.41500000 27.27000000 -8.81280360e+00
93.07300000 29.04400000 90.95900000 29.27800000 1.55282372e+00
83.95300000 29.17800000 84.04300000 29.53400000 -1.33302182e+00
83.95300000 29.17800000 85.21000000 29.44000000 -8.27045512e-01
83.95300000 29.17800000 83.74300000 28.80500000 -1.30891439e+00
83.95300000 29.17800000 84.41000000 28.37500000 -2.04611648e+00
84.04300000 29.53400000 85.21000000 29.44000000 4.77442584e-01
84.04300000 29.53400000 83.89500000 29.17900000 -1.32256850e+00
86.93999999 28.35700000 86.82699999 28.19400000 3.14236225e-01
75.36300000 32.56500000 75.88100000 32.30400000 7.22757438e-01
75.36300000 32.56500000 75.93800000 31.47900000 -1.68482798e+00
75.36300000 32.56500000 75.99300000 32.53600000 1.74707205e-02
75.36300000 32.56500000 74.34700000 33.39500000 4.69103168e-01
75.36300000 32.56500000 75.03700000 33.59500000 -2.12410607e-01
75.88100000 32.30400000 75.93800000 31.47900000 -1.84053454e+00
75.88100000 32.30400000 75.99300000 32.53600000 -2.70677558e+00
75.88100000 32.30400000 76.29400000 31.89700000 -2.65502742e-01
75.88100000 32.30400000 76.30700000 32.24800000 -4.22899237e-01
75.93800000 31.47900000 76.29400000 31.89700000 -1.53300028e+00
75.93800000 31.47900000 76.30700000 31.53800000 -1.84202613e-01
75.93800000 31.47900000 77.12600000 28.48200000 -9.60381468e-01
75.93800000 31.47900000 77.63000000 30.27600000 -5.44811444e+00
75.93800000 31.47900000 77.17200000 28.54400000 -8.80633936e-01
75.93800000 31.47900000 73.39100000 33.89500000 -5.06118757e-04
75.93800000 31.47900000 74.34700000 33.39500000 -5.55178044e-01
75.99300000 32.53600000 76.30700000 32.24800000 -2.37054121e-01
75.99300000 32.53600000 76.68900000 32.69800000 -4.00685257e+00
75.99300000 32.53600000 75.03700000 33.59500000 4.67236633e-01
76.29400000 31.89700000 76.30700000 31.53800000 -9.80842966e-01
76.29400000 31.89700000 76.30700000 32.24800000 -1.70420007e+00
76.29400000 31.89700000 76.67300000 31.91900000 -2.09578280e+00
76.30700000 31.53800000 76.67300000 31.91900000 -3.36646517e+00
76.30700000 31.53800000 76.81500000 31.63400000 -3.86318553e+00
76.30700000 31.53800000 77.63000000 30.27600000 -3.35726010e+00
76.30700000 32.24800000 76.67300000 31.91900000 -1.16766236e+00
76.30700000 32.24800000 76.68900000 32.69800000 -8.08238779e+00
76.30700000 32.24800000 77.19200000 32.31700000 -5.07199079e+00
76.67300000 31.91900000 76.81500000 31.63400000 -3.90506001e-01
76.67300000 31.91900000 77.10800000 32.06700000 -6.35770682e+00
76.67300000 31.91900000 77.19200000 32.31700000 -8.59157945e+00
76.68900000 32.69800000 77.17500000 32.63400000 7.53426128e-01
76.68900000 32.69800000 77.19200000 32.31700000 1.82843406e-01
76.68900000 32.69800000 77.42500000 32.79800000 2.50604611e+00
76.68900000 32.69800000 77.60000000 34.12800000 -4.04570763e+00
76.68900000 32.69800000 75.03700000 33.59500000 1.43718882e+00
76.68900000 32.69800000 75.27200000 34.10000000 2.60504941e+00
76.68900000 32.69800000 75.76900000 34.42400000 1.08179145e+00
76.68900000 32.69800000 76.16200000 34.55900000 1.00606536e-01
76.81500000 31.63400000 77.10800000 32.06700000 -7.09797402e+00
76.81500000 31.63400000 77.63000000 30.27600000 4.39933304e-01
76.81500000 31.63400000 78.02100000 30.45900000 -4.88032680e+00
76.81500000 31.63400000 78.67600000 30.99700000 -4.01468172e+00
77.10800000 32.06700000 77.19200000 32.31700000 -2.82605443e+00
77.10800000 32.06700000 77.92100000 32.36400000 -1.43399053e+00
77.10800000 32.06700000 78.67600000 30.99700000 -1.30618290e+00
77.12600000 28.48200000 78.60800001 25.45200000 -2.49631157e-01
77.12600000 28.48200000 79.08000000 29.23000000 -2.64208806e-01
77.12600000 28.48200000 73.39100000 33.89500000 2.88693972e-01
77.17500000 32.63400000 77.19200000 32.31700000 -2.86276113e+00
77.17500000 32.63400000 77.42500000 32.79800000 1.18861760e+00
77.19200000 32.31700000 77.42500000 32.79800000 -3.26131960e+00
77.19200000 32.31700000 77.92100000 32.36400000 -3.65611243e-01
77.42500000 32.79800000 77.80800000 33.97200000 4.28412357e-02
77.42500000 32.79800000 77.92100000 32.36400000 -4.97806832e+00
77.42500000 32.79800000 78.66000000 33.20900000 -3.59520303e+00
77.42500000 32.79800000 77.60000000 34.12800000 9.82161388e-01
77.63000000 30.27600000 77.86000000 30.32900000 1.29125247e+00
77.63000000 30.27600000 77.86800000 30.14700000 -2.41980827e+00
77.63000000 30.27600000 78.02100000 30.45900000 1.64680415e+00
77.63000000 30.27600000 77.17200000 28.54400000 4.25691489e-01
77.80800000 33.97200000 78.66000000 33.20900000 -1.22970146e+00
77.86000000 30.32900000 77.86800000 30.14700000 1.97358221e+00
77.86000000 30.32900000 77.97400000 30.28500000 -1.87920467e-01
77.86000000 30.32900000 78.01400000 30.32900000 1.45146224e-01
77.86000000 30.32900000 78.02100000 30.45900000 -1.45133065e+00
77.86800000 30.14700000 77.97400000 30.28500000 2.39544041e+00
77.86800000 30.14700000 77.97900000 30.09500000 -1.44485766e+00
77.92100000 32.36400000 78.66000000 33.20900000 -7.18625836e-01
77.92100000 32.36400000 78.97300000 32.77900000 -1.02695573e+00
77.92100000 32.36400000 78.67600000 30.99700000 -4.84010903e+00
77.97400000 30.28500000 77.97900000 30.09500000 -6.50554822e-01
77.97400000 30.28500000 78.01400000 30.32900000 -4.05810859e-01
77.97400000 30.28500000 78.18700000 30.19100000 -2.54892083e-01
77.97900000 30.09500000 78.18700000 30.19100000 3.57189536e-01
77.97900000 30.09500000 78.68000000 29.84800000 -5.98262045e-01
77.97900000 30.09500000 77.17200000 28.54400000 2.98476307e+00
78.01400000 30.32900000 78.02100000 30.45900000 -2.43907640e+00
78.01400000 30.32900000 78.11500000 30.45200000 -2.10304933e+00
78.01400000 30.32900000 78.15500000 30.34200000 1.48079082e-01
78.01400000 30.32900000 78.18700000 30.19100000 -8.69754957e-01
78.02100000 30.45900000 78.11500000 30.45200000 4.55725659e-02
78.02100000 30.45900000 78.67600000 30.99700000 -3.52027399e+00
78.11500000 30.45200000 78.15500000 30.34200000 -2.01839708e+00
78.11500000 30.45200000 78.61700000 30.80600000 -2.50068264e+00
78.11500000 30.45200000 78.36500000 30.40400000 -1.61368022e-01
78.15500000 30.34200000 78.18700000 30.19100000 -1.83139994e+00
78.15500000 30.34200000 78.36800000 30.39400000 -6.54867789e-01
78.15500000 30.34200000 78.36500000 30.40400000 -7.73961892e-01
78.18700000 30.19100000 78.36800000 30.39400000 -2.81119038e+00
78.18700000 30.19100000 78.68000000 29.84800000 -6.71310376e-01
78.36800000 30.39400000 78.61700000 30.80600000 -4.41829051e+00
78.36800000 30.39400000 78.68000000 29.84800000 -3.39599821e+00
78.36800000 30.39400000 79.09000000 30.29800000 -6.09698782e-01
78.60800001 25.45200000 80.94300001 26.89100000 -7.62561205e-02
78.60800001 25.45200000 85.92499999 26.71100000 -1.07340823e+00
78.60800001 25.45200000 79.08000000 29.23000000 -7.78453053e-01
78.60800001 25.45200000 91.23700000 25.00000000 5.49173276e-01
78.61700000 30.80600000 78.75400000 31.03700000 -1.49472119e+00
78.61700000 30.80600000 79.09000000 30.29800000 -3.46818899e+00
78.61700000 30.80600000 78.36500000 30.40400000 -4.24870503e+00
78.61700000 30.80600000 78.67600000 30.99700000 -1.47274372e+00
78.61700000 30.80600000 79.21100000 30.48600000 -1.58462802e+00
78.66000000 33.20900000 78.97300000 32.77900000 6.31348666e-02
78.68000000 29.84800000 79.09000000 30.29800000 -4.70422948e+00
78.68000000 29.84800000 77.17200000 28.54400000 4.65278642e-02
78.68000000 29.84800000 79.08000000 29.23000000 -1.16278705e+00
78.68000000 29.84800000 79.43000000 29.64000000 -3.33988407e-02
78.75400000 31.03700000 79.49300000 30.74300000 4.79676515e-01
78.75400000 31.03700000 78.67600000 30.99700000 -2.65067100e-02
78.75400000 31.03700000 79.21100000 30.48600000 -3.34650279e+00
79.09000000 30.29800000 79.19400000 30.32900000 -8.09298375e-01
79.09000000 30.29800000 79.21100000 30.48600000 -3.13343006e+00
79.09000000 30.29800000 79.43000000 29.64000000 -4.01063774e+00
79.19400000 30.32900000 79.21100000 30.48600000 -1.86563985e+00
79.19400000 30.32900000 79.55900000 30.53100000 -7.39898581e-01
79.19400000 30.32900000 79.43000000 29.64000000 -5.54298840e+00
79.19400000 30.32900000 79.77000000 29.82000000 -2.22255444e+00
79.49300000 30.74300000 79.21100000 30.48600000 -2.19604184e+00
79.49300000 30.74300000 79.55900000 30.53100000 -2.65833767e+00
80.24000000 30.06000000 79.55900000 30.53100000 -9.33272472e-02
80.24000000 30.06000000 80.04100000 29.83800000 -4.57346843e+00
80.24000000 30.06000000 79.77000000 29.82000000 -3.68463755e+00
80.24000000 30.06000000 80.34000000 29.76000000 -5.19118685e+00
80.24000000 30.06000000 80.56000000 29.86000000 -7.03885971e-01
80.94300001 26.89100000 80.14800001 28.96300000 -6.20559718e-01
80.94300001 26.89100000 81.11600000 28.61300000 -2.17674912e-01
80.94300001 26.89100000 81.57500000 28.13400000 -9.51666068e-01
80.94300001 26.89100000 82.09500000 28.01000000 5.61433434e-01
80.94300001 26.89100000 82.54000000 27.78600000 -5.51476060e-01
80.94300001 26.89100000 80.58200000 28.75400000 3.44538657e+00
80.94300001 26.89100000 81.61500000 28.04900000 -5.90983128e-01
80.94300001 26.89100000 85.92499999 26.71100000 -3.23871938e-01
80.94300001 26.89100000 79.08000000 29.23000000 -4.81245734e-01
88.56900000 27.36500000 88.91000000 27.49000000 -2.82440259e-01
88.56900000 27.36500000 87.70999999 27.35200000 -1.22910879e+00
88.56900000 27.36500000 88.70200000 27.02400000 -1.79607073e+00
88.56900000 27.36500000 88.50300000 27.08900000 -1.12142120e+00
89.39200000 26.84900000 92.41500000 27.27000000 -2.11235820e+00
89.39200000 26.84900000 89.63500000 27.47200000 -8.86556411e-01
89.39200000 26.84900000 88.73800000 26.75100000 -1.10792245e+00
89.39200000 26.84900000 88.93600000 26.96500000 2.36463691e-01
89.39200000 26.84900000 91.23700000 25.00000000 -1.37707887e+00
92.43900000 28.43200000 92.41500000 27.27000000 -8.15563807e+00
80.14800001 28.96300000 80.63600000 29.01200000 2.58977326e-01
80.14800001 28.96300000 80.58200000 28.75400000 1.17685352e+00
80.14800001 28.96300000 79.08000000 29.23000000 -5.86037909e-02
80.14800001 28.96300000 79.51000001 29.21000000 -4.35657505e-02
80.14800001 28.96300000 80.18000000 29.10000000 -6.49329205e-01
80.60200000 29.33400000 80.72100000 29.52700000 -2.81465594e+00
80.60200000 29.33400000 80.50100000 29.73400000 -3.74755929e+00
80.60200000 29.33400000 80.62600000 29.17700000 -7.61174117e-01
80.60200000 29.33400000 81.20100000 29.47400000 -2.39782051e+00
80.60200000 29.33400000 80.09000000 29.33000000 -2.85855495e-01
80.60200000 29.33400000 80.18000000 29.10000000 -7.65049641e-01
80.60200000 29.33400000 80.23000000 29.59000000 -1.45884327e-01
80.63600000 29.01200000 81.11600000 28.61300000 2.85363316e-01
80.63600000 29.01200000 81.35300000 28.82400000 3.62490490e-01
80.63600000 29.01200000 80.58200000 28.75400000 5.79605507e-01
80.63600000 29.01200000 80.62600000 29.17700000 -5.74926720e-01
80.63600000 29.01200000 81.20100000 29.47400000 -6.39344912e+00
80.63600000 29.01200000 80.18000000 29.10000000 1.52726319e-01
80.72100000 29.52700000 80.50100000 29.73400000 -9.44470118e-01
80.72100000 29.52700000 81.20100000 29.47400000 7.58238542e-01
80.72100000 29.52700000 80.56000000 29.86000000 -4.07654844e+00
81.11600000 28.61300000 81.35300000 28.82400000 -1.11651854e+00
81.11600000 28.61300000 81.57500000 28.13400000 -5.20386708e-01
81.11600000 28.61300000 81.63400000 28.58300000 -1.69661493e-01
81.11600000 28.61300000 81.69100000 28.40700000 1.51955135e-01
81.11600000 28.61300000 80.58200000 28.75400000 2.62108343e-01
81.35300000 28.82400000 81.63400000 28.58300000 -4.51284783e-02
81.35300000 28.82400000 81.63500000 28.58600000 -3.04693586e-02
81.35300000 28.82400000 81.20100000 29.47400000 -6.84957187e+00
81.35300000 28.82400000 81.71400000 28.65600000 2.33658872e-01
81.35300000 28.82400000 82.19300000 29.27800000 -6.42240516e+00
81.57500000 28.13400000 81.69100000 28.40700000 -1.36319931e-01
81.63400000 28.58300000 81.69100000 28.40700000 -1.85838765e-01
81.63400000 28.58300000 81.71400000 28.65600000 -5.62798459e-01
81.63500000 28.58600000 81.71400000 28.65600000 -5.44425887e-01
81.69100000 28.40700000 82.09500000 28.01000000 9.31502576e-02
81.69100000 28.40700000 82.34700000 28.24900000 -6.06767522e-02
81.69100000 28.40700000 81.59500000 28.11700000 -2.01539057e-01
81.69100000 28.40700000 81.71400000 28.65600000 -8.99166447e-01
82.09500000 28.01000000 82.24700000 28.03000000 5.15389709e-01
82.09500000 28.01000000 82.34700000 28.24900000 1.48292126e-02
82.09500000 28.01000000 82.54000000 27.78600000 -8.66013210e-01
82.09500000 28.01000000 81.59500000 28.11700000 4.82660374e-01
82.09500000 28.01000000 81.61500000 28.04900000 4.78907496e-01
82.24700000 28.03000000 82.34700000 28.24900000 1.54705299e-01
82.24700000 28.03000000 82.54000000 27.78600000 -2.52842040e+00
82.24700000 28.03000000 82.49100000 27.95100000 -2.22281877e+00
82.24700000 28.03000000 82.57300000 28.06300000 -1.71805199e+00
82.34700000 28.24900000 81.71400000 28.65600000 -2.04783048e-02
82.34700000 28.24900000 82.81800000 28.98400000 -1.00227984e+01
82.34700000 28.24900000 82.57300000 28.06300000 -7.71434685e-01
82.50400000 27.95100000 82.54000000 27.78600000 -8.95926366e-01
82.50400000 27.95100000 82.57300000 28.06300000 6.92265230e-01
82.54000000 27.78600000 82.78500000 27.56800000 6.57472115e-02
82.54000000 27.78600000 82.49100000 27.95100000 -9.26480034e-01
82.54000000 27.78600000 82.57300000 28.06300000 -4.29298060e-01
82.78500000 27.56800000 82.57300000 28.06300000 -6.00366169e-01
82.78500000 27.56800000 83.41800000 27.50700000 -4.51511374e-02
82.78500000 27.56800000 83.55400000 27.87400000 3.76351345e-01
85.00799999 27.31600000 85.39799999 27.57500000 -9.36236263e-01
85.00799999 27.31600000 84.98499999 27.16600000 3.72746860e-01
85.00799999 27.31600000 85.10799999 27.60800000 -1.52635319e+00
85.00799999 27.31600000 84.43000000 27.67800000 -7.60576986e-01
85.21000000 29.44000000 84.41000000 28.37500000 -3.06928393e+00
85.21000000 29.44000000 85.74100000 29.59100000 -9.97673870e-01
85.22199999 28.01500000 85.32899999 28.17100000 -8.45076336e-01
85.22199999 28.01500000 84.38000000 28.22900000 9.03925777e-01
85.22199999 28.01500000 84.41000000 28.37500000 2.06370879e-01
85.22199999 28.01500000 85.10799999 27.60800000 -4.04295230e+00
85.22199999 28.01500000 85.27899999 27.80100000 -3.09340386e+00
85.22199999 28.01500000 85.31399999 28.20700000 -1.14350419e+00
85.22199999 28.01500000 84.43000000 27.67800000 -1.74640894e+00
85.27999999 27.69300000 85.10799999 27.60800000 -1.28933238e-01
85.27999999 27.69300000 85.27899999 27.80100000 -7.99166496e-01
85.27999999 27.69300000 85.28799999 27.68200000 -5.17242177e-02
85.27999999 27.69300000 85.35799999 27.69700000 -2.66663545e-02
85.32899999 28.17100000 85.27899999 27.80100000 -4.26295240e+00
85.32899999 28.17100000 85.52099999 27.69300000 -5.44821078e+00
85.32899999 28.17100000 85.87699999 27.91000000 -2.15542516e+00
85.39799999 27.57500000 85.79399999 27.74500000 -1.68941701e+00
85.39799999 27.57500000 84.98499999 27.16600000 -6.84811936e-01
85.39799999 27.57500000 85.10799999 27.60800000 -1.16861374e-01
85.39799999 27.57500000 85.28799999 27.68200000 -4.10095582e-01
85.39799999 27.57500000 85.52099999 27.69300000 -2.83512394e-01
85.39799999 27.57500000 85.35799999 27.69700000 -3.91650738e-01
85.39799999 27.57500000 85.92499999 26.71100000 -1.51817400e+00
85.79399999 27.74500000 86.22999999 27.63500000 3.90474433e-01
85.79399999 27.74500000 85.52099999 27.69300000 -1.17078502e+00
85.79399999 27.74500000 85.87699999 27.91000000 -1.82559670e+00
85.79399999 27.74500000 85.92499999 26.71100000 -5.22076028e+00
86.01999999 28.29000000 86.82699999 28.19400000 -2.20952052e+00
86.01999999 28.30000000 85.31399999 28.20700000 1.90685306e+00
86.01999999 28.30000000 86.82699999 28.19400000 -2.27437800e+00
86.22999999 27.63500000 85.87699999 27.91000000 -6.29776576e-03
86.22999999 27.63500000 86.54999999 27.30500000 2.15276256e-01
86.22999999 27.63500000 86.71199999 27.81400000 -5.09565605e-03
86.22999999 27.63500000 85.92499999 26.71100000 -7.58179839e+00
86.22999999 27.63500000 86.71499999 27.80300000 8.87531334e-02
86.22999999 27.63500000 86.72499999 27.68300000 1.16622492e+00
86.81299999 27.95800000 86.71199999 27.81400000 -1.93245313e-02
86.81299999 27.95800000 86.82299999 27.89400000 8.82163656e-02
86.81299999 27.95800000 86.82699999 28.19400000 5.31919846e-01
86.81299999 27.95800000 86.92899999 27.97300000 -3.11613622e-01
87.57700000 29.11800000 87.15499999 28.63000000 -4.97948950e-01
87.57700000 29.11800000 88.86400000 29.25000000 -4.23290314e-01
78.70400000 33.19100000 85.74100000 29.59100000 1.45299571e+00
92.41500000 27.27000000 89.63500000 27.47200000 -1.01395543e+00
92.41500000 27.27000000 91.23700000 25.00000000 -8.68256938e+00
80.50100000 29.73400000 80.23000000 29.59000000 -2.64202889e+00
80.50100000 29.73400000 80.34000000 29.76000000 2.79844265e-02
80.50100000 29.73400000 80.56000000 29.86000000 -2.20448141e+00
80.62600000 29.17700000 81.20100000 29.47400000 -4.72018795e+00
80.62600000 29.17700000 80.18000000 29.10000000 5.51408569e-02
81.20100000 29.47400000 81.80700000 29.96900000 -4.27012085e+00
81.20100000 29.47400000 82.19300000 29.27800000 -9.42345480e-02
81.20100000 29.47400000 80.56000000 29.86000000 -4.50479121e-01
81.71400000 28.65600000 82.19300000 29.27800000 -8.50670525e+00
81.71400000 28.65600000 82.81800000 28.98400000 -4.64397697e+00
81.80700000 29.96900000 82.19300000 29.27800000 -3.34499515e+00
82.19300000 29.27800000 82.81800000 28.98400000 1.37261309e+00
82.49100000 27.95100000 82.57300000 28.06300000 7.41215410e-01
82.81800000 28.98400000 83.74300000 28.80500000 3.72365475e-01
82.81800000 28.98400000 83.89500000 29.17900000 2.38216758e-01
82.81800000 28.98400000 82.57300000 28.06300000 -1.01287693e+01
82.81800000 28.98400000 83.71800000 28.78100000 3.08229862e-01
83.60300000 27.76700000 83.82600000 27.45700000 -4.80319874e-01
83.60300000 27.76700000 84.13000000 27.64800000 -4.70993022e-01
83.60300000 27.76700000 83.41800000 27.50700000 1.62960317e-01
83.60300000 27.76700000 83.55400000 27.87400000 7.55124098e-02
83.60300000 27.76700000 83.97800000 28.19900000 -3.06844311e+00
83.74300000 28.80500000 83.89500000 29.17900000 -1.33042228e+00
83.74300000 28.80500000 83.93600000 28.26000000 -3.15145743e+00
83.74300000 28.80500000 84.41000000 28.37500000 -1.80459864e+00
83.82600000 27.45700000 84.13000000 27.64800000 -3.74291733e-02
83.82600000 27.45700000 84.98499999 27.16600000 -1.83708382e-01
83.82600000 27.45700000 83.41800000 27.50700000 6.26347355e-02
83.93600000 28.26000000 84.41000000 28.37500000 -6.54165082e-01
83.93600000 28.26000000 83.55400000 27.87400000 -3.40603456e+00
83.93600000 28.26000000 83.71800000 28.78100000 -3.13676549e+00
84.13000000 27.64800000 84.26500000 27.97300000 -2.04272120e+00
84.13000000 27.64800000 84.98499999 27.16600000 -1.28806244e-01
84.13000000 27.64800000 83.97800000 28.19900000 -2.29660847e+00
84.13000000 27.64800000 84.43000000 27.67800000 -1.85624025e-01
84.26500000 27.97300000 84.38000000 28.22900000 -2.53089592e+00
84.26500000 27.97300000 83.97800000 28.19900000 -2.98162863e-01
84.26500000 27.97300000 84.43000000 27.67800000 -7.83541495e-01
84.38000000 28.22900000 84.41000000 28.37500000 -2.42360976e-01
84.38000000 28.22900000 83.97800000 28.19900000 -7.81211490e-01
84.38000000 28.22900000 84.43000000 27.67800000 -3.43924679e+00
84.41000000 28.37500000 85.31399999 28.20700000 7.07255258e-01
84.41000000 28.37500000 83.97800000 28.19900000 -1.01674408e+00
84.98499999 27.16600000 84.43000000 27.67800000 -8.84215134e-01
84.98499999 27.16600000 85.92499999 26.71100000 -9.57968549e-01
85.10799999 27.60800000 85.27899999 27.80100000 -8.04296804e-01
85.10799999 27.60800000 85.28799999 27.68200000 -9.58792850e-02
85.10799999 27.60800000 84.43000000 27.67800000 -3.95690526e-02
85.27899999 27.80100000 85.52099999 27.69300000 -8.10247499e-01
85.27899999 27.80100000 85.35799999 27.69700000 -8.34728373e-01
85.28799999 27.68200000 85.35799999 27.69700000 -3.76452631e-03
85.52099999 27.69300000 85.87699999 27.91000000 -2.50370000e+00
85.52099999 27.69300000 85.35799999 27.69700000 -2.52525221e-01
86.54999999 27.30500000 86.59699999 26.99100000 -4.11117211e+00
86.54999999 27.30500000 85.92499999 26.71100000 -5.97942921e+00
86.54999999 27.30500000 86.72499999 27.68300000 -2.73009301e+00
86.54999999 27.30500000 87.20599999 27.38000000 1.72064108e+00
86.59699999 26.99100000 87.39199999 26.86600000 -8.74809770e-01
86.59699999 26.99100000 85.92499999 26.71100000 4.75742080e-01
86.59699999 26.99100000 87.20599999 27.38000000 -2.28543316e+00
86.71199999 27.81400000 86.82299999 27.89400000 -2.12390756e-01
87.39199999 26.86600000 87.70999999 27.35200000 -2.50937127e+00
87.39199999 26.86600000 88.18500000 26.88300000 1.25850058e-01
87.39199999 26.86600000 88.35000000 26.71100000 -2.05159656e-01
87.39199999 26.86600000 85.92499999 26.71100000 4.29529998e-01
87.39199999 26.86600000 87.20599999 27.38000000 -5.18280387e+00
87.70999999 27.35200000 88.40000000 26.98000000 -3.00833356e+00
87.70999999 27.35200000 88.18500000 26.88300000 -4.06615031e+00
87.70999999 27.35200000 86.92899999 27.97300000 -2.23799732e+00
87.70999999 27.35200000 87.20599999 27.38000000 -2.07164502e-01
87.70999999 27.35200000 88.50300000 27.08900000 -2.52461058e+00
77.60000000 34.12800000 76.16200000 34.55900000 -1.56958426e+00
88.40000000 26.98000000 88.18500000 26.88300000 4.08391180e-01
88.40000000 26.98000000 88.35000000 26.71100000 -9.15618943e-01
88.40000000 26.98000000 88.56900000 26.88900000 -2.12849882e-01
88.40000000 26.98000000 88.50300000 27.08900000 -8.57746343e-01
88.68000000 27.00000000 88.56900000 26.88900000 -8.22181466e-01
88.68000000 27.00000000 88.70200000 27.02400000 -2.72331202e-01
88.68000000 27.00000000 88.75300000 26.88100000 -5.24782631e-01
88.68000000 27.00000000 88.79100000 27.01000000 -1.03873104e-01
88.68000000 27.00000000 88.50300000 27.08900000 -2.89909052e-01
88.18500000 26.88300000 88.35000000 26.71100000 -5.32079536e-01
88.35000000 26.71100000 88.56900000 26.88900000 -3.03713716e-01
88.35000000 26.71100000 88.73800000 26.75100000 -1.03883540e-01
88.35000000 26.71100000 85.92499999 26.71100000 -4.93307173e-02
88.35000000 26.71100000 91.23700000 25.00000000 -1.69282104e+00
88.56900000 26.88900000 88.73800000 26.75100000 -3.94823048e-01
88.56900000 26.88900000 88.75300000 26.88100000 -2.15291973e-01
88.56900000 26.88900000 88.50300000 27.08900000 -1.34621328e+00
88.70200000 27.02400000 88.79100000 27.01000000 2.42751789e-02
88.70200000 27.02400000 88.50300000 27.08900000 -1.63106419e-01
88.73800000 26.75100000 88.75300000 26.88100000 -3.12403878e-01
88.73800000 26.75100000 88.93600000 26.96500000 -1.23134288e+00
88.73800000 26.75100000 91.23700000 25.00000000 -1.00889954e+00
88.75300000 26.88100000 88.79100000 27.01000000 -1.00685484e+00
88.75300000 26.88100000 88.93600000 26.96500000 -6.97188512e-01
88.79100000 27.01000000 88.93600000 26.96500000 1.53142292e-01
77.17200000 28.54400000 79.08000000 29.23000000 -2.46661319e-01
79.21100000 30.48600000 79.55900000 30.53100000 1.50082160e+00
79.55900000 30.53100000 79.77000000 29.82000000 -7.70601268e+00
79.62000000 29.63800000 79.43000000 29.64000000 1.81433352e-01
79.62000000 29.63800000 79.65000000 29.59000000 1.22184423e-01
79.62000000 29.63800000 79.77000000 29.82000000 -1.91023000e+00
80.04100000 29.83800000 79.77000000 29.82000000 -3.55949863e-01
80.04100000 29.83800000 79.90000000 29.78000000 -8.43147558e-01
80.04100000 29.83800000 80.23000000 29.59000000 -1.22500856e+00
80.04100000 29.83800000 80.34000000 29.76000000 3.43870680e-02
82.57300000 28.06300000 83.55400000 27.87400000 4.80929016e-01
82.57300000 28.06300000 83.71800000 28.78100000 -4.29883879e+00
83.41800000 27.50700000 83.55400000 27.87400000 -2.70736286e-01
83.55400000 27.87400000 83.71800000 28.78100000 -6.15515754e+00
83.55400000 27.87400000 83.97800000 28.19900000 -3.01793120e+00
85.92499999 26.71100000 91.23700000 25.00000000 -1.52812876e-01
86.71499999 27.80300000 86.72499999 27.68300000 1.78656268e-02
86.71499999 27.80300000 86.82299999 27.89400000 -1.87692322e-01
86.72499999 27.68300000 86.82299999 27.89400000 -4.17648525e-02
86.72499999 27.68300000 87.20599999 27.38000000 -1.74158927e+00
86.82299999 27.89400000 86.92899999 27.97300000 3.24732928e-02
86.82299999 27.89400000 87.20599999 27.38000000 -2.38874570e+00
86.82699999 28.19400000 86.92899999 27.97300000 8.64732378e-02
86.92899999 27.97300000 87.20599999 27.38000000 -2.21557612e+00
79.08000000 29.23000000 79.43000000 29.64000000 5.68811797e-01
79.08000000 29.23000000 79.51000001 29.21000000 -4.90754102e-02
79.43000000 29.64000000 79.51000001 29.21000000 5.29565137e-01
79.43000000 29.64000000 79.65000000 29.59000000 3.77661617e-01
79.43000000 29.64000000 79.77000000 29.82000000 -1.35912676e+00
79.51000001 29.21000000 79.65000000 29.59000000 -5.34437415e-01
79.51000001 29.21000000 80.09000000 29.33000000 -1.10983977e+00
79.51000001 29.21000000 80.18000000 29.10000000 7.27005483e-01
79.65000000 29.59000000 79.77000000 29.82000000 -2.05089271e+00
79.65000000 29.59000000 79.90000000 29.78000000 -1.88313539e+00
79.65000000 29.59000000 80.09000000 29.33000000 -2.46769876e-01
79.77000000 29.82000000 79.90000000 29.78000000 4.91642486e-02
79.90000000 29.78000000 80.09000000 29.33000000 -1.52219402e+00
79.90000000 29.78000000 80.23000000 29.59000000 -9.51238320e-02
80.09000000 29.33000000 80.18000000 29.10000000 -9.59590215e-02
80.09000000 29.33000000 80.23000000 29.59000000 -1.42411773e+00
80.23000000 29.59000000 80.34000000 29.76000000 -2.60202088e+00
80.34000000 29.76000000 80.56000000 29.86000000 -1.13867668e+00
73.24900000 34.42000000 73.39100000 33.89500000 1.37105209e-02
73.24900000 34.42000000 73.65300000 33.97800000 1.02346441e-02
73.24900000 34.42000000 73.93500000 33.93000000 6.06453978e-03
73.24900000 34.42000000 74.48400000 34.09500000 1.97793896e-01
73.24900000 34.42000000 74.97400000 34.35300000 2.22429655e-01
73.39100000 33.89500000 73.65300000 33.97800000 1.70459923e-02
73.39100000 33.89500000 73.75200000 33.87100000 1.81501602e-02
73.39100000 33.89500000 74.34700000 33.39500000 6.46101817e-01
73.65300000 33.97800000 73.75200000 33.87100000 5.28513619e-03
73.65300000 33.97800000 73.93500000 33.93000000 6.52202181e-03
73.75200000 33.87100000 73.93500000 33.93000000 1.46203172e-02
73.75200000 33.87100000 74.34700000 33.39500000 3.30166173e-01
73.93500000 33.93000000 74.34700000 33.39500000 -2.04023785e-02
73.93500000 33.93000000 74.48400000 34.09500000 3.58163388e-01
73.93500000 33.93000000 74.59300000 33.99300000 5.94123852e-01
74.34700000 33.39500000 74.59300000 33.99300000 -4.36516715e-01
74.34700000 33.39500000 75.03700000 33.59500000 9.56960880e-01
74.48400000 34.09500000 74.59300000 33.99300000 -1.26309702e-01
74.48400000 34.09500000 74.81700000 34.10900000 1.79204624e-01
74.48400000 34.09500000 74.83700000 34.13000000 1.96054896e-01
74.48400000 34.09500000 74.97400000 34.35300000 4.06891427e-01
74.59300000 33.99300000 74.81700000 34.10900000 1.52174039e-01
74.59300000 33.99300000 75.03700000 33.59500000 -5.19039173e-01
74.81700000 34.10900000 74.83700000 34.13000000 -1.43230094e-02
74.81700000 34.10900000 74.88900000 34.12000000 -1.07310127e-03
74.81700000 34.10900000 75.03700000 33.59500000 -8.58493732e-01
74.83700000 34.13000000 74.88900000 34.12000000 -2.06236862e-02
74.83700000 34.13000000 74.97400000 34.35300000 -1.05666201e-01
74.83700000 34.13000000 75.04500000 34.22700000 1.23952937e-01
74.88900000 34.12000000 75.03700000 33.59500000 -8.84714483e-01
74.88900000 34.12000000 75.04500000 34.22700000 7.78160928e-02
74.88900000 34.12000000 75.27200000 34.10000000 1.09734440e-01
74.97400000 34.35300000 75.04500000 34.22700000 -3.20852841e-01
74.97400000 34.35300000 75.32500000 34.29200000 1.72965643e-01
74.97400000 34.35300000 75.76900000 34.42400000 8.67610711e-01
75.03700000 33.59500000 75.27200000 34.10000000 -7.43109671e-01
75.04500000 34.22700000 75.27200000 34.10000000 -2.07546837e-01
75.04500000 34.22700000 75.32500000 34.29200000 2.61529116e-01
75.27200000 34.10000000 75.32500000 34.29200000 -5.06600382e-01
75.27200000 34.10000000 75.76900000 34.42400000 -4.58749778e-01
75.32500000 34.29200000 75.76900000 34.42400000 2.43406095e-01
75.76900000 34.42400000 76.16200000 34.55900000 -5.42640572e-01
