79.09800000 31.88700000 79.81400000 31.49800000 1.69284149e-01
79.09800000 31.88700000 80.29300000 31.71100000 -2.22877567e-01
79.09800000 31.88700000 77.92100000 32.36400000 -2.83807649e-01
79.09800000 31.88700000 78.75400000 31.03700000 -2.04756564e+00
79.09800000 31.88700000 78.97300000 32.77900000 -6.03060210e-01
79.09800000 31.88700000 78.67600000 30.99700000 -2.25414926e+00
79.81400000 31.49800000 80.29300000 31.71100000 -2.87211718e-01
79.81400000 31.49800000 80.42900000 30.96100000 -1.03442167e-01
79.81400000 31.49800000 78.75400000 31.03700000 -1.56087604e+00
79.81400000 31.49800000 79.49300000 30.74300000 -1.51734097e+00
80.29300000 31.71100000 80.42900000 30.96100000 -7.41778317e-02
80.29300000 31.71100000 81.42800000 30.83700000 -8.89747619e-02
80.29300000 31.71100000 78.97300000 32.77900000 5.91073533e-02
80.42900000 30.96100000 81.17600000 30.29000000 -4.17712746e-02
80.42900000 30.96100000 81.42800000 30.83700000 2.16190963e-01
80.42900000 30.96100000 79.49300000 30.74300000 -9.77889303e-01
80.42900000 30.96100000 80.24000000 30.06000000 -5.16005453e+00
80.42900000 30.96100000 79.55900000 30.53100000 -2.77919980e+00
81.17600000 30.29000000 81.42800000 30.83700000 -6.55360985e-01
81.17600000 30.29000000 81.85600000 30.71600000 -7.22435812e-01
81.17600000 30.29000000 80.24000000 30.06000000 -1.59357402e+00
81.17600000 30.29000000 81.20100000 29.47400000 -4.85104226e+00
81.17600000 30.29000000 81.80700000 29.96900000 -2.33085750e-02
81.17600000 30.29000000 80.56000000 29.86000000 -3.90925446e+00
81.42800000 30.83700000 81.85600000 30.71600000 1.03297214e-01
81.85600000 30.71600000 82.83200000 30.38900000 2.18285239e-02
81.85600000 30.71600000 81.80700000 29.96900000 -3.42768292e-01
82.83200000 30.38900000 83.24000000 29.80000000 -2.92188507e-01
82.83200000 30.38900000 84.03900000 29.72100000 -1.04482127e+00
82.83200000 30.38900000 81.80700000 29.96900000 -7.31881165e-01
82.83200000 30.38900000 82.19300000 29.27800000 -4.06381667e+00
82.83200000 30.38900000 85.74100000 29.59100000 -1.11737720e-02
83.24000000 29.80000000 84.03900000 29.72100000 4.66311058e-01
83.24000000 29.80000000 84.04300000 29.53400000 8.43102387e-02
83.24000000 29.80000000 82.19300000 29.27800000 -2.98212059e+00
83.24000000 29.80000000 82.81800000 28.98400000 -3.39478040e+00
83.24000000 29.80000000 83.89500000 29.17900000 -1.65363198e+00
84.03900000 29.72100000 84.15600000 29.68000000 1.21219515e-01
84.03900000 29.72100000 84.04300000 29.53400000 -6.66885820e-01
84.03900000 29.72100000 85.74100000 29.59100000 3.32848743e-01
84.15600000 29.68000000 84.04300000 29.53400000 -5.42389227e-01
84.15600000 29.68000000 85.21000000 29.44000000 5.40016613e-01
84.15600000 29.68000000 85.74100000 29.59100000 1.19479806e-01
85.44200000 28.95900000 85.64000000 29.44100000 -8.79790630e-01
85.44200000 28.95900000 86.38699999 28.68700000 -1.71527692e-01
85.44200000 28.95900000 85.21000000 29.44000000 -1.94909282e-01
85.44200000 28.95900000 86.01999999 28.30000000 -2.64012026e-01
85.44200000 28.95900000 84.41000000 28.37500000 -1.75375240e+00
85.44200000 28.95900000 85.31399999 28.20700000 -3.72370267e+00
85.64000000 29.44100000 86.38699999 28.68700000 -5.83831363e-01
85.64000000 29.44100000 85.21000000 29.44000000 -2.26031256e-01
85.64000000 29.44100000 85.74100000 29.59100000 -6.07916157e-02
85.97499999 28.14900000 85.32899999 28.17100000 7.16920746e-01
85.97499999 28.14900000 86.01999999 28.29000000 -8.62500555e-01
85.97499999 28.14900000 86.01999999 28.30000000 -9.07479209e-01
85.97499999 28.14900000 86.22999999 27.63500000 -3.14565629e+00
85.97499999 28.14900000 86.81299999 27.95800000 -1.51309155e-02
85.97499999 28.14900000 85.31399999 28.20700000 8.24795112e-01
85.97499999 28.14900000 85.87699999 27.91000000 -2.29936503e+00
85.97499999 28.14900000 86.71199999 27.81400000 3.65092281e-01
85.97499999 28.14900000 86.82699999 28.19400000 -4.06648734e-01
86.38699999 28.68700000 86.96699999 28.39200000 -5.09965111e-01
86.38699999 28.68700000 87.05999999 28.58700000 -4.14616995e-01
86.38699999 28.68700000 87.08600000 29.32000000 -5.25322782e-01
86.38699999 28.68700000 86.93999999 28.35700000 -5.15727290e-01
86.38699999 28.68700000 86.01999999 28.30000000 -1.62715802e+00
86.38699999 28.68700000 86.82699999 28.19400000 -5.33024129e-01
86.38699999 28.68700000 85.74100000 29.59100000 -6.11202547e-01
86.94099999 28.35700000 86.82699999 28.19400000 -1.05720431e-01
86.94099999 28.35700000 86.92899999 27.97300000 -2.23416784e-01
86.96699999 28.39200000 87.05999999 28.58700000 -1.62565523e-01
86.96699999 28.39200000 87.76900000 28.53800000 -3.32054941e-01
86.96699999 28.39200000 86.92899999 27.97300000 -2.29954043e-01
86.96699999 28.39200000 87.15499999 28.63000000 -2.09703997e-01
87.05999999 28.58700000 87.08600000 29.32000000 -7.44354566e-01
87.05999999 28.58700000 87.15499999 28.63000000 -4.60612028e-02
87.08600000 29.32000000 85.74100000 29.59100000 -2.90122665e-01
87.18400000 29.26900000 87.57700000 29.11800000 1.63529882e-01
87.18400000 29.26900000 87.15499999 28.63000000 -6.64488060e-01
87.76900000 28.53800000 88.56000000 28.24400000 -2.22493396e+00
87.76900000 28.53800000 88.86500000 29.24900000 -1.00690713e+00
87.76900000 28.53800000 87.57700000 29.11800000 -6.03931510e-01
87.76900000 28.53800000 87.70999999 27.35200000 -5.45133018e+00
87.76900000 28.53800000 86.92899999 27.97300000 -4.38916423e-01
87.76900000 28.53800000 87.15499999 28.63000000 -1.30884463e-01
87.76900000 28.53800000 88.86400000 29.25000000 -1.00780080e+00
88.56000000 28.24400000 88.86500000 29.24900000 -2.87317711e+00
88.56000000 28.24400000 89.15400000 27.72100000 -1.26240393e+00
88.56000000 28.24400000 89.30500000 27.93100000 1.25791274e+00
88.56000000 28.24400000 89.55600000 28.91100000 -5.35261162e-02
88.56000000 28.24400000 89.62700000 28.31500000 2.91964118e+00
88.56000000 28.24400000 88.56900000 27.36500000 -5.68538586e+00
88.56000000 28.24400000 88.91000000 27.49000000 -3.89581969e+00
88.56000000 28.24400000 87.70999999 27.35200000 -4.81226479e+00
88.86500000 29.24900000 89.55600000 28.91100000 -1.13645768e+00
88.86500000 29.24900000 90.15400000 29.44400000 3.72754779e-01
88.86500000 29.24900000 89.57300000 28.91400000 -1.13110061e+00
88.90600000 27.43700000 89.15400000 27.72100000 -1.17888248e+00
88.90600000 27.43700000 88.56900000 27.36500000 -2.43389711e-01
88.90600000 27.43700000 89.39200000 26.84900000 3.04984740e-01
88.90600000 27.43700000 89.63500000 27.47200000 -1.70841863e-01
88.90600000 27.43700000 88.70200000 27.02400000 -2.37843386e+00
88.90600000 27.43700000 88.79100000 27.01000000 -2.54172378e+00
88.90600000 27.43700000 88.93600000 26.96500000 -2.32592124e+00
89.15400000 27.72100000 89.30500000 27.93100000 -1.41450693e+00
89.15400000 27.72100000 88.91000000 27.49000000 -8.94822443e-01
89.15400000 27.72100000 89.63500000 27.47200000 -3.18613661e-01
89.30500000 27.93100000 89.62700000 28.31500000 -1.04206282e+00
89.30500000 27.93100000 89.63500000 27.47200000 -2.16798817e+00
89.55600000 28.91100000 89.62700000 28.31500000 -1.96560330e+00
89.55600000 28.91100000 89.91100000 28.61900000 -1.15499669e+00
89.62700000 28.31500000 89.91100000 28.61900000 -7.32939611e-01
89.62700000 28.31500000 90.55800000 28.41900000 -1.04235682e+00
89.62700000 28.31500000 89.63500000 27.47200000 -4.05387793e+00
89.91100000 28.61900000 90.10700000 28.93200000 -1.00483673e+00
89.91100000 28.61900000 90.55800000 28.41900000 3.22133324e-01
89.91100000 28.61900000 89.57300000 28.91400000 -1.18806817e+00
90.10700000 28.93200000 90.15400000 29.44400000 -1.68516307e+00
90.10700000 28.93200000 90.26700000 29.32400000 -1.34204764e+00
90.10700000 28.93200000 90.55800000 28.41900000 -4.00803695e-01
90.10700000 28.93200000 90.95900000 29.27800000 -2.40671808e-01
90.10700000 28.93200000 89.57300000 28.91400000 4.47671644e-01
90.15400000 29.44400000 90.26700000 29.32400000 3.50484012e-02
90.15400000 29.44400000 78.70400000 33.19100000 5.77583301e-01
90.15400000 29.44400000 89.57300000 28.91400000 -1.12791691e-01
90.15400000 29.44400000 85.74100000 29.59100000 5.25359913e-01
90.26700000 29.32400000 90.95900000 29.27800000 6.69084367e-01
90.55800000 28.41900000 91.88900000 28.96000000 -9.30895191e-01
90.55800000 28.41900000 91.91000000 27.97100000 1.47459178e+00
90.55800000 28.41900000 89.63500000 27.47200000 -3.51213366e+00
90.55800000 28.41900000 90.95900000 29.27800000 -2.80186657e+00
91.88900000 28.96000000 91.91000000 27.97100000 -1.62921224e+00
91.88900000 28.96000000 92.39900000 28.42200000 1.70271285e+00
91.88900000 28.96000000 93.07300000 29.04400000 -5.66516572e-01
91.88900000 28.96000000 92.43900000 28.43200000 1.77937512e+00
91.88900000 28.96000000 90.95900000 29.27800000 8.86438713e-01
91.91000000 27.97100000 92.39900000 28.42200000 -1.53305021e+00
91.91000000 27.97100000 92.41500000 27.27000000 -4.54851952e+00
91.91000000 27.97100000 89.63500000 27.47200000 -1.59995461e+00
92.39900000 28.42200000 92.41500000 27.27000000 -8.00649378e+00
93.07300000 29.04400000 92.43900000 28.43200000 -1.46135479e+00
93.07300000 29.04400000 92.41500000 27.27000000 -8.38075366e+00
93.07300000 29.04400000 90.95900000 29.27800000 6.66485974e-01
83.95300000 29.17800000 84.04300000 29.53400000 -1.11308353e+00
83.95300000 29.17800000 85.21000000 29.44000000 -8.26497642e-01
83.95300000 29.17800000 83.74300000 28.80500000 -1.88692738e+00
83.95300000 29.17800000 84.41000000 28.37500000 -3.47364432e+00
84.04300000 29.53400000 85.21000000 29.44000000 2.71522242e-01
84.04300000 29.53400000 83.89500000 29.17900000 -1.12368296e+00
86.93999999 28.35700000 86.82699999 28.19400000 -1.05042428e-01
75.36300000 32.56500000 75.88100000 32.30400000 -2.98774776e-01
75.36300000 32.56500000 75.93800000 31.47900000 2.04453552e-01
75.36300000 32.56500000 75.99300000 32.53600000 -9.54394832e-01
75.36300000 32.56500000 74.34700000 33.39500000 1.47395740e-01
75.36300000 32.56500000 75.03700000 33.59500000 -4.27319411e-01
75.88100000 32.30400000 75.93800000 31.47900000 8.12528471e-01
75.88100000 32.30400000 75.99300000 32.53600000 -3.35153971e-01
75.88100000 32.30400000 76.29400000 31.89700000 -9.79737321e-02
75.88100000 32.30400000 76.30700000 32.24800000 -7.82142512e-01
75.93800000 31.47900000 76.29400000 31.89700000 2.09451306e+00
75.93800000 31.47900000 76.30700000 31.53800000 1.31544649e+00
75.93800000 31.47900000 77.12600000 28.48200000 5.59952644e-01
75.93800000 31.47900000 77.63000000 30.27600000 -3.63424647e+00
75.93800000 31.47900000 77.17200000 28.54400000 6.29900858e-01
75.93800000 31.47900000 73.39100000 33.89500000 3.94282037e-01
75.93800000 31.47900000 74.34700000 33.39500000 -4.64505211e-01
75.99300000 32.53600000 76.30700000 32.24800000 -3.64007757e-01
75.99300000 32.53600000 76.68900000 32.69800000 -1.81949016e+00
75.99300000 32.53600000 75.03700000 33.59500000 -2.81459700e-01
76.29400000 31.89700000 76.30700000 31.53800000 5.43961540e-01
76.29400000 31.89700000 76.30700000 32.24800000 -3.22462370e-01
76.29400000 31.89700000 76.67300000 31.91900000 -6.89947891e-01
76.30700000 31.53800000 76.67300000 31.91900000 8.43240322e-01
76.30700000 31.53800000 76.81500000 31.63400000 -2.73829825e-01
76.30700000 31.53800000 77.63000000 30.27600000 -3.42032131e+00
76.30700000 32.24800000 76.67300000 31.91900000 -4.40572970e-01
76.30700000 32.24800000 76.68900000 32.69800000 -2.51039839e+00
76.30700000 32.24800000 77.19200000 32.31700000 -1.93716038e+00
76.67300000 31.91900000 76.81500000 31.63400000 -4.28906873e-01
76.67300000 31.91900000 77.10800000 32.06700000 -3.05878671e+00
76.67300000 31.91900000 77.19200000 32.31700000 -4.12097339e+00
76.68900000 32.69800000 77.17500000 32.63400000 -3.88339128e-01
76.68900000 32.69800000 77.19200000 32.31700000 -2.61413155e-02
76.68900000 32.69800000 77.42500000 32.79800000 -9.93102759e-01
76.68900000 32.69800000 77.60000000 34.12800000 -2.54940372e+00
76.68900000 32.69800000 75.03700000 33.59500000 -1.49135926e-01
76.68900000 32.69800000 75.27200000 34.10000000 3.23140099e-02
76.68900000 32.69800000 75.76900000 34.42400000 -7.61174741e-01
76.68900000 32.69800000 76.16200000 34.55900000 -1.36842311e+00
76.81500000 31.63400000 77.10800000 32.06700000 -3.95634056e+00
76.81500000 31.63400000 77.63000000 30.27600000 -4.56409743e-01
76.81500000 31.63400000 78.02100000 30.45900000 -4.40022372e+00
76.81500000 31.63400000 78.67600000 30.99700000 -2.93055307e+00
77.10800000 32.06700000 77.19200000 32.31700000 -4.54406544e-01
77.10800000 32.06700000 77.92100000 32.36400000 -1.72356295e+00
77.10800000 32.06700000 78.67600000 30.99700000 -2.23891535e+00
77.12600000 28.48200000 78.60800001 25.45200000 -5.01478702e-02
77.12600000 28.48200000 79.08000000 29.23000000 -4.61954850e-01
77.12600000 28.48200000 73.39100000 33.89500000 1.76770296e-01
77.17500000 32.63400000 77.19200000 32.31700000 -3.27949314e-01
77.17500000 32.63400000 77.42500000 32.79800000 -5.80121706e-01
77.19200000 32.31700000 77.42500000 32.79800000 -9.93149587e-01
77.19200000 32.31700000 77.92100000 32.36400000 -1.01082781e+00
77.42500000 32.79800000 77.80800000 33.97200000 -1.33657247e+00
77.42500000 32.79800000 77.92100000 32.36400000 -1.45493687e-01
77.42500000 32.79800000 78.66000000 33.20900000 -1.04021015e+00
77.42500000 32.79800000 77.60000000 34.12800000 -1.27247494e+00
77.63000000 30.27600000 77.86000000 30.32900000 1.46001404e+00
77.63000000 30.27600000 77.86800000 30.14700000 -2.20970903e+00
77.63000000 30.27600000 78.02100000 30.45900000 1.80428847e+00
77.63000000 30.27600000 77.17200000 28.54400000 1.13463448e+00
77.80800000 33.97200000 78.66000000 33.20900000 -4.20320303e-02
77.86000000 30.32900000 77.86800000 30.14700000 2.09758893e+00
77.86000000 30.32900000 77.97400000 30.28500000 -2.62381445e-01
77.86000000 30.32900000 78.01400000 30.32900000 6.39324851e-02
77.86000000 30.32900000 78.02100000 30.45900000 -1.46241558e+00
77.86800000 30.14700000 77.97400000 30.28500000 2.50999725e+00
77.86800000 30.14700000 77.97900000 30.09500000 -1.51136030e+00
77.92100000 32.36400000 78.66000000 33.20900000 -1.19139800e+00
77.92100000 32.36400000 78.97300000 32.77900000 -8.49781688e-01
77.92100000 32.36400000 78.67600000 30.99700000 -2.16095444e+00
77.97400000 30.28500000 77.97900000 30.09500000 -7.11190431e-01
77.97400000 30.28500000 78.01400000 30.32900000 -4.84013884e-01
77.97400000 30.28500000 78.18700000 30.19100000 -3.53003758e-01
77.97900000 30.09500000 78.18700000 30.19100000 1.82035146e-01
77.97900000 30.09500000 78.68000000 29.84800000 -5.96173235e-01
77.97900000 30.09500000 77.17200000 28.54400000 3.08420418e+00
78.01400000 30.32900000 78.02100000 30.45900000 -2.45111569e+00
78.01400000 30.32900000 78.11500000 30.45200000 -2.12167553e+00
78.01400000 30.32900000 78.15500000 30.34200000 3.33971818e-02
78.01400000 30.32900000 78.18700000 30.19100000 -1.00557288e+00
78.02100000 30.45900000 78.11500000 30.45200000 -1.28364440e-01
78.02100000 30.45900000 78.67600000 30.99700000 -3.74046510e+00
78.11500000 30.45200000 78.15500000 30.34200000 -1.97343459e+00
78.11500000 30.45200000 78.61700000 30.80600000 -2.70302367e+00
78.11500000 30.45200000 78.36500000 30.40400000 -3.59437789e-01
78.15500000 30.34200000 78.18700000 30.19100000 -1.99681622e+00
78.15500000 30.34200000 78.36800000 30.39400000 -8.75745221e-01
78.15500000 30.34200000 78.36500000 30.40400000 -9.95226197e-01
78.18700000 30.19100000 78.36800000 30.39400000 -3.19933631e+00
78.18700000 30.19100000 78.68000000 29.84800000 -6.78796536e-01
78.36800000 30.39400000 78.61700000 30.80600000 -3.99757057e+00
78.36800000 30.39400000 78.68000000 29.84800000 -3.83517189e+00
78.36800000 30.39400000 79.09000000 30.29800000 -2.24711053e-01
78.60800001 25.45200000 80.94300001 26.89100000 -2.80561364e-01
78.60800001 25.45200000 85.92499999 26.71100000 -3.69302476e-01
78.60800001 25.45200000 79.08000000 29.23000000 -8.89962260e-01
78.60800001 25.45200000 91.23700000 25.00000000 1.26849394e-01
78.61700000 30.80600000 78.75400000 31.03700000 -1.22474738e+00
78.61700000 30.80600000 79.09000000 30.29800000 -2.83473282e+00
78.61700000 30.80600000 78.36500000 30.40400000 -3.84357259e+00
78.61700000 30.80600000 78.67600000 30.99700000 -1.09910749e+00
78.61700000 30.80600000 79.21100000 30.48600000 -1.54408303e+00
78.66000000 33.20900000 78.97300000 32.77900000 -8.52275110e-02
78.68000000 29.84800000 79.09000000 30.29800000 -4.94126717e+00
78.68000000 29.84800000 77.17200000 28.54400000 -1.38956992e-01
78.68000000 29.84800000 79.08000000 29.23000000 -1.13660496e+00
78.68000000 29.84800000 79.43000000 29.64000000 2.14285432e-02
78.75400000 31.03700000 79.49300000 30.74300000 2.95894247e-01
78.75400000 31.03700000 78.67600000 30.99700000 -9.85754575e-02
78.75400000 31.03700000 79.21100000 30.48600000 -2.87418296e+00
79.09000000 30.29800000 79.19400000 30.32900000 -5.74425079e-01
79.09000000 30.29800000 79.21100000 30.48600000 -2.43322612e+00
79.09000000 30.29800000 79.43000000 29.64000000 -4.50042687e+00
79.19400000 30.32900000 79.21100000 30.48600000 -1.50137027e+00
79.19400000 30.32900000 79.55900000 30.53100000 -1.15801084e+00
79.19400000 30.32900000 79.43000000 29.64000000 -5.57834006e+00
79.19400000 30.32900000 79.77000000 29.82000000 -2.64837930e+00
79.49300000 30.74300000 79.21100000 30.48600000 -2.25216915e+00
79.49300000 30.74300000 79.55900000 30.53100000 -2.45164929e+00
80.24000000 30.06000000 79.55900000 30.53100000 -1.71616201e-01
80.24000000 30.06000000 80.04100000 29.83800000 -4.33759577e+00
80.24000000 30.06000000 79.77000000 29.82000000 -3.63846412e+00
80.24000000 30.06000000 80.34000000 29.76000000 -4.62680977e+00
80.24000000 30.06000000 80.56000000 29.86000000 -3.65907042e-01
80.94300001 26.89100000 80.14800001 28.96300000 -6.05785500e-01
80.94300001 26.89100000 81.11600000 28.61300000 -1.92565812e-01
80.94300001 26.89100000 81.57500000 28.13400000 -9.35110159e-01
80.94300001 26.89100000 82.09500000 28.01000000 5.76822073e-01
80.94300001 26.89100000 82.54000000 27.78600000 -7.54322372e-01
80.94300001 26.89100000 80.58200000 28.75400000 3.47828565e+00
80.94300001 26.89100000 81.61500000 28.04900000 -8.57887714e-01
80.94300001 26.89100000 85.92499999 26.71100000 3.67716254e-02
80.94300001 26.89100000 79.08000000 29.23000000 -3.43306906e-01
88.56900000 27.36500000 88.91000000 27.49000000 -3.97223107e-01
88.56900000 27.36500000 87.70999999 27.35200000 -7.81208693e-01
88.56900000 27.36500000 88.70200000 27.02400000 -1.95980436e+00
88.56900000 27.36500000 88.50300000 27.08900000 -1.54635971e+00
89.39200000 26.84900000 92.41500000 27.27000000 -1.62593243e+00
89.39200000 26.84900000 89.63500000 27.47200000 -4.95720543e-01
89.39200000 26.84900000 88.73800000 26.75100000 -1.05192075e+00
89.39200000 26.84900000 88.93600000 26.96500000 3.81718235e-01
89.39200000 26.84900000 91.23700000 25.00000000 -5.51328787e-01
92.43900000 28.43200000 92.41500000 27.27000000 -8.08996638e+00
80.14800001 28.96300000 80.63600000 29.01200000 2.55672933e-01
80.14800001 28.96300000 80.58200000 28.75400000 1.18656368e+00
80.14800001 28.96300000 79.08000000 29.23000000 -8.32481470e-02
80.14800001 28.96300000 79.51000001 29.21000000 -5.48871646e-02
80.14800001 28.96300000 80.18000000 29.10000000 -6.41312348e-01
80.60200000 29.33400000 80.72100000 29.52700000 -2.91978206e+00
80.60200000 29.33400000 80.50100000 29.73400000 -3.43223345e+00
80.60200000 29.33400000 80.62600000 29.17700000 -6.88295414e-01
80.60200000 29.33400000 81.20100000 29.47400000 -2.49633003e+00
80.60200000 29.33400000 80.09000000 29.33000000 -4.00485131e-01
80.60200000 29.33400000 80.18000000 29.10000000 -8.32053623e-01
80.60200000 29.33400000 80.23000000 29.59000000 -1.55507812e-01
80.63600000 29.01200000 81.11600000 28.61300000 -1.52831726e-01
80.63600000 29.01200000 81.35300000 28.82400000 -1.06403801e-01
80.63600000 29.01200000 80.58200000 28.75400000 -3.36940401e-02
80.63600000 29.01200000 80.62600000 29.17700000 -3.01764790e-01
80.63600000 29.01200000 81.20100000 29.47400000 -6.47764900e+00
80.63600000 29.01200000 80.18000000 29.10000000 3.65515836e-01
80.72100000 29.52700000 80.50100000 29.73400000 -7.31891101e-01
80.72100000 29.52700000 81.20100000 29.47400000 8.06821037e-01
80.72100000 29.52700000 80.56000000 29.86000000 -3.65749065e+00
81.11600000 28.61300000 81.35300000 28.82400000 -1.13187495e+00
81.11600000 28.61300000 81.57500000 28.13400000 -5.16065562e-01
81.11600000 28.61300000 81.63400000 28.58300000 -3.08493941e-01
81.11600000 28.61300000 81.69100000 28.40700000 8.03612661e-02
81.11600000 28.61300000 80.58200000 28.75400000 -5.57782455e-01
81.35300000 28.82400000 81.63400000 28.58300000 -1.25809340e-01
81.35300000 28.82400000 81.63500000 28.58600000 -1.11838253e-01
81.35300000 28.82400000 81.20100000 29.47400000 -6.87312664e+00
81.35300000 28.82400000 81.71400000 28.65600000 1.73899778e-01
81.35300000 28.82400000 82.19300000 29.27800000 -6.19630075e+00
81.57500000 28.13400000 81.69100000 28.40700000 -2.56858041e-01
81.63400000 28.58300000 81.69100000 28.40700000 -8.93135999e-02
81.63400000 28.58300000 81.71400000 28.65600000 -5.56829897e-01
81.63500000 28.58600000 81.71400000 28.65600000 -5.38187530e-01
81.69100000 28.40700000 82.09500000 28.01000000 3.17161258e-01
81.69100000 28.40700000 82.34700000 28.24900000 3.40841640e-01
81.69100000 28.40700000 81.59500000 28.11700000 -3.26302451e-01
81.69100000 28.40700000 81.71400000 28.65600000 -8.28975764e-01
82.09500000 28.01000000 82.24700000 28.03000000 -2.21686786e-01
82.09500000 28.01000000 82.34700000 28.24900000 -7.40699623e-02
82.09500000 28.01000000 82.54000000 27.78600000 -8.59363087e-01
82.09500000 28.01000000 81.59500000 28.11700000 7.45938169e-01
82.09500000 28.01000000 81.61500000 28.04900000 5.03494763e-01
82.24700000 28.03000000 82.34700000 28.24900000 1.71572700e-01
82.24700000 28.03000000 82.54000000 27.78600000 -2.53285221e+00
82.24700000 28.03000000 82.49100000 27.95100000 -1.89365175e+00
82.24700000 28.03000000 82.57300000 28.06300000 -1.25526319e+00
82.34700000 28.24900000 81.71400000 28.65600000 3.96497017e-01
82.34700000 28.24900000 82.81800000 28.98400000 -9.52624784e+00
82.34700000 28.24900000 82.57300000 28.06300000 -1.31249619e+00
82.50400000 27.95100000 82.54000000 27.78600000 -8.74799513e-01
82.50400000 27.95100000 82.57300000 28.06300000 8.30874184e-01
82.54000000 27.78600000 82.78500000 27.56800000 -1.27464471e-01
82.54000000 27.78600000 82.49100000 27.95100000 -9.10715868e-01
82.54000000 27.78600000 82.57300000 28.06300000 -2.43111960e-01
82.78500000 27.56800000 82.57300000 28.06300000 -4.81848303e-01
82.78500000 27.56800000 83.41800000 27.50700000 6.33332458e-02
82.78500000 27.56800000 83.55400000 27.87400000 4.90722978e-01
85.00799999 27.31600000 85.39799999 27.57500000 -9.43210266e-01
85.00799999 27.31600000 84.98499999 27.16600000 5.14731008e-01
85.00799999 27.31600000 85.10799999 27.60800000 -1.24729671e+00
85.00799999 27.31600000 84.43000000 27.67800000 -2.03309380e-01
85.21000000 29.44000000 84.41000000 28.37500000 -3.82436542e+00
85.21000000 29.44000000 85.74100000 29.59100000 -5.16358447e-01
85.22199999 28.01500000 85.32899999 28.17100000 -1.28942133e+00
85.22199999 28.01500000 84.38000000 28.22900000 7.12074772e-01
85.22199999 28.01500000 84.41000000 28.37500000 1.27422488e-01
85.22199999 28.01500000 85.10799999 27.60800000 -4.26562111e+00
85.22199999 28.01500000 85.27899999 27.80100000 -2.85554410e+00
85.22199999 28.01500000 85.31399999 28.20700000 -1.62622523e+00
85.22199999 28.01500000 84.43000000 27.67800000 -2.28430541e+00
85.27999999 27.69300000 85.10799999 27.60800000 -3.30234604e-01
85.27999999 27.69300000 85.27899999 27.80100000 -8.19489959e-01
85.27999999 27.69300000 85.28799999 27.68200000 -3.88889086e-02
85.27999999 27.69300000 85.35799999 27.69700000 -5.71163573e-02
85.32899999 28.17100000 85.27899999 27.80100000 -4.53227191e+00
85.32899999 28.17100000 85.52099999 27.69300000 -4.92127664e+00
85.32899999 28.17100000 85.87699999 27.91000000 -1.35258922e+00
85.39799999 27.57500000 85.79399999 27.74500000 -2.10943074e+00
85.39799999 27.57500000 84.98499999 27.16600000 -1.12180799e+00
85.39799999 27.57500000 85.10799999 27.60800000 -4.87716834e-02
85.39799999 27.57500000 85.28799999 27.68200000 -2.65158651e-01
85.39799999 27.57500000 85.52099999 27.69300000 -6.49549883e-01
85.39799999 27.57500000 85.35799999 27.69700000 -4.26583775e-01
85.39799999 27.57500000 85.92499999 26.71100000 -1.17351631e+00
85.79399999 27.74500000 86.22999999 27.63500000 5.43021053e-01
85.79399999 27.74500000 85.52099999 27.69300000 -1.22342022e+00
85.79399999 27.74500000 85.87699999 27.91000000 -1.87560362e+00
85.79399999 27.74500000 85.92499999 26.71100000 -4.57263648e+00
86.01999999 28.29000000 86.82699999 28.19400000 -1.19268385e+00
86.01999999 28.30000000 85.31399999 28.20700000 1.27815933e+00
86.01999999 28.30000000 86.82699999 28.19400000 -1.23068740e+00
86.22999999 27.63500000 85.87699999 27.91000000 8.41553403e-02
86.22999999 27.63500000 86.54999999 27.30500000 -1.94399306e-01
86.22999999 27.63500000 86.71199999 27.81400000 -4.00198327e-01
86.22999999 27.63500000 85.92499999 26.71100000 -6.68419263e+00
86.22999999 27.63500000 86.71499999 27.80300000 -3.03204230e-01
86.22999999 27.63500000 86.72499999 27.68300000 7.75915213e-01
86.81299999 27.95800000 86.71199999 27.81400000 -1.67612750e-01
86.81299999 27.95800000 86.82299999 27.89400000 -5.46283574e-02
86.81299999 27.95800000 86.82699999 28.19400000 -1.25311482e-01
86.81299999 27.95800000 86.92899999 27.97300000 -1.94315801e-01
87.57700000 29.11800000 87.15499999 28.63000000 -4.18533398e-01
87.57700000 29.11800000 88.86400000 29.25000000 -9.61444426e-02
78.70400000 33.19100000 85.74100000 29.59100000 -1.04838647e-01
92.41500000 27.27000000 89.63500000 27.47200000 -7.96590567e-01
92.41500000 27.27000000 91.23700000 25.00000000 -8.09129476e+00
80.50100000 29.73400000 80.23000000 29.59000000 -2.65091418e+00
80.50100000 29.73400000 80.34000000 29.76000000 -5.08632721e-02
80.50100000 29.73400000 80.56000000 29.86000000 -2.10430652e+00
80.62600000 29.17700000 81.20100000 29.47400000 -4.86003750e+00
80.62600000 29.17700000 80.18000000 29.10000000 1.54084480e-02
81.20100000 29.47400000 81.80700000 29.96900000 -3.88983605e+00
81.20100000 29.47400000 82.19300000 29.27800000 -6.48379710e-02
81.20100000 29.47400000 80.56000000 29.86000000 -1.75118870e-01
81.71400000 28.65600000 82.19300000 29.27800000 -8.21851737e+00
81.71400000 28.65600000 82.81800000 28.98400000 -4.30079093e+00
81.80700000 29.96900000 82.19300000 29.27800000 -3.07649221e+00
82.19300000 29.27800000 82.81800000 28.98400000 1.19317808e+00
82.49100000 27.95100000 82.57300000 28.06300000 9.01757355e-01
82.81800000 28.98400000 83.74300000 28.80500000 -8.49341310e-03
82.81800000 28.98400000 83.89500000 29.17900000 2.92935987e-01
82.81800000 28.98400000 82.57300000 28.06300000 -9.85857322e+00
82.81800000 28.98400000 83.71800000 28.78100000 -1.17310090e-01
83.60300000 27.76700000 83.82600000 27.45700000 -4.43568740e-01
83.60300000 27.76700000 84.13000000 27.64800000 -5.00267462e-01
83.60300000 27.76700000 83.41800000 27.50700000 2.57584818e-01
83.60300000 27.76700000 83.55400000 27.87400000 -2.20193922e-01
83.60300000 27.76700000 83.97800000 28.19900000 -2.64565787e+00
83.74300000 28.80500000 83.89500000 29.17900000 -1.94516583e+00
83.74300000 28.80500000 83.93600000 28.26000000 -4.11769807e+00
83.74300000 28.80500000 84.41000000 28.37500000 -2.24744814e+00
83.82600000 27.45700000 84.13000000 27.64800000 1.01135665e-01
83.82600000 27.45700000 84.98499999 27.16600000 -4.58397833e-02
83.82600000 27.45700000 83.41800000 27.50700000 -3.29328433e-04
83.93600000 28.26000000 84.41000000 28.37500000 -1.24435292e+00
83.93600000 28.26000000 83.55400000 27.87400000 -2.88464808e+00
83.93600000 28.26000000 83.71800000 28.78100000 -4.02845417e+00
84.13000000 27.64800000 84.26500000 27.97300000 -1.81742611e+00
84.13000000 27.64800000 84.98499999 27.16600000 1.05880369e+00
84.13000000 27.64800000 83.97800000 28.19900000 -2.72661855e+00
84.13000000 27.64800000 84.43000000 27.67800000 -1.04598223e-01
84.26500000 27.97300000 84.38000000 28.22900000 -3.15563126e+00
84.26500000 27.97300000 83.97800000 28.19900000 -6.69392980e-01
84.26500000 27.97300000 84.43000000 27.67800000 -1.05272837e+00
84.38000000 28.22900000 84.41000000 28.37500000 -9.46545363e-01
84.38000000 28.22900000 83.97800000 28.19900000 -8.85489606e-01
84.38000000 28.22900000 84.43000000 27.67800000 -4.29380735e+00
84.41000000 28.37500000 85.31399999 28.20700000 7.68127573e-01
84.41000000 28.37500000 83.97800000 28.19900000 -1.78120398e+00
84.98499999 27.16600000 84.43000000 27.67800000 5.85051995e-01
84.98499999 27.16600000 85.92499999 26.71100000 -6.26679062e-01
85.10799999 27.60800000 85.27899999 27.80100000 -1.17451048e+00
85.10799999 27.60800000 85.28799999 27.68200000 -2.75827058e-01
85.10799999 27.60800000 84.43000000 27.67800000 2.08031941e-01
85.27899999 27.80100000 85.52099999 27.69300000 -3.98054129e-01
85.27899999 27.80100000 85.35799999 27.69700000 -6.18862906e-01
85.28799999 27.68200000 85.35799999 27.69700000 -7.66252276e-02
85.52099999 27.69300000 85.87699999 27.91000000 -2.90532843e+00
85.52099999 27.69300000 85.35799999 27.69700000 -1.84032644e-01
86.54999999 27.30500000 86.59699999 26.99100000 -3.82446167e+00
86.54999999 27.30500000 85.92499999 26.71100000 -5.78201268e+00
86.54999999 27.30500000 86.72499999 27.68300000 -3.16566475e+00
86.54999999 27.30500000 87.20599999 27.38000000 1.15957299e+00
86.59699999 26.99100000 87.39199999 26.86600000 -8.77154041e-01
86.59699999 26.99100000 85.92499999 26.71100000 -9.03138616e-02
86.59699999 26.99100000 87.20599999 27.38000000 -2.10860748e+00
86.71199999 27.81400000 86.82299999 27.89400000 -1.87339892e-01
87.39199999 26.86600000 87.70999999 27.35200000 -3.11622838e+00
87.39199999 26.86600000 88.18500000 26.88300000 3.17381366e-01
87.39199999 26.86600000 88.35000000 26.71100000 -1.55784940e-01
87.39199999 26.86600000 85.92499999 26.71100000 4.33018313e-01
87.39199999 26.86600000 87.20599999 27.38000000 -5.91634261e+00
87.70999999 27.35200000 88.40000000 26.98000000 -2.73090062e+00
87.70999999 27.35200000 88.18500000 26.88300000 -4.09639444e+00
87.70999999 27.35200000 86.92899999 27.97300000 -2.87572335e+00
87.70999999 27.35200000 87.20599999 27.38000000 3.66661528e-01
87.70999999 27.35200000 88.50300000 27.08900000 -1.97731406e+00
77.60000000 34.12800000 76.16200000 34.55900000 -2.40392931e-02
88.40000000 26.98000000 88.18500000 26.88300000 4.37576440e-01
88.40000000 26.98000000 88.35000000 26.71100000 -8.53094362e-01
88.40000000 26.98000000 88.56900000 26.88900000 -9.97782833e-02
88.40000000 26.98000000 88.50300000 27.08900000 -7.38457085e-01
88.68000000 27.00000000 88.56900000 26.88900000 -6.29246936e-01
88.68000000 27.00000000 88.70200000 27.02400000 -2.14754495e-01
88.68000000 27.00000000 88.75300000 26.88100000 -4.12741494e-01
88.68000000 27.00000000 88.79100000 27.01000000 -8.99932282e-02
88.68000000 27.00000000 88.50300000 27.08900000 -2.35293935e-01
88.18500000 26.88300000 88.35000000 26.71100000 -5.72386452e-01
88.35000000 26.71100000 88.56900000 26.88900000 -2.21327788e-01
88.35000000 26.71100000 88.73800000 26.75100000 -8.24496461e-02
88.35000000 26.71100000 85.92499999 26.71100000 3.00675287e-01
88.35000000 26.71100000 91.23700000 25.00000000 -1.07309078e+00
88.56900000 26.88900000 88.73800000 26.75100000 -4.45153511e-01
88.56900000 26.88900000 88.75300000 26.88100000 -2.01214377e-01
88.56900000 26.88900000 88.50300000 27.08900000 -1.15416338e+00
88.70200000 27.02400000 88.79100000 27.01000000 -4.21684469e-03
88.70200000 27.02400000 88.50300000 27.08900000 -1.21646811e-01
88.73800000 26.75100000 88.75300000 26.88100000 -3.25312602e-01
88.73800000 26.75100000 88.93600000 26.96500000 -9.23109098e-01
88.73800000 26.75100000 91.23700000 25.00000000 -8.88676164e-01
88.75300000 26.88100000 88.79100000 27.01000000 -6.77744832e-01
88.75300000 26.88100000 88.93600000 26.96500000 -5.20127370e-01
88.79100000 27.01000000 88.93600000 26.96500000 8.30222477e-02
77.17200000 28.54400000 79.08000000 29.23000000 -4.38715823e-01
79.21100000 30.48600000 79.55900000 30.53100000 8.14492137e-01
79.55900000 30.53100000 79.77000000 29.82000000 -7.07521981e+00
79.62000000 29.63800000 79.43000000 29.64000000 3.12608859e-01
79.62000000 29.63800000 79.65000000 29.59000000 1.48123828e-01
79.62000000 29.63800000 79.77000000 29.82000000 -1.81329138e+00
80.04100000 29.83800000 79.77000000 29.82000000 -3.65004338e-01
80.04100000 29.83800000 79.90000000 29.78000000 -7.68436225e-01
80.04100000 29.83800000 80.23000000 29.59000000 -1.09423603e+00
80.04100000 29.83800000 80.34000000 29.76000000 -8.93312557e-02
82.57300000 28.06300000 83.55400000 27.87400000 3.02330573e-01
82.57300000 28.06300000 83.71800000 28.78100000 -3.72090304e+00
83.41800000 27.50700000 83.55400000 27.87400000 -1.35765601e-01
83.55400000 27.87400000 83.71800000 28.78100000 -6.76555141e+00
83.55400000 27.87400000 83.97800000 28.19900000 -2.37827546e+00
85.92499999 26.71100000 91.23700000 25.00000000 -1.58875623e-01
86.71499999 27.80300000 86.72499999 27.68300000 -2.25292368e-01
86.71499999 27.80300000 86.82299999 27.89400000 -1.83011567e-01
86.72499999 27.68300000 86.82299999 27.89400000 -3.27933895e-01
86.72499999 27.68300000 87.20599999 27.38000000 -2.08753287e+00
86.82299999 27.89400000 86.92899999 27.97300000 -9.23049684e-02
86.82299999 27.89400000 87.20599999 27.38000000 -3.14722856e+00
86.82699999 28.19400000 86.92899999 27.97300000 -3.00169384e-01
86.92899999 27.97300000 87.20599999 27.38000000 -3.40116221e+00
79.08000000 29.23000000 79.43000000 29.64000000 6.02194993e-01
79.08000000 29.23000000 79.51000001 29.21000000 -5.91144737e-02
79.43000000 29.64000000 79.51000001 29.21000000 5.82563925e-01
79.43000000 29.64000000 79.65000000 29.59000000 5.73328598e-01
79.43000000 29.64000000 79.77000000 29.82000000 -1.28940703e+00
79.51000001 29.21000000 79.65000000 29.59000000 -4.86940428e-01
79.51000001 29.21000000 80.09000000 29.33000000 -1.10056511e+00
79.51000001 29.21000000 80.18000000 29.10000000 6.93592961e-01
79.65000000 29.59000000 79.77000000 29.82000000 -1.93067846e+00
79.65000000 29.59000000 79.90000000 29.78000000 -1.92734471e+00
79.65000000 29.59000000 80.09000000 29.33000000 -5.30025307e-01
79.77000000 29.82000000 79.90000000 29.78000000 1.85215468e-02
79.90000000 29.78000000 80.09000000 29.33000000 -1.41048522e+00
79.90000000 29.78000000 80.23000000 29.59000000 -1.02222608e-01
80.09000000 29.33000000 80.18000000 29.10000000 -1.96807760e-02
80.09000000 29.33000000 80.23000000 29.59000000 -1.37125740e+00
80.23000000 29.59000000 80.34000000 29.76000000 -2.42780262e+00
80.34000000 29.76000000 80.56000000 29.86000000 -1.18610560e+00
73.24900000 34.42000000 73.39100000 33.89500000 3.29578224e-02
73.24900000 34.42000000 73.65300000 33.97800000 3.66909554e-02
73.24900000 34.42000000 73.93500000 33.93000000 7.76030034e-02
73.24900000 34.42000000 74.48400000 34.09500000 1.96454149e-01
73.24900000 34.42000000 74.97400000 34.35300000 5.07708390e-01
73.39100000 33.89500000 73.65300000 33.97800000 2.14958090e-02
73.39100000 33.89500000 73.75200000 33.87100000 3.40718517e-02
73.39100000 33.89500000 74.34700000 33.39500000 9.43817233e-01
73.65300000 33.97800000 73.75200000 33.87100000 1.72709576e-02
73.65300000 33.97800000 73.93500000 33.93000000 4.95700964e-02
73.75200000 33.87100000 73.93500000 33.93000000 3.64383430e-02
73.75200000 33.87100000 74.34700000 33.39500000 5.09236510e-01
73.93500000 33.93000000 74.34700000 33.39500000 4.46483489e-03
73.93500000 33.93000000 74.48400000 34.09500000 6.64440990e-01
73.93500000 33.93000000 74.59300000 33.99300000 7.54959064e-01
74.34700000 33.39500000 74.59300000 33.99300000 6.71817079e-02
74.34700000 33.39500000 75.03700000 33.59500000 9.18859002e-01
74.48400000 34.09500000 74.59300000 33.99300000 -4.30463778e-01
74.48400000 34.09500000 74.81700000 34.10900000 3.25139984e-01
74.48400000 34.09500000 74.83700000 34.13000000 3.54256366e-01
74.48400000 34.09500000 74.97400000 34.35300000 2.99846992e-01
74.59300000 33.99300000 74.81700000 34.10900000 9.03914807e-02
74.59300000 33.99300000 75.03700000 33.59500000 2.10357571e-01
74.81700000 34.10900000 74.83700000 34.13000000 -3.84457392e-02
74.81700000 34.10900000 74.88900000 34.12000000 4.46185693e-02
74.81700000 34.10900000 75.03700000 33.59500000 -6.12061760e-01
74.83700000 34.13000000 74.88900000 34.12000000 4.17706064e-02
74.83700000 34.13000000 74.97400000 34.35300000 -3.40080954e-01
74.83700000 34.13000000 75.04500000 34.22700000 -3.15559127e-02
74.88900000 34.12000000 75.03700000 33.59500000 -7.93740371e-01
74.88900000 34.12000000 75.04500000 34.22700000 -1.11483314e-01
74.88900000 34.12000000 75.27200000 34.10000000 2.98534150e-02
74.97400000 34.35300000 75.04500000 34.22700000 -1.90788011e-01
74.97400000 34.35300000 75.32500000 34.29200000 -7.17764759e-03
74.97400000 34.35300000 75.76900000 34.42400000 4.46544684e-02
75.03700000 33.59500000 75.27200000 34.10000000 -1.28927408e+00
75.04500000 34.22700000 75.27200000 34.10000000 -9.59762455e-02
75.04500000 34.22700000 75.32500000 34.29200000 -5.62086705e-02
75.27200000 34.10000000 75.32500000 34.29200000 -3.33000018e-01
75.27200000 34.10000000 75.76900000 34.42400000 -4.74157194e-01
75.32500000 34.29200000 75.76900000 34.42400000 -9.18441199e-02
75.76900000 34.42400000 76.16200000 34.55900000 -1.27190989e-01
