79.09800000 31.88700000 79.81400000 31.49800000 2.13724903e-02
79.09800000 31.88700000 80.29300000 31.71100000 -3.68376912e-01
79.09800000 31.88700000 77.92100000 32.36400000 -1.64338965e+00
79.09800000 31.88700000 78.75400000 31.03700000 -2.29918179e+00
79.09800000 31.88700000 78.97300000 32.77900000 -5.50456379e-01
79.09800000 31.88700000 78.67600000 30.99700000 -2.50093566e+00
79.81400000 31.49800000 80.29300000 31.71100000 -2.47956610e-01
79.81400000 31.49800000 80.42900000 30.96100000 -2.23437959e-01
79.81400000 31.49800000 78.75400000 31.03700000 -1.48568662e+00
79.81400000 31.49800000 79.49300000 30.74300000 -1.24395854e+00
80.29300000 31.71100000 80.42900000 30.96100000 2.49422007e-01
80.29300000 31.71100000 81.42800000 30.83700000 -1.77016256e-01
80.29300000 31.71100000 78.97300000 32.77900000 2.45450642e-01
80.42900000 30.96100000 81.17600000 30.29000000 -2.01941824e-01
80.42900000 30.96100000 81.42800000 30.83700000 2.33125759e-01
80.42900000 30.96100000 79.49300000 30.74300000 -1.14495193e+00
80.42900000 30.96100000 80.24000000 30.06000000 -5.10356836e+00
80.42900000 30.96100000 79.55900000 30.53100000 -3.04536680e+00
81.17600000 30.29000000 81.42800000 30.83700000 -6.91281063e-01
81.17600000 30.29000000 81.85600000 30.71600000 -7.22739914e-01
81.17600000 30.29000000 80.24000000 30.06000000 -1.52153924e+00
81.17600000 30.29000000 81.20100000 29.47400000 -4.90795840e+00
81.17600000 30.29000000 81.80700000 29.96900000 -5.97178875e-02
81.17600000 30.29000000 80.56000000 29.86000000 -3.81717379e+00
81.42800000 30.83700000 81.85600000 30.71600000 1.17558368e-01
81.85600000 30.71600000 82.83200000 30.38900000 1.13867744e-01
81.85600000 30.71600000 81.80700000 29.96900000 -2.84001986e-01
82.83200000 30.38900000 83.24000000 29.80000000 -1.51145250e-01
82.83200000 30.38900000 84.03900000 29.72100000 -1.00152471e+00
82.83200000 30.38900000 81.80700000 29.96900000 -6.00336499e-01
82.83200000 30.38900000 82.19300000 29.27800000 -3.85621336e+00
82.83200000 30.38900000 85.74100000 29.59100000 -6.70146776e-02
83.24000000 29.80000000 84.03900000 29.72100000 4.65133847e-01
83.24000000 29.80000000 84.04300000 29.53400000 1.46393085e-01
83.24000000 29.80000000 82.19300000 29.27800000 -2.98310127e+00
83.24000000 29.80000000 82.81800000 28.98400000 -3.34989849e+00
83.24000000 29.80000000 83.89500000 29.17900000 -1.60340555e+00
84.03900000 29.72100000 84.15600000 29.68000000 1.37261505e-01
84.03900000 29.72100000 84.04300000 29.53400000 -6.94950313e-01
84.03900000 29.72100000 85.74100000 29.59100000 2.80798231e-01
84.15600000 29.68000000 84.04300000 29.53400000 -6.03087262e-01
84.15600000 29.68000000 85.21000000 29.44000000 5.11895271e-01
84.15600000 29.68000000 85.74100000 29.59100000 4.93147626e-02
85.44200000 28.95900000 85.64000000 29.44100000 -9.76560656e-01
85.44200000 28.95900000 86.38699999 28.68700000 -1.77887038e-01
85.44200000 28.95900000 85.21000000 29.44000000 -2.11652044e-01
85.44200000 28.95900000 86.01999999 28.30000000 -2.65700718e-01
85.44200000 28.95900000 84.41000000 28.37500000 -1.66222863e+00
85.44200000 28.95900000 85.31399999 28.20700000 -3.69899328e+00
85.64000000 29.44100000 86.38699999 28.68700000 -6.57564520e-01
85.64000000 29.44100000 85.21000000 29.44000000 -2.47681487e-01
85.64000000 29.44100000 85.74100000 29.59100000 -1.11031928e-01
85.97499999 28.14900000 85.32899999 28.17100000 7.16412504e-01
85.97499999 28.14900000 86.01999999 28.29000000 -8.57643417e-01
85.97499999 28.14900000 86.01999999 28.30000000 -9.02508439e-01
85.97499999 28.14900000 86.22999999 27.63500000 -3.06231629e+00
85.97499999 28.14900000 86.81299999 27.95800000 -5.77462236e-02
85.97499999 28.14900000 85.31399999 28.20700000 8.28984664e-01
85.97499999 28.14900000 85.87699999 27.91000000 -2.29631500e+00
85.97499999 28.14900000 86.71199999 27.81400000 2.62740438e-01
85.97499999 28.14900000 86.82699999 28.19400000 -3.79147706e-01
86.38699999 28.68700000 86.96699999 28.39200000 -5.52289508e-01
86.38699999 28.68700000 87.05999999 28.58700000 -4.38073529e-01
86.38699999 28.68700000 87.08600000 29.32000000 -5.09690420e-01
86.38699999 28.68700000 86.93999999 28.35700000 -5.62509065e-01
86.38699999 28.68700000 86.01999999 28.30000000 -1.56936143e+00
86.38699999 28.68700000 86.82699999 28.19400000 -6.01844805e-01
86.38699999 28.68700000 85.74100000 29.59100000 -7.26915280e-01
86.94099999 28.35700000 86.82699999 28.19400000 -1.11317337e-01
86.94099999 28.35700000 86.92899999 27.97300000 -2.70062343e-01
86.96699999 28.39200000 87.05999999 28.58700000 -1.79249286e-01
86.96699999 28.39200000 87.76900000 28.53800000 -3.67246819e-01
86.96699999 28.39200000 86.92899999 27.97300000 -2.77429859e-01
86.96699999 28.39200000 87.15499999 28.63000000 -2.30474670e-01
87.05999999 28.58700000 87.08600000 29.32000000 -7.83702644e-01
87.05999999 28.58700000 87.15499999 28.63000000 -5.21517463e-02
87.08600000 29.32000000 85.74100000 29.59100000 -2.43445187e-01
87.18400000 29.26900000 87.57700000 29.11800000 1.25945654e-01
87.18400000 29.26900000 87.15499999 28.63000000 -6.94332034e-01
87.76900000 28.53800000 88.56000000 28.24400000 -2.11480305e+00
87.76900000 28.53800000 88.86500000 29.24900000 -1.05563298e+00
87.76900000 28.53800000 87.57700000 29.11800000 -6.15932013e-01
87.76900000 28.53800000 87.70999999 27.35200000 -5.40965047e+00
87.76900000 28.53800000 86.92899999 27.97300000 -4.88280161e-01
87.76900000 28.53800000 87.15499999 28.63000000 -1.53812344e-01
87.76900000 28.53800000 88.86400000 29.25000000 -1.05632943e+00
88.56000000 28.24400000 88.86500000 29.24900000 -2.83400060e+00
88.56000000 28.24400000 89.15400000 27.72100000 -1.21446573e+00
88.56000000 28.24400000 89.30500000 27.93100000 1.18630107e+00
88.56000000 28.24400000 89.55600000 28.91100000 -1.26104325e-01
88.56000000 28.24400000 89.62700000 28.31500000 2.80282313e+00
88.56000000 28.24400000 88.56900000 27.36500000 -5.47740989e+00
88.56000000 28.24400000 88.91000000 27.49000000 -3.68780470e+00
88.56000000 28.24400000 87.70999999 27.35200000 -4.79023036e+00
88.86500000 29.24900000 89.55600000 28.91100000 -1.08845522e+00
88.86500000 29.24900000 90.15400000 29.44400000 3.70175538e-01
88.86500000 29.24900000 89.57300000 28.91400000 -1.08321534e+00
88.90600000 27.43700000 89.15400000 27.72100000 -1.23100129e+00
88.90600000 27.43700000 88.56900000 27.36500000 -2.81918595e-01
88.90600000 27.43700000 89.39200000 26.84900000 9.59193048e-02
88.90600000 27.43700000 89.63500000 27.47200000 -2.29220031e-01
88.90600000 27.43700000 88.70200000 27.02400000 -2.44179746e+00
88.90600000 27.43700000 88.79100000 27.01000000 -2.58283613e+00
88.90600000 27.43700000 88.93600000 26.96500000 -2.42945721e+00
89.15400000 27.72100000 89.30500000 27.93100000 -1.32815165e+00
89.15400000 27.72100000 88.91000000 27.49000000 -9.55100840e-01
89.15400000 27.72100000 89.63500000 27.47200000 -3.35346595e-01
89.30500000 27.93100000 89.62700000 28.31500000 -9.13457830e-01
89.30500000 27.93100000 89.63500000 27.47200000 -2.17533702e+00
89.55600000 28.91100000 89.62700000 28.31500000 -1.89848277e+00
89.55600000 28.91100000 89.91100000 28.61900000 -9.70788813e-01
89.62700000 28.31500000 89.91100000 28.61900000 -7.77696488e-01
89.62700000 28.31500000 90.55800000 28.41900000 -1.04923198e+00
89.62700000 28.31500000 89.63500000 27.47200000 -3.94628448e+00
89.91100000 28.61900000 90.10700000 28.93200000 -9.71602261e-01
89.91100000 28.61900000 90.55800000 28.41900000 1.23548629e-01
89.91100000 28.61900000 89.57300000 28.91400000 -1.00214518e+00
90.10700000 28.93200000 90.15400000 29.44400000 -1.40827569e+00
90.10700000 28.93200000 90.26700000 29.32400000 -1.11321777e+00
90.10700000 28.93200000 90.55800000 28.41900000 -5.84918996e-01
90.10700000 28.93200000 90.95900000 29.27800000 -9.00923876e-02
90.10700000 28.93200000 89.57300000 28.91400000 4.36775678e-01
90.15400000 29.44400000 90.26700000 29.32400000 1.31803713e-02
90.15400000 29.44400000 78.70400000 33.19100000 1.71233285e+00
90.15400000 29.44400000 89.57300000 28.91400000 -1.98595658e-02
90.15400000 29.44400000 85.74100000 29.59100000 5.27589295e-01
90.26700000 29.32400000 90.95900000 29.27800000 7.32311360e-01
90.55800000 28.41900000 91.88900000 28.96000000 -8.90922677e-01
90.55800000 28.41900000 91.91000000 27.97100000 1.37526206e+00
90.55800000 28.41900000 89.63500000 27.47200000 -3.29693046e+00
90.55800000 28.41900000 90.95900000 29.27800000 -2.63970439e+00
91.88900000 28.96000000 91.91000000 27.97100000 -1.62972693e+00
91.88900000 28.96000000 92.39900000 28.42200000 1.68859628e+00
91.88900000 28.96000000 93.07300000 29.04400000 -7.10331988e-01
91.88900000 28.96000000 92.43900000 28.43200000 1.75401042e+00
91.88900000 28.96000000 90.95900000 29.27800000 9.44231472e-01
91.91000000 27.97100000 92.39900000 28.42200000 -1.50875181e+00
91.91000000 27.97100000 92.41500000 27.27000000 -4.48789026e+00
91.91000000 27.97100000 89.63500000 27.47200000 -1.60717085e+00
92.39900000 28.42200000 92.41500000 27.27000000 -8.06993082e+00
93.07300000 29.04400000 92.43900000 28.43200000 -1.52277518e+00
93.07300000 29.04400000 92.41500000 27.27000000 -8.49710879e+00
93.07300000 29.04400000 90.95900000 29.27800000 5.54384497e-01
83.95300000 29.17800000 84.04300000 29.53400000 -1.05786060e+00
83.95300000 29.17800000 85.21000000 29.44000000 -8.82492399e-01
83.95300000 29.17800000 83.74300000 28.80500000 -1.98544483e+00
83.95300000 29.17800000 84.41000000 28.37500000 -3.53038841e+00
84.04300000 29.53400000 85.21000000 29.44000000 1.88668458e-01
84.04300000 29.53400000 83.89500000 29.17900000 -1.07820604e+00
86.93999999 28.35700000 86.82699999 28.19400000 -1.10680552e-01
75.36300000 32.56500000 75.88100000 32.30400000 7.37940032e-01
75.36300000 32.56500000 75.93800000 31.47900000 -1.67638134e+00
75.36300000 32.56500000 75.99300000 32.53600000 -1.37045244e-01
75.36300000 32.56500000 74.34700000 33.39500000 4.22085949e-01
75.36300000 32.56500000 75.03700000 33.59500000 -4.83449935e-01
75.88100000 32.30400000 75.93800000 31.47900000 -2.04843082e+00
75.88100000 32.30400000 75.99300000 32.53600000 -2.93117466e+00
75.88100000 32.30400000 76.29400000 31.89700000 -2.93639054e-01
75.88100000 32.30400000 76.30700000 32.24800000 -4.19077059e-01
75.93800000 31.47900000 76.29400000 31.89700000 -1.67572966e+00
75.93800000 31.47900000 76.30700000 31.53800000 -2.33447509e-01
75.93800000 31.47900000 77.12600000 28.48200000 -9.53267499e-01
75.93800000 31.47900000 77.63000000 30.27600000 -5.38409055e+00
75.93800000 31.47900000 77.17200000 28.54400000 -8.67510792e-01
75.93800000 31.47900000 73.39100000 33.89500000 4.58748093e-02
75.93800000 31.47900000 74.34700000 33.39500000 -6.18415429e-01
75.99300000 32.53600000 76.30700000 32.24800000 -2.77278643e-01
75.99300000 32.53600000 76.68900000 32.69800000 -4.02786153e+00
75.99300000 32.53600000 75.03700000 33.59500000 5.17531433e-01
76.29400000 31.89700000 76.30700000 31.53800000 -1.17369793e+00
76.29400000 31.89700000 76.30700000 32.24800000 -1.90748119e+00
76.29400000 31.89700000 76.67300000 31.91900000 -2.07861096e+00
76.30700000 31.53800000 76.67300000 31.91900000 -3.60340232e+00
76.30700000 31.53800000 76.81500000 31.63400000 -3.77887019e+00
76.30700000 31.53800000 77.63000000 30.27600000 -3.07708240e+00
76.30700000 32.24800000 76.67300000 31.91900000 -1.15108559e+00
76.30700000 32.24800000 76.68900000 32.69800000 -8.23923819e+00
76.30700000 32.24800000 77.19200000 32.31700000 -5.16965872e+00
76.67300000 31.91900000 76.81500000 31.63400000 -5.97874886e-01
76.67300000 31.91900000 77.10800000 32.06700000 -6.39826449e+00
76.67300000 31.91900000 77.19200000 32.31700000 -8.77452480e+00
76.68900000 32.69800000 77.17500000 32.63400000 7.11434089e-01
76.68900000 32.69800000 77.19200000 32.31700000 4.21078900e-02
76.68900000 32.69800000 77.42500000 32.79800000 2.42972327e+00
76.68900000 32.69800000 77.60000000 34.12800000 -3.82248494e+00
76.68900000 32.69800000 75.03700000 33.59500000 1.44882893e+00
76.68900000 32.69800000 75.27200000 34.10000000 2.52552875e+00
76.68900000 32.69800000 75.76900000 34.42400000 1.10673017e+00
76.68900000 32.69800000 76.16200000 34.55900000 1.68238753e-01
76.81500000 31.63400000 77.10800000 32.06700000 -7.36925739e+00
76.81500000 31.63400000 77.63000000 30.27600000 8.24114908e-01
76.81500000 31.63400000 78.02100000 30.45900000 -4.46355127e+00
76.81500000 31.63400000 78.67600000 30.99700000 -4.15118817e+00
77.10800000 32.06700000 77.19200000 32.31700000 -2.93820964e+00
77.10800000 32.06700000 77.92100000 32.36400000 -1.81501109e+00
77.10800000 32.06700000 78.67600000 30.99700000 -1.20557738e+00
77.12600000 28.48200000 78.60800001 25.45200000 -3.85925047e-02
77.12600000 28.48200000 79.08000000 29.23000000 -4.75298203e-01
77.12600000 28.48200000 73.39100000 33.89500000 1.97385901e-01
77.17500000 32.63400000 77.19200000 32.31700000 -2.84836010e+00
77.17500000 32.63400000 77.42500000 32.79800000 1.14076079e+00
77.19200000 32.31700000 77.42500000 32.79800000 -3.22732661e+00
77.19200000 32.31700000 77.92100000 32.36400000 -4.59850312e-01
77.42500000 32.79800000 77.80800000 33.97200000 -2.93509376e-02
77.42500000 32.79800000 77.92100000 32.36400000 -4.63384775e+00
77.42500000 32.79800000 78.66000000 33.20900000 -3.50715685e+00
77.42500000 32.79800000 77.60000000 34.12800000 8.42781158e-01
77.63000000 30.27600000 77.86000000 30.32900000 1.14701880e+00
77.63000000 30.27600000 77.86800000 30.14700000 -2.34597969e+00
77.63000000 30.27600000 78.02100000 30.45900000 1.47242830e+00
77.63000000 30.27600000 77.17200000 28.54400000 3.68130390e-01
77.80800000 33.97200000 78.66000000 33.20900000 -1.18833589e+00
77.86000000 30.32900000 77.86800000 30.14700000 1.85339637e+00
77.86000000 30.32900000 77.97400000 30.28500000 -1.82440507e-01
77.86000000 30.32900000 78.01400000 30.32900000 1.54392084e-01
77.86000000 30.32900000 78.02100000 30.45900000 -1.44388086e+00
77.86800000 30.14700000 77.97400000 30.28500000 2.23461315e+00
77.86800000 30.14700000 77.97900000 30.09500000 -1.53874365e+00
77.92100000 32.36400000 78.66000000 33.20900000 -5.79967669e-01
77.92100000 32.36400000 78.97300000 32.77900000 -1.00254997e+00
77.92100000 32.36400000 78.67600000 30.99700000 -4.78956321e+00
77.97400000 30.28500000 77.97900000 30.09500000 -9.83509031e-01
77.97400000 30.28500000 78.01400000 30.32900000 -4.63085332e-01
77.97400000 30.28500000 78.18700000 30.19100000 -2.99423443e-01
77.97900000 30.09500000 78.18700000 30.19100000 2.27877739e-01
77.97900000 30.09500000 78.68000000 29.84800000 -6.50239932e-01
77.97900000 30.09500000 77.17200000 28.54400000 2.85862160e+00
78.01400000 30.32900000 78.02100000 30.45900000 -2.37368903e+00
78.01400000 30.32900000 78.11500000 30.45200000 -2.06176632e+00
78.01400000 30.32900000 78.15500000 30.34200000 1.28300701e-01
78.01400000 30.32900000 78.18700000 30.19100000 -1.01607124e+00
78.02100000 30.45900000 78.11500000 30.45200000 9.89334521e-03
78.02100000 30.45900000 78.67600000 30.99700000 -3.29576657e+00
78.11500000 30.45200000 78.15500000 30.34200000 -1.98213197e+00
78.11500000 30.45200000 78.61700000 30.80600000 -2.37439980e+00
78.11500000 30.45200000 78.36500000 30.40400000 -1.45471991e-01
78.15500000 30.34200000 78.18700000 30.19100000 -2.04614873e+00
78.15500000 30.34200000 78.36800000 30.39400000 -6.72974793e-01
78.15500000 30.34200000 78.36500000 30.40400000 -7.97331074e-01
78.18700000 30.19100000 78.36800000 30.39400000 -3.07698170e+00
78.18700000 30.19100000 78.68000000 29.84800000 -7.47492867e-01
78.36800000 30.39400000 78.61700000 30.80600000 -4.18841394e+00
78.36800000 30.39400000 78.68000000 29.84800000 -3.72668585e+00
78.36800000 30.39400000 79.09000000 30.29800000 -3.91178791e-01
78.60800001 25.45200000 80.94300001 26.89100000 -2.76722051e-01
78.60800001 25.45200000 85.92499999 26.71100000 -3.90377112e-01
78.60800001 25.45200000 79.08000000 29.23000000 -9.39035973e-01
78.60800001 25.45200000 91.23700000 25.00000000 1.36119621e-01
78.61700000 30.80600000 78.75400000 31.03700000 -1.32550890e+00
78.61700000 30.80600000 79.09000000 30.29800000 -3.28034517e+00
78.61700000 30.80600000 78.36500000 30.40400000 -4.01645585e+00
78.61700000 30.80600000 78.67600000 30.99700000 -1.25595801e+00
78.61700000 30.80600000 79.21100000 30.48600000 -1.62144978e+00
78.66000000 33.20900000 78.97300000 32.77900000 1.04097623e-01
78.68000000 29.84800000 79.09000000 30.29800000 -4.79449115e+00
78.68000000 29.84800000 77.17200000 28.54400000 1.87011534e-02
78.68000000 29.84800000 79.08000000 29.23000000 -1.18344575e+00
78.68000000 29.84800000 79.43000000 29.64000000 2.77034010e-02
78.75400000 31.03700000 79.49300000 30.74300000 3.67592592e-01
78.75400000 31.03700000 78.67600000 30.99700000 -6.49674161e-02
78.75400000 31.03700000 79.21100000 30.48600000 -3.25642406e+00
79.09000000 30.29800000 79.19400000 30.32900000 -7.36097805e-01
79.09000000 30.29800000 79.21100000 30.48600000 -2.75836466e+00
79.09000000 30.29800000 79.43000000 29.64000000 -4.13539777e+00
79.19400000 30.32900000 79.21100000 30.48600000 -1.58451153e+00
79.19400000 30.32900000 79.55900000 30.53100000 -9.01223216e-01
79.19400000 30.32900000 79.43000000 29.64000000 -5.51055649e+00
79.19400000 30.32900000 79.77000000 29.82000000 -2.40958224e+00
79.49300000 30.74300000 79.21100000 30.48600000 -2.36318134e+00
79.49300000 30.74300000 79.55900000 30.53100000 -2.67000668e+00
80.24000000 30.06000000 79.55900000 30.53100000 -1.23551531e-01
80.24000000 30.06000000 80.04100000 29.83800000 -4.44809790e+00
80.24000000 30.06000000 79.77000000 29.82000000 -3.64524850e+00
80.24000000 30.06000000 80.34000000 29.76000000 -4.97224440e+00
80.24000000 30.06000000 80.56000000 29.86000000 -6.80583330e-01
80.94300001 26.89100000 80.14800001 28.96300000 -6.46818108e-01
80.94300001 26.89100000 81.11600000 28.61300000 -1.93960698e-01
80.94300001 26.89100000 81.57500000 28.13400000 -9.28188610e-01
80.94300001 26.89100000 82.09500000 28.01000000 5.76804448e-01
80.94300001 26.89100000 82.54000000 27.78600000 -7.68100009e-01
80.94300001 26.89100000 80.58200000 28.75400000 3.46529762e+00
80.94300001 26.89100000 81.61500000 28.04900000 -8.51360055e-01
80.94300001 26.89100000 85.92499999 26.71100000 2.66113866e-02
80.94300001 26.89100000 79.08000000 29.23000000 -3.99114534e-01
88.56900000 27.36500000 88.91000000 27.49000000 -4.49572811e-01
88.56900000 27.36500000 87.70999999 27.35200000 -7.52949173e-01
88.56900000 27.36500000 88.70200000 27.02400000 -1.96872358e+00
88.56900000 27.36500000 88.50300000 27.08900000 -1.62819764e+00
89.39200000 26.84900000 92.41500000 27.27000000 -1.70187245e+00
89.39200000 26.84900000 89.63500000 27.47200000 -7.70494984e-01
89.39200000 26.84900000 88.73800000 26.75100000 -9.63275896e-01
89.39200000 26.84900000 88.93600000 26.96500000 3.97114183e-01
89.39200000 26.84900000 91.23700000 25.00000000 -8.94337188e-01
92.43900000 28.43200000 92.41500000 27.27000000 -8.14555042e+00
80.14800001 28.96300000 80.63600000 29.01200000 2.59362026e-01
80.14800001 28.96300000 80.58200000 28.75400000 1.17921562e+00
80.14800001 28.96300000 79.08000000 29.23000000 -8.99222631e-02
80.14800001 28.96300000 79.51000001 29.21000000 -6.24544919e-02
80.14800001 28.96300000 80.18000000 29.10000000 -6.45469635e-01
80.60200000 29.33400000 80.72100000 29.52700000 -2.71441310e+00
80.60200000 29.33400000 80.50100000 29.73400000 -3.49334055e+00
80.60200000 29.33400000 80.62600000 29.17700000 -6.73514983e-01
80.60200000 29.33400000 81.20100000 29.47400000 -2.52690167e+00
80.60200000 29.33400000 80.09000000 29.33000000 -3.62280666e-01
80.60200000 29.33400000 80.18000000 29.10000000 -7.74140698e-01
80.60200000 29.33400000 80.23000000 29.59000000 -2.14211170e-01
80.63600000 29.01200000 81.11600000 28.61300000 -1.71113128e-01
80.63600000 29.01200000 81.35300000 28.82400000 -1.28676304e-01
80.63600000 29.01200000 80.58200000 28.75400000 -4.42336854e-02
80.63600000 29.01200000 80.62600000 29.17700000 -2.95126171e-01
80.63600000 29.01200000 81.20100000 29.47400000 -6.41453477e+00
80.63600000 29.01200000 80.18000000 29.10000000 3.61032166e-01
80.72100000 29.52700000 80.50100000 29.73400000 -9.01933811e-01
80.72100000 29.52700000 81.20100000 29.47400000 6.69744336e-01
80.72100000 29.52700000 80.56000000 29.86000000 -3.87788343e+00
81.11600000 28.61300000 81.35300000 28.82400000 -1.17304374e+00
81.11600000 28.61300000 81.57500000 28.13400000 -5.21874641e-01
81.11600000 28.61300000 81.63400000 28.58300000 -3.06748605e-01
81.11600000 28.61300000 81.69100000 28.40700000 8.19586715e-02
81.11600000 28.61300000 80.58200000 28.75400000 -5.62844415e-01
81.35300000 28.82400000 81.63400000 28.58300000 -1.24310410e-01
81.35300000 28.82400000 81.63500000 28.58600000 -1.09828490e-01
81.35300000 28.82400000 81.20100000 29.47400000 -6.77569227e+00
81.35300000 28.82400000 81.71400000 28.65600000 1.93883241e-01
81.35300000 28.82400000 82.19300000 29.27800000 -6.14517545e+00
81.57500000 28.13400000 81.69100000 28.40700000 -2.67975781e-01
81.63400000 28.58300000 81.69100000 28.40700000 -9.05082874e-02
81.63400000 28.58300000 81.71400000 28.65600000 -5.68810620e-01
81.63500000 28.58600000 81.71400000 28.65600000 -5.49752166e-01
81.69100000 28.40700000 82.09500000 28.01000000 3.11260151e-01
81.69100000 28.40700000 82.34700000 28.24900000 3.43850398e-01
81.69100000 28.40700000 81.59500000 28.11700000 -3.36521193e-01
81.69100000 28.40700000 81.71400000 28.65600000 -8.46219087e-01
82.09500000 28.01000000 82.24700000 28.03000000 -2.22404920e-01
82.09500000 28.01000000 82.34700000 28.24900000 -8.67174002e-02
82.09500000 28.01000000 82.54000000 27.78600000 -8.59461942e-01
82.09500000 28.01000000 81.59500000 28.11700000 7.44581558e-01
82.09500000 28.01000000 81.61500000 28.04900000 5.10718346e-01
82.24700000 28.03000000 82.34700000 28.24900000 1.58972235e-01
82.24700000 28.03000000 82.54000000 27.78600000 -2.53357614e+00
82.24700000 28.03000000 82.49100000 27.95100000 -1.89338564e+00
82.24700000 28.03000000 82.57300000 28.06300000 -1.25694698e+00
82.34700000 28.24900000 81.71400000 28.65600000 3.92534259e-01
82.34700000 28.24900000 82.81800000 28.98400000 -9.56760475e+00
82.34700000 28.24900000 82.57300000 28.06300000 -1.31584499e+00
82.50400000 27.95100000 82.54000000 27.78600000 -8.75904900e-01
82.50400000 27.95100000 82.57300000 28.06300000 8.27502823e-01
82.54000000 27.78600000 82.78500000 27.56800000 -1.27701402e-01
82.54000000 27.78600000 82.49100000 27.95100000 -9.11820437e-01
82.54000000 27.78600000 82.57300000 28.06300000 -2.44980663e-01
82.78500000 27.56800000 82.57300000 28.06300000 -4.85904312e-01
82.78500000 27.56800000 83.41800000 27.50700000 6.09505015e-02
82.78500000 27.56800000 83.55400000 27.87400000 4.98235810e-01
85.00799999 27.31600000 85.39799999 27.57500000 -9.79114380e-01
85.00799999 27.31600000 84.98499999 27.16600000 4.69697251e-01
85.00799999 27.31600000 85.10799999 27.60800000 -1.30187398e+00
85.00799999 27.31600000 84.43000000 27.67800000 -2.01933343e-01
85.21000000 29.44000000 84.41000000 28.37500000 -3.77874171e+00
85.21000000 29.44000000 85.74100000 29.59100000 -5.94197548e-01
85.22199999 28.01500000 85.32899999 28.17100000 -1.28008654e+00
85.22199999 28.01500000 84.38000000 28.22900000 8.11261520e-01
85.22199999 28.01500000 84.41000000 28.37500000 1.96938539e-01
85.22199999 28.01500000 85.10799999 27.60800000 -4.27926730e+00
85.22199999 28.01500000 85.27899999 27.80100000 -2.84835756e+00
85.22199999 28.01500000 85.31399999 28.20700000 -1.61455675e+00
85.22199999 28.01500000 84.43000000 27.67800000 -2.27035360e+00
85.27999999 27.69300000 85.10799999 27.60800000 -3.37120747e-01
85.27999999 27.69300000 85.27899999 27.80100000 -8.27806422e-01
85.27999999 27.69300000 85.28799999 27.68200000 -4.08955024e-02
85.27999999 27.69300000 85.35799999 27.69700000 -5.54697600e-02
85.32899999 28.17100000 85.27899999 27.80100000 -4.50381722e+00
85.32899999 28.17100000 85.52099999 27.69300000 -4.90792099e+00
85.32899999 28.17100000 85.87699999 27.91000000 -1.33156201e+00
85.39799999 27.57500000 85.79399999 27.74500000 -2.09470565e+00
85.39799999 27.57500000 84.98499999 27.16600000 -1.18906102e+00
85.39799999 27.57500000 85.10799999 27.60800000 -4.61179596e-02
85.39799999 27.57500000 85.28799999 27.68200000 -2.80377932e-01
85.39799999 27.57500000 85.52099999 27.69300000 -6.58229127e-01
85.39799999 27.57500000 85.35799999 27.69700000 -4.47776539e-01
85.39799999 27.57500000 85.92499999 26.71100000 -1.19144638e+00
85.79399999 27.74500000 86.22999999 27.63500000 6.27086251e-01
85.79399999 27.74500000 85.52099999 27.69300000 -1.20716128e+00
85.79399999 27.74500000 85.87699999 27.91000000 -1.86437181e+00
85.79399999 27.74500000 85.92499999 26.71100000 -4.60557353e+00
86.01999999 28.29000000 86.82699999 28.19400000 -1.20483110e+00
86.01999999 28.30000000 85.31399999 28.20700000 1.30085615e+00
86.01999999 28.30000000 86.82699999 28.19400000 -1.24587522e+00
86.22999999 27.63500000 85.87699999 27.91000000 1.58937382e-01
86.22999999 27.63500000 86.54999999 27.30500000 -7.92151607e-03
86.22999999 27.63500000 86.71199999 27.81400000 -4.31519295e-01
86.22999999 27.63500000 85.92499999 26.71100000 -6.73777066e+00
86.22999999 27.63500000 86.71499999 27.80300000 -3.41153241e-01
86.22999999 27.63500000 86.72499999 27.68300000 6.62651747e-01
86.81299999 27.95800000 86.71199999 27.81400000 -1.50328982e-01
86.81299999 27.95800000 86.82299999 27.89400000 -6.79835716e-02
86.81299999 27.95800000 86.82699999 28.19400000 -1.53520048e-01
86.81299999 27.95800000 86.92899999 27.97300000 -1.88632851e-01
87.57700000 29.11800000 87.15499999 28.63000000 -4.22269281e-01
87.57700000 29.11800000 88.86400000 29.25000000 -1.36443444e-01
78.70400000 33.19100000 85.74100000 29.59100000 8.50439057e-01
92.41500000 27.27000000 89.63500000 27.47200000 -7.37321271e-01
92.41500000 27.27000000 91.23700000 25.00000000 -8.14825315e+00
80.50100000 29.73400000 80.23000000 29.59000000 -2.51310426e+00
80.50100000 29.73400000 80.34000000 29.76000000 -1.62401451e-02
80.50100000 29.73400000 80.56000000 29.86000000 -2.20244595e+00
80.62600000 29.17700000 81.20100000 29.47400000 -4.82976549e+00
80.62600000 29.17700000 80.18000000 29.10000000 3.04170676e-02
81.20100000 29.47400000 81.80700000 29.96900000 -3.85140634e+00
81.20100000 29.47400000 82.19300000 29.27800000 -6.75961940e-02
81.20100000 29.47400000 80.56000000 29.86000000 -3.21187991e-01
81.71400000 28.65600000 82.19300000 29.27800000 -8.16926279e+00
81.71400000 28.65600000 82.81800000 28.98400000 -4.34756085e+00
81.80700000 29.96900000 82.19300000 29.27800000 -3.10028929e+00
82.19300000 29.27800000 82.81800000 28.98400000 1.21436116e+00
82.49100000 27.95100000 82.57300000 28.06300000 8.98323399e-01
82.81800000 28.98400000 83.74300000 28.80500000 3.33920139e-03
82.81800000 28.98400000 83.89500000 29.17900000 3.87195509e-01
82.81800000 28.98400000 82.57300000 28.06300000 -9.89367711e+00
82.81800000 28.98400000 83.71800000 28.78100000 -1.14274208e-01
83.60300000 27.76700000 83.82600000 27.45700000 -4.36187160e-01
83.60300000 27.76700000 84.13000000 27.64800000 -5.04724231e-01
83.60300000 27.76700000 83.41800000 27.50700000 2.61020015e-01
83.60300000 27.76700000 83.55400000 27.87400000 -2.11588503e-01
83.60300000 27.76700000 83.97800000 28.19900000 -2.60882247e+00
83.74300000 28.80500000 83.89500000 29.17900000 -2.04606328e+00
83.74300000 28.80500000 83.93600000 28.26000000 -4.10615989e+00
83.74300000 28.80500000 84.41000000 28.37500000 -2.21143663e+00
83.82600000 27.45700000 84.13000000 27.64800000 7.37609144e-02
83.82600000 27.45700000 84.98499999 27.16600000 -1.71147973e-02
83.82600000 27.45700000 83.41800000 27.50700000 -1.73610933e-03
83.93600000 28.26000000 84.41000000 28.37500000 -1.30381868e+00
83.93600000 28.26000000 83.55400000 27.87400000 -2.85144932e+00
83.93600000 28.26000000 83.71800000 28.78100000 -4.01399696e+00
84.13000000 27.64800000 84.26500000 27.97300000 -1.82838395e+00
84.13000000 27.64800000 84.98499999 27.16600000 1.02253320e+00
84.13000000 27.64800000 83.97800000 28.19900000 -2.66530425e+00
84.13000000 27.64800000 84.43000000 27.67800000 -1.12739565e-01
84.26500000 27.97300000 84.38000000 28.22900000 -3.15733645e+00
84.26500000 27.97300000 83.97800000 28.19900000 -6.35007151e-01
84.26500000 27.97300000 84.43000000 27.67800000 -1.03603634e+00
84.38000000 28.22900000 84.41000000 28.37500000 -1.00266796e+00
84.38000000 28.22900000 83.97800000 28.19900000 -9.28410123e-01
84.38000000 28.22900000 84.43000000 27.67800000 -4.27026323e+00
84.41000000 28.37500000 85.31399999 28.20700000 8.19940497e-01
84.41000000 28.37500000 83.97800000 28.19900000 -1.85344766e+00
84.98499999 27.16600000 84.43000000 27.67800000 5.33100750e-01
84.98499999 27.16600000 85.92499999 26.71100000 -7.71444673e-01
85.10799999 27.60800000 85.27899999 27.80100000 -1.19098783e+00
85.10799999 27.60800000 85.28799999 27.68200000 -2.80447135e-01
85.10799999 27.60800000 84.43000000 27.67800000 2.26038467e-01
85.27899999 27.80100000 85.52099999 27.69300000 -4.07509660e-01
85.27899999 27.80100000 85.35799999 27.69700000 -6.29306694e-01
85.28799999 27.68200000 85.35799999 27.69700000 -7.51863292e-02
85.52099999 27.69300000 85.87699999 27.91000000 -2.87320138e+00
85.52099999 27.69300000 85.35799999 27.69700000 -1.82323712e-01
86.54999999 27.30500000 86.59699999 26.99100000 -3.49267887e+00
86.54999999 27.30500000 85.92499999 26.71100000 -5.83427697e+00
86.54999999 27.30500000 86.72499999 27.68300000 -2.88116516e+00
86.54999999 27.30500000 87.20599999 27.38000000 8.64963803e-01
86.59699999 26.99100000 87.39199999 26.86600000 -9.84815925e-01
86.59699999 26.99100000 85.92499999 26.71100000 -3.78488392e-01
86.59699999 26.99100000 87.20599999 27.38000000 -1.89937822e+00
86.71199999 27.81400000 86.82299999 27.89400000 -1.59995833e-01
87.39199999 26.86600000 87.70999999 27.35200000 -3.10960969e+00
87.39199999 26.86600000 88.18500000 26.88300000 2.84219902e-01
87.39199999 26.86600000 88.35000000 26.71100000 -1.71827490e-01
87.39199999 26.86600000 85.92499999 26.71100000 4.02517044e-01
87.39199999 26.86600000 87.20599999 27.38000000 -5.93588234e+00
87.70999999 27.35200000 88.40000000 26.98000000 -2.66857694e+00
87.70999999 27.35200000 88.18500000 26.88300000 -4.02370380e+00
87.70999999 27.35200000 86.92899999 27.97300000 -2.86830272e+00
87.70999999 27.35200000 87.20599999 27.38000000 4.26130266e-01
87.70999999 27.35200000 88.50300000 27.08900000 -1.91898765e+00
77.60000000 34.12800000 76.16200000 34.55900000 -1.43782764e+00
88.40000000 26.98000000 88.18500000 26.88300000 3.94813960e-01
88.40000000 26.98000000 88.35000000 26.71100000 -8.85134453e-01
88.40000000 26.98000000 88.56900000 26.88900000 -8.62398955e-02
88.40000000 26.98000000 88.50300000 27.08900000 -8.19673594e-01
88.68000000 27.00000000 88.56900000 26.88900000 -7.42659432e-01
88.68000000 27.00000000 88.70200000 27.02400000 -2.35325509e-01
88.68000000 27.00000000 88.75300000 26.88100000 -4.39938404e-01
88.68000000 27.00000000 88.79100000 27.01000000 -7.95319250e-02
88.68000000 27.00000000 88.50300000 27.08900000 -1.98499893e-01
88.18500000 26.88300000 88.35000000 26.71100000 -5.15948014e-01
88.35000000 26.71100000 88.56900000 26.88900000 -2.54094279e-01
88.35000000 26.71100000 88.73800000 26.75100000 -7.44855184e-02
88.35000000 26.71100000 85.92499999 26.71100000 2.70225158e-01
88.35000000 26.71100000 91.23700000 25.00000000 -1.08214225e+00
88.56900000 26.88900000 88.73800000 26.75100000 -3.22417374e-01
88.56900000 26.88900000 88.75300000 26.88100000 -1.90272201e-01
88.56900000 26.88900000 88.50300000 27.08900000 -1.21564019e+00
88.70200000 27.02400000 88.79100000 27.01000000 1.31906851e-02
88.70200000 27.02400000 88.50300000 27.08900000 -7.88861512e-02
88.73800000 26.75100000 88.75300000 26.88100000 -2.77777454e-01
88.73800000 26.75100000 88.93600000 26.96500000 -9.36160445e-01
88.73800000 26.75100000 91.23700000 25.00000000 -9.17337322e-01
88.75300000 26.88100000 88.79100000 27.01000000 -7.83586937e-01
88.75300000 26.88100000 88.93600000 26.96500000 -5.38507550e-01
88.79100000 27.01000000 88.93600000 26.96500000 7.27283852e-02
77.17200000 28.54400000 79.08000000 29.23000000 -4.50653573e-01
79.21100000 30.48600000 79.55900000 30.53100000 1.12977669e+00
79.55900000 30.53100000 79.77000000 29.82000000 -7.32359146e+00
79.62000000 29.63800000 79.43000000 29.64000000 3.18475063e-01
79.62000000 29.63800000 79.65000000 29.59000000 1.41601781e-01
79.62000000 29.63800000 79.77000000 29.82000000 -1.88326736e+00
80.04100000 29.83800000 79.77000000 29.82000000 -3.28482164e-01
80.04100000 29.83800000 79.90000000 29.78000000 -7.79071629e-01
80.04100000 29.83800000 80.23000000 29.59000000 -1.20882586e+00
80.04100000 29.83800000 80.34000000 29.76000000 -3.23033575e-02
82.57300000 28.06300000 83.55400000 27.87400000 2.90361612e-01
82.57300000 28.06300000 83.71800000 28.78100000 -3.67419851e+00
83.41800000 27.50700000 83.55400000 27.87400000 -1.28263677e-01
83.55400000 27.87400000 83.71800000 28.78100000 -6.67603433e+00
83.55400000 27.87400000 83.97800000 28.19900000 -2.36057598e+00
85.92499999 26.71100000 91.23700000 25.00000000 -1.61322191e-01
86.71499999 27.80300000 86.72499999 27.68300000 -2.36979519e-01
86.71499999 27.80300000 86.82299999 27.89400000 -1.56326353e-01
86.72499999 27.68300000 86.82299999 27.89400000 -3.11636824e-01
86.72499999 27.68300000 87.20599999 27.38000000 -2.04450794e+00
86.82299999 27.89400000 86.92899999 27.97300000 -8.64527501e-02
86.82299999 27.89400000 87.20599999 27.38000000 -3.04372575e+00
86.82699999 28.19400000 86.92899999 27.97300000 -3.41869163e-01
86.92899999 27.97300000 87.20599999 27.38000000 -3.26266390e+00
79.08000000 29.23000000 79.43000000 29.64000000 5.70953735e-01
79.08000000 29.23000000 79.51000001 29.21000000 -5.76749835e-02
79.43000000 29.64000000 79.51000001 29.21000000 5.48014477e-01
79.43000000 29.64000000 79.65000000 29.59000000 5.82171990e-01
79.43000000 29.64000000 79.77000000 29.82000000 -1.33650136e+00
79.51000001 29.21000000 79.65000000 29.59000000 -5.23311997e-01
79.51000001 29.21000000 80.09000000 29.33000000 -1.09524817e+00
79.51000001 29.21000000 80.18000000 29.10000000 6.77878997e-01
79.65000000 29.59000000 79.77000000 29.82000000 -2.01771177e+00
79.65000000 29.59000000 79.90000000 29.78000000 -1.98251573e+00
79.65000000 29.59000000 80.09000000 29.33000000 -5.37769149e-01
79.77000000 29.82000000 79.90000000 29.78000000 3.69415059e-02
79.90000000 29.78000000 80.09000000 29.33000000 -1.52366005e+00
79.90000000 29.78000000 80.23000000 29.59000000 -1.08323198e-01
80.09000000 29.33000000 80.18000000 29.10000000 -3.74616255e-02
80.09000000 29.33000000 80.23000000 29.59000000 -1.39711392e+00
80.23000000 29.59000000 80.34000000 29.76000000 -2.44338693e+00
80.34000000 29.76000000 80.56000000 29.86000000 -1.20490322e+00
73.24900000 34.42000000 73.39100000 33.89500000 2.71816312e-02
73.24900000 34.42000000 73.65300000 33.97800000 2.44898369e-02
73.24900000 34.42000000 73.93500000 33.93000000 3.68112702e-02
73.24900000 34.42000000 74.48400000 34.09500000 1.82722339e-01
73.24900000 34.42000000 74.97400000 34.35300000 2.07721492e-01
73.39100000 33.89500000 73.65300000 33.97800000 1.46506006e-02
73.39100000 33.89500000 73.75200000 33.87100000 1.15493772e-02
73.39100000 33.89500000 74.34700000 33.39500000 6.55748954e-01
73.65300000 33.97800000 73.75200000 33.87100000 5.73541723e-03
73.65300000 33.97800000 73.93500000 33.93000000 1.77377378e-02
73.75200000 33.87100000 73.93500000 33.93000000 2.17558655e-02
73.75200000 33.87100000 74.34700000 33.39500000 3.32577386e-01
73.93500000 33.93000000 74.34700000 33.39500000 -4.79740942e-02
73.93500000 33.93000000 74.48400000 34.09500000 3.64494907e-01
73.93500000 33.93000000 74.59300000 33.99300000 5.61608499e-01
74.34700000 33.39500000 74.59300000 33.99300000 -4.27233545e-01
74.34700000 33.39500000 75.03700000 33.59500000 8.92921594e-01
74.48400000 34.09500000 74.59300000 33.99300000 -1.52349340e-01
74.48400000 34.09500000 74.81700000 34.10900000 2.33436551e-01
74.48400000 34.09500000 74.83700000 34.13000000 2.50606788e-01
74.48400000 34.09500000 74.97400000 34.35300000 3.61213601e-01
74.59300000 33.99300000 74.81700000 34.10900000 1.79372582e-01
74.59300000 33.99300000 75.03700000 33.59500000 -4.83117885e-01
74.81700000 34.10900000 74.83700000 34.13000000 -1.33365002e-02
74.81700000 34.10900000 74.88900000 34.12000000 2.21763673e-03
74.81700000 34.10900000 75.03700000 33.59500000 -9.16514218e-01
74.83700000 34.13000000 74.88900000 34.12000000 -1.98678038e-02
74.83700000 34.13000000 74.97400000 34.35300000 -1.36298875e-01
74.83700000 34.13000000 75.04500000 34.22700000 6.81768849e-02
74.88900000 34.12000000 75.03700000 33.59500000 -9.45313616e-01
74.88900000 34.12000000 75.04500000 34.22700000 3.13200380e-02
74.88900000 34.12000000 75.27200000 34.10000000 1.50803405e-02
74.97400000 34.35300000 75.04500000 34.22700000 -3.04407802e-01
74.97400000 34.35300000 75.32500000 34.29200000 8.47220150e-02
74.97400000 34.35300000 75.76900000 34.42400000 7.82354586e-01
75.03700000 33.59500000 75.27200000 34.10000000 -7.88811522e-01
75.04500000 34.22700000 75.27200000 34.10000000 -2.36402374e-01
75.04500000 34.22700000 75.32500000 34.29200000 1.77724902e-01
75.27200000 34.10000000 75.32500000 34.29200000 -4.78483534e-01
75.27200000 34.10000000 75.76900000 34.42400000 -4.27988745e-01
75.32500000 34.29200000 75.76900000 34.42400000 2.63949933e-01
75.76900000 34.42400000 76.16200000 34.55900000 -4.82287171e-01
