79.09800000 31.88700000 79.81400000 31.49800000 1.05204444e-02
79.09800000 31.88700000 80.29300000 31.71100000 -4.78470188e-01
79.09800000 31.88700000 77.92100000 32.36400000 -1.89424706e+00
79.09800000 31.88700000 78.75400000 31.03700000 -3.07973827e+00
79.09800000 31.88700000 78.97300000 32.77900000 -9.48110265e-01
79.09800000 31.88700000 78.67600000 30.99700000 -3.36253839e+00
79.81400000 31.49800000 80.29300000 31.71100000 -5.02855143e-01
79.81400000 31.49800000 80.42900000 30.96100000 -2.07933871e-01
79.81400000 31.49800000 78.75400000 31.03700000 -2.47556406e+00
79.81400000 31.49800000 79.49300000 30.74300000 -2.26140709e+00
80.29300000 31.71100000 80.42900000 30.96100000 -3.97066790e-01
80.29300000 31.71100000 81.42800000 30.83700000 8.49879965e-03
80.29300000 31.71100000 78.97300000 32.77900000 4.26819856e-01
80.42900000 30.96100000 81.17600000 30.29000000 -2.72164406e-02
80.42900000 30.96100000 81.42800000 30.83700000 2.31157282e-01
80.42900000 30.96100000 79.49300000 30.74300000 -1.46007493e+00
80.42900000 30.96100000 80.24000000 30.06000000 -6.25628794e+00
80.42900000 30.96100000 79.55900000 30.53100000 -3.76026252e+00
81.17600000 30.29000000 81.42800000 30.83700000 -1.08120489e+00
81.17600000 30.29000000 81.85600000 30.71600000 -1.16951702e+00
81.17600000 30.29000000 80.24000000 30.06000000 -2.45392431e+00
81.17600000 30.29000000 81.20100000 29.47400000 -5.36279641e+00
81.17600000 30.29000000 81.80700000 29.96900000 3.49992310e-01
81.17600000 30.29000000 80.56000000 29.86000000 -5.01215637e+00
81.42800000 30.83700000 81.85600000 30.71600000 1.63158972e-01
81.85600000 30.71600000 82.83200000 30.38900000 1.72439358e-01
81.85600000 30.71600000 81.80700000 29.96900000 -2.07298958e-01
82.83200000 30.38900000 83.24000000 29.80000000 -3.36443551e-01
82.83200000 30.38900000 84.03900000 29.72100000 -1.26377220e+00
82.83200000 30.38900000 81.80700000 29.96900000 -9.67646630e-01
82.83200000 30.38900000 82.19300000 29.27800000 -3.66906115e+00
82.83200000 30.38900000 85.74100000 29.59100000 -4.56538077e-01
83.24000000 29.80000000 84.03900000 29.72100000 5.41756631e-01
83.24000000 29.80000000 84.04300000 29.53400000 3.25607350e-01
83.24000000 29.80000000 82.19300000 29.27800000 -2.54344707e+00
83.24000000 29.80000000 82.81800000 28.98400000 -3.37336696e+00
83.24000000 29.80000000 83.89500000 29.17900000 -1.87507009e+00
84.03900000 29.72100000 84.15600000 29.68000000 1.62797891e-01
84.03900000 29.72100000 84.04300000 29.53400000 -8.81976912e-01
84.03900000 29.72100000 85.74100000 29.59100000 2.00029882e-02
84.15600000 29.68000000 84.04300000 29.53400000 -8.60080860e-01
84.15600000 29.68000000 85.21000000 29.44000000 3.91977178e-01
84.15600000 29.68000000 85.74100000 29.59100000 -2.53886498e-01
85.44200000 28.95900000 85.64000000 29.44100000 -7.57354246e-01
85.44200000 28.95900000 86.38699999 28.68700000 -7.59413368e-01
85.44200000 28.95900000 85.21000000 29.44000000 1.22363904e-01
85.44200000 28.95900000 86.01999999 28.30000000 -2.88158283e-01
85.44200000 28.95900000 84.41000000 28.37500000 -2.74600094e+00
85.44200000 28.95900000 85.31399999 28.20700000 -3.08987471e+00
85.64000000 29.44100000 86.38699999 28.68700000 -8.71754010e-01
85.64000000 29.44100000 85.21000000 29.44000000 -3.88343738e-01
85.64000000 29.44100000 85.74100000 29.59100000 -6.97319632e-02
85.97499999 28.14900000 85.32899999 28.17100000 6.18818862e-01
85.97499999 28.14900000 86.01999999 28.29000000 -7.69405955e-01
85.97499999 28.14900000 86.01999999 28.30000000 -8.06841647e-01
85.97499999 28.14900000 86.22999999 27.63500000 -2.96447476e+00
85.97499999 28.14900000 86.81299999 27.95800000 -2.68899479e-01
85.97499999 28.14900000 85.31399999 28.20700000 7.13840758e-01
85.97499999 28.14900000 85.87699999 27.91000000 -2.16559137e+00
85.97499999 28.14900000 86.71199999 27.81400000 -6.77177563e-02
85.97499999 28.14900000 86.82699999 28.19400000 -4.24496301e-01
86.38699999 28.68700000 86.96699999 28.39200000 -8.12557056e-01
86.38699999 28.68700000 87.05999999 28.58700000 -6.00815106e-01
86.38699999 28.68700000 87.08600000 29.32000000 -2.81041819e-01
86.38699999 28.68700000 86.93999999 28.35700000 -8.30743349e-01
86.38699999 28.68700000 86.01999999 28.30000000 -1.32078162e+00
86.38699999 28.68700000 86.82699999 28.19400000 -8.70851606e-01
86.38699999 28.68700000 85.74100000 29.59100000 -8.26556341e-01
86.94099999 28.35700000 86.82699999 28.19400000 -6.73676924e-02
86.94099999 28.35700000 86.92899999 27.97300000 -3.67941799e-01
86.96699999 28.39200000 87.05999999 28.58700000 -1.65527501e-01
86.96699999 28.39200000 87.76900000 28.53800000 -2.91823715e-01
86.96699999 28.39200000 86.92899999 27.97300000 -3.67823842e-01
86.96699999 28.39200000 87.15499999 28.63000000 -1.74668226e-01
87.05999999 28.58700000 87.08600000 29.32000000 -1.04015803e+00
87.05999999 28.58700000 87.15499999 28.63000000 -3.43161299e-02
87.08600000 29.32000000 85.74100000 29.59100000 -8.86170779e-01
87.18400000 29.26900000 87.57700000 29.11800000 -2.06217881e-01
87.18400000 29.26900000 87.15499999 28.63000000 -9.62195339e-01
87.76900000 28.53800000 88.56000000 28.24400000 -2.08923667e+00
87.76900000 28.53800000 88.86500000 29.24900000 -6.17089153e-01
87.76900000 28.53800000 87.57700000 29.11800000 -1.47252649e+00
87.76900000 28.53800000 87.70999999 27.35200000 -6.53202077e+00
87.76900000 28.53800000 86.92899999 27.97300000 -1.19998649e-01
87.76900000 28.53800000 87.15499999 28.63000000 -4.09827549e-01
87.76900000 28.53800000 88.86400000 29.25000000 -6.19179464e-01
88.56000000 28.24400000 88.86500000 29.24900000 -4.08779571e+00
88.56000000 28.24400000 89.15400000 27.72100000 -1.34793699e+00
88.56000000 28.24400000 89.30500000 27.93100000 7.77264475e-01
88.56000000 28.24400000 89.55600000 28.91100000 -1.05087127e+00
88.56000000 28.24400000 89.62700000 28.31500000 2.06401921e+00
88.56000000 28.24400000 88.56900000 27.36500000 -6.24271797e+00
88.56000000 28.24400000 88.91000000 27.49000000 -3.94797375e+00
88.56000000 28.24400000 87.70999999 27.35200000 -5.18050991e+00
88.86500000 29.24900000 89.55600000 28.91100000 -9.64825393e-01
88.86500000 29.24900000 90.15400000 29.44400000 3.96265238e-01
88.86500000 29.24900000 89.57300000 28.91400000 -9.37830288e-01
88.90600000 27.43700000 89.15400000 27.72100000 -1.44849131e+00
88.90600000 27.43700000 88.56900000 27.36500000 -6.96082850e-01
88.90600000 27.43700000 89.39200000 26.84900000 4.44813331e-01
88.90600000 27.43700000 89.63500000 27.47200000 -1.65957039e+00
88.90600000 27.43700000 88.70200000 27.02400000 -3.06073303e+00
88.90600000 27.43700000 88.79100000 27.01000000 -3.21214896e+00
88.90600000 27.43700000 88.93600000 26.96500000 -2.85582696e+00
89.15400000 27.72100000 89.30500000 27.93100000 -1.50665719e+00
89.15400000 27.72100000 88.91000000 27.49000000 -1.22351944e+00
89.15400000 27.72100000 89.63500000 27.47200000 -4.56596145e-01
89.30500000 27.93100000 89.62700000 28.31500000 -2.04987874e+00
89.30500000 27.93100000 89.63500000 27.47200000 -1.12322819e+00
89.55600000 28.91100000 89.62700000 28.31500000 -2.69651783e+00
89.55600000 28.91100000 89.91100000 28.61900000 -6.57350292e-01
89.62700000 28.31500000 89.91100000 28.61900000 -1.52199367e+00
89.62700000 28.31500000 90.55800000 28.41900000 -9.57293810e-01
89.62700000 28.31500000 89.63500000 27.47200000 -3.37309043e+00
89.91100000 28.61900000 90.10700000 28.93200000 -1.44489928e+00
89.91100000 28.61900000 90.55800000 28.41900000 1.15851329e-01
89.91100000 28.61900000 89.57300000 28.91400000 -7.05411091e-01
90.10700000 28.93200000 90.15400000 29.44400000 -1.92711246e+00
90.10700000 28.93200000 90.26700000 29.32400000 -1.49683473e+00
90.10700000 28.93200000 90.55800000 28.41900000 -8.72370403e-01
90.10700000 28.93200000 90.95900000 29.27800000 -5.88807799e-01
90.10700000 28.93200000 89.57300000 28.91400000 3.32354054e-01
90.15400000 29.44400000 90.26700000 29.32400000 -1.57507012e-01
90.15400000 29.44400000 78.70400000 33.19100000 4.00689068e-01
90.15400000 29.44400000 89.57300000 28.91400000 -1.04137869e+00
90.15400000 29.44400000 85.74100000 29.59100000 1.83875299e-01
90.26700000 29.32400000 90.95900000 29.27800000 3.03434783e-01
90.55800000 28.41900000 91.88900000 28.96000000 -1.47027493e+00
90.55800000 28.41900000 91.91000000 27.97100000 6.88594454e-01
90.55800000 28.41900000 89.63500000 27.47200000 -3.82899728e+00
90.55800000 28.41900000 90.95900000 29.27800000 -3.39753564e+00
91.88900000 28.96000000 91.91000000 27.97100000 -2.08499177e+00
91.88900000 28.96000000 92.39900000 28.42200000 5.18450737e-01
91.88900000 28.96000000 93.07300000 29.04400000 -1.77450460e-01
91.88900000 28.96000000 92.43900000 28.43200000 6.46321169e-01
91.88900000 28.96000000 90.95900000 29.27800000 3.63755741e-01
91.91000000 27.97100000 92.39900000 28.42200000 -1.55189232e+00
91.91000000 27.97100000 92.41500000 27.27000000 -5.00437449e+00
91.91000000 27.97100000 89.63500000 27.47200000 -2.01386749e+00
92.39900000 28.42200000 92.41500000 27.27000000 -8.01555810e+00
93.07300000 29.04400000 92.43900000 28.43200000 -1.61426002e+00
93.07300000 29.04400000 92.41500000 27.27000000 -9.34263209e+00
93.07300000 29.04400000 90.95900000 29.27800000 6.73772316e-01
83.95300000 29.17800000 84.04300000 29.53400000 -1.10381328e+00
83.95300000 29.17800000 85.21000000 29.44000000 -1.18152969e+00
83.95300000 29.17800000 83.74300000 28.80500000 -2.34739294e+00
83.95300000 29.17800000 84.41000000 28.37500000 -4.21430714e+00
84.04300000 29.53400000 85.21000000 29.44000000 -1.66360311e-01
84.04300000 29.53400000 83.89500000 29.17900000 -1.05911030e+00
86.93999999 28.35700000 86.82699999 28.19400000 -6.72796919e-02
75.36300000 32.56500000 75.88100000 32.30400000 1.66700034e-01
75.36300000 32.56500000 75.93800000 31.47900000 -3.20246654e+00
75.36300000 32.56500000 75.99300000 32.53600000 -1.04903343e+00
75.36300000 32.56500000 74.34700000 33.39500000 -5.78943632e-01
75.36300000 32.56500000 75.03700000 33.59500000 -3.22121156e+00
75.88100000 32.30400000 75.93800000 31.47900000 -3.00272290e+00
75.88100000 32.30400000 75.99300000 32.53600000 -5.62991580e+00
75.88100000 32.30400000 76.29400000 31.89700000 -1.04761141e+00
75.88100000 32.30400000 76.30700000 32.24800000 -2.18188146e-02
75.93800000 31.47900000 76.29400000 31.89700000 -1.45324828e+00
75.93800000 31.47900000 76.30700000 31.53800000 -1.27368273e-01
75.93800000 31.47900000 77.12600000 28.48200000 -1.28136427e+00
75.93800000 31.47900000 77.63000000 30.27600000 -4.15950203e+00
75.93800000 31.47900000 77.17200000 28.54400000 -1.19920769e+00
75.93800000 31.47900000 73.39100000 33.89500000 1.04066446e+00
75.93800000 31.47900000 74.34700000 33.39500000 -3.93285719e+00
75.99300000 32.53600000 76.30700000 32.24800000 -1.44627047e+00
75.99300000 32.53600000 76.68900000 32.69800000 -3.29461721e+00
75.99300000 32.53600000 75.03700000 33.59500000 6.18503338e-01
76.29400000 31.89700000 76.30700000 31.53800000 -1.25953636e+00
76.29400000 31.89700000 76.30700000 32.24800000 -3.03270111e+00
76.29400000 31.89700000 76.67300000 31.91900000 -1.60304252e+00
76.30700000 31.53800000 76.67300000 31.91900000 -3.16657336e+00
76.30700000 31.53800000 76.81500000 31.63400000 -2.51094121e+00
76.30700000 31.53800000 77.63000000 30.27600000 -2.86097297e+00
76.30700000 32.24800000 76.67300000 31.91900000 -1.97115853e+00
76.30700000 32.24800000 76.68900000 32.69800000 -9.25859801e+00
76.30700000 32.24800000 77.19200000 32.31700000 -5.13621569e+00
76.67300000 31.91900000 76.81500000 31.63400000 -8.62595869e-01
76.67300000 31.91900000 77.10800000 32.06700000 -6.37724851e+00
76.67300000 31.91900000 77.19200000 32.31700000 -9.22190332e+00
76.68900000 32.69800000 77.17500000 32.63400000 8.90636754e-01
76.68900000 32.69800000 77.19200000 32.31700000 -3.61501686e-01
76.68900000 32.69800000 77.42500000 32.79800000 2.82931924e+00
76.68900000 32.69800000 77.60000000 34.12800000 -4.14288435e+00
76.68900000 32.69800000 75.03700000 33.59500000 1.59964106e+00
76.68900000 32.69800000 75.27200000 34.10000000 1.26894657e+00
76.68900000 32.69800000 75.76900000 34.42400000 3.59536874e-01
76.68900000 32.69800000 76.16200000 34.55900000 -3.30098830e-01
76.81500000 31.63400000 77.10800000 32.06700000 -8.15501885e+00
76.81500000 31.63400000 77.63000000 30.27600000 -8.81133146e-01
76.81500000 31.63400000 78.02100000 30.45900000 -3.93579943e+00
76.81500000 31.63400000 78.67600000 30.99700000 -3.09884098e+00
77.10800000 32.06700000 77.19200000 32.31700000 -3.33391646e+00
77.10800000 32.06700000 77.92100000 32.36400000 -1.60612051e+00
77.10800000 32.06700000 78.67600000 30.99700000 -1.08598261e+00
77.12600000 28.48200000 78.60800001 25.45200000 -1.31070143e-01
77.12600000 28.48200000 79.08000000 29.23000000 -5.70330303e-01
77.12600000 28.48200000 73.39100000 33.89500000 3.66460904e-01
77.17500000 32.63400000 77.19200000 32.31700000 -3.39328671e+00
77.17500000 32.63400000 77.42500000 32.79800000 1.19755445e+00
77.19200000 32.31700000 77.42500000 32.79800000 -3.75737853e+00
77.19200000 32.31700000 77.92100000 32.36400000 -1.38163573e-01
77.42500000 32.79800000 77.80800000 33.97200000 -6.12433977e-01
77.42500000 32.79800000 77.92100000 32.36400000 -4.94666022e+00
77.42500000 32.79800000 78.66000000 33.20900000 -3.64700922e+00
77.42500000 32.79800000 77.60000000 34.12800000 3.81626506e-01
77.63000000 30.27600000 77.86000000 30.32900000 1.26526217e+00
77.63000000 30.27600000 77.86800000 30.14700000 -1.73896342e+00
77.63000000 30.27600000 78.02100000 30.45900000 6.86212276e-01
77.63000000 30.27600000 77.17200000 28.54400000 5.19365727e-01
77.80800000 33.97200000 78.66000000 33.20900000 -1.50751744e+00
77.86000000 30.32900000 77.86800000 30.14700000 1.45502583e+00
77.86000000 30.32900000 77.97400000 30.28500000 -3.73650424e-01
77.86000000 30.32900000 78.01400000 30.32900000 -2.58023577e-01
77.86000000 30.32900000 78.02100000 30.45900000 -1.83233624e+00
77.86800000 30.14700000 77.97400000 30.28500000 1.92080418e+00
77.86800000 30.14700000 77.97900000 30.09500000 -1.17012377e+00
77.92100000 32.36400000 78.66000000 33.20900000 -1.00048255e+00
77.92100000 32.36400000 78.97300000 32.77900000 -9.31311053e-01
77.92100000 32.36400000 78.67600000 30.99700000 -5.92750681e+00
77.97400000 30.28500000 77.97900000 30.09500000 -2.90012403e-01
77.97400000 30.28500000 78.01400000 30.32900000 -3.72486761e-01
77.97400000 30.28500000 78.18700000 30.19100000 -7.46781028e-01
77.97900000 30.09500000 78.18700000 30.19100000 2.09157403e-01
77.97900000 30.09500000 78.68000000 29.84800000 -9.33290228e-01
77.97900000 30.09500000 77.17200000 28.54400000 2.39491391e+00
78.01400000 30.32900000 78.02100000 30.45900000 -2.27844125e+00
78.01400000 30.32900000 78.11500000 30.45200000 -2.29293280e+00
78.01400000 30.32900000 78.15500000 30.34200000 -3.05434338e-01
78.01400000 30.32900000 78.18700000 30.19100000 -1.02665432e+00
78.02100000 30.45900000 78.11500000 30.45200000 -1.60340840e-01
78.02100000 30.45900000 78.67600000 30.99700000 -5.28310622e+00
78.11500000 30.45200000 78.15500000 30.34200000 -1.98124634e+00
78.11500000 30.45200000 78.61700000 30.80600000 -3.69352024e+00
78.11500000 30.45200000 78.36500000 30.40400000 -5.79360519e-01
78.15500000 30.34200000 78.18700000 30.19100000 -1.44377942e+00
78.15500000 30.34200000 78.36800000 30.39400000 -1.12874226e+00
78.15500000 30.34200000 78.36500000 30.40400000 -1.23994891e+00
78.18700000 30.19100000 78.36800000 30.39400000 -2.80525582e+00
78.18700000 30.19100000 78.68000000 29.84800000 -7.99020462e-01
78.36800000 30.39400000 78.61700000 30.80600000 -4.96507368e+00
78.36800000 30.39400000 78.68000000 29.84800000 -3.18115136e+00
78.36800000 30.39400000 79.09000000 30.29800000 -9.24206786e-01
78.60800001 25.45200000 80.94300001 26.89100000 -2.66906211e-01
78.60800001 25.45200000 85.92499999 26.71100000 -3.43586086e-01
78.60800001 25.45200000 79.08000000 29.23000000 -1.18101374e+00
78.60800001 25.45200000 91.23700000 25.00000000 1.83087347e-01
78.61700000 30.80600000 78.75400000 31.03700000 -1.86848421e+00
78.61700000 30.80600000 79.09000000 30.29800000 -3.68085701e+00
78.61700000 30.80600000 78.36500000 30.40400000 -4.80921665e+00
78.61700000 30.80600000 78.67600000 30.99700000 -1.72217148e+00
78.61700000 30.80600000 79.21100000 30.48600000 -1.75299073e+00
78.66000000 33.20900000 78.97300000 32.77900000 -1.12429558e-01
78.68000000 29.84800000 79.09000000 30.29800000 -4.71440138e+00
78.68000000 29.84800000 77.17200000 28.54400000 -1.15985601e-01
78.68000000 29.84800000 79.08000000 29.23000000 -1.39071357e+00
78.68000000 29.84800000 79.43000000 29.64000000 4.08656012e-02
78.75400000 31.03700000 79.49300000 30.74300000 1.79990569e-01
78.75400000 31.03700000 78.67600000 30.99700000 -1.30364057e-01
78.75400000 31.03700000 79.21100000 30.48600000 -3.48070444e+00
79.09000000 30.29800000 79.19400000 30.32900000 -8.44522021e-01
79.09000000 30.29800000 79.21100000 30.48600000 -3.55445335e+00
79.09000000 30.29800000 79.43000000 29.64000000 -3.83548801e+00
79.19400000 30.32900000 79.21100000 30.48600000 -2.25835128e+00
79.19400000 30.32900000 79.55900000 30.53100000 -1.36580055e+00
79.19400000 30.32900000 79.43000000 29.64000000 -5.36053284e+00
79.19400000 30.32900000 79.77000000 29.82000000 -2.14314062e+00
79.49300000 30.74300000 79.21100000 30.48600000 -2.58137092e+00
79.49300000 30.74300000 79.55900000 30.53100000 -2.64251412e+00
80.24000000 30.06000000 79.55900000 30.53100000 -2.93502202e-01
80.24000000 30.06000000 80.04100000 29.83800000 -4.88124176e+00
80.24000000 30.06000000 79.77000000 29.82000000 -4.22606696e+00
80.24000000 30.06000000 80.34000000 29.76000000 -5.06126037e+00
80.24000000 30.06000000 80.56000000 29.86000000 -5.37501853e-01
80.94300001 26.89100000 80.14800001 28.96300000 -7.87890129e-01
80.94300001 26.89100000 81.11600000 28.61300000 9.86005352e-02
80.94300001 26.89100000 81.57500000 28.13400000 -7.66766220e-01
80.94300001 26.89100000 82.09500000 28.01000000 6.81355374e-01
80.94300001 26.89100000 82.54000000 27.78600000 -8.61178653e-01
80.94300001 26.89100000 80.58200000 28.75400000 3.07290850e+00
80.94300001 26.89100000 81.61500000 28.04900000 -6.70044363e-01
80.94300001 26.89100000 85.92499999 26.71100000 4.21049749e-02
80.94300001 26.89100000 79.08000000 29.23000000 -5.24055317e-01
88.56900000 27.36500000 88.91000000 27.49000000 -8.70711457e-01
88.56900000 27.36500000 87.70999999 27.35200000 -9.41675816e-01
88.56900000 27.36500000 88.70200000 27.02400000 -2.17270800e+00
88.56900000 27.36500000 88.50300000 27.08900000 -1.63658422e+00
89.39200000 26.84900000 92.41500000 27.27000000 -2.61952907e+00
89.39200000 26.84900000 89.63500000 27.47200000 -1.28068763e+00
89.39200000 26.84900000 88.73800000 26.75100000 -2.63245332e+00
89.39200000 26.84900000 88.93600000 26.96500000 3.24282292e-01
89.39200000 26.84900000 91.23700000 25.00000000 -1.34265276e+00
92.43900000 28.43200000 92.41500000 27.27000000 -8.13817062e+00
80.14800001 28.96300000 80.63600000 29.01200000 -1.14053184e+00
80.14800001 28.96300000 80.58200000 28.75400000 -8.73990632e-01
80.14800001 28.96300000 79.08000000 29.23000000 -3.20675581e-01
80.14800001 28.96300000 79.51000001 29.21000000 -2.64195901e-01
80.14800001 28.96300000 80.18000000 29.10000000 -7.86458985e-01
80.60200000 29.33400000 80.72100000 29.52700000 -3.29775459e+00
80.60200000 29.33400000 80.50100000 29.73400000 -4.16362537e+00
80.60200000 29.33400000 80.62600000 29.17700000 -1.00305675e+00
80.60200000 29.33400000 81.20100000 29.47400000 -3.49506722e+00
80.60200000 29.33400000 80.09000000 29.33000000 -1.01489239e+00
80.60200000 29.33400000 80.18000000 29.10000000 -1.74082453e+00
80.60200000 29.33400000 80.23000000 29.59000000 -2.72188029e-01
80.63600000 29.01200000 81.11600000 28.61300000 2.03220668e+00
80.63600000 29.01200000 81.35300000 28.82400000 -1.18020714e+00
80.63600000 29.01200000 80.58200000 28.75400000 1.16494219e+00
80.63600000 29.01200000 80.62600000 29.17700000 -5.54757818e-01
80.63600000 29.01200000 81.20100000 29.47400000 -8.50204308e+00
80.63600000 29.01200000 80.18000000 29.10000000 -1.23504885e+00
80.72100000 29.52700000 80.50100000 29.73400000 -9.11227336e-01
80.72100000 29.52700000 81.20100000 29.47400000 6.05181622e-01
80.72100000 29.52700000 80.56000000 29.86000000 -4.24689493e+00
81.11600000 28.61300000 81.35300000 28.82400000 -9.22502002e-01
81.11600000 28.61300000 81.57500000 28.13400000 -1.04593097e+00
81.11600000 28.61300000 81.63400000 28.58300000 -7.02557847e-01
81.11600000 28.61300000 81.69100000 28.40700000 -4.50862642e-01
81.11600000 28.61300000 80.58200000 28.75400000 -2.49828483e+00
81.35300000 28.82400000 81.63400000 28.58300000 -3.09662751e-01
81.35300000 28.82400000 81.63500000 28.58600000 -2.97560855e-01
81.35300000 28.82400000 81.20100000 29.47400000 -4.41931051e+00
81.35300000 28.82400000 81.71400000 28.65600000 -5.77310166e-02
81.35300000 28.82400000 82.19300000 29.27800000 -4.88845693e+00
81.57500000 28.13400000 81.69100000 28.40700000 -2.43430457e-01
81.63400000 28.58300000 81.69100000 28.40700000 -1.77272317e-01
81.63400000 28.58300000 81.71400000 28.65600000 -4.51971704e-01
81.63500000 28.58600000 81.71400000 28.65600000 -4.36207650e-01
81.69100000 28.40700000 82.09500000 28.01000000 2.93905647e-01
81.69100000 28.40700000 82.34700000 28.24900000 8.84953212e-01
81.69100000 28.40700000 81.59500000 28.11700000 -3.77844990e-01
81.69100000 28.40700000 81.71400000 28.65600000 -8.15415923e-01
82.09500000 28.01000000 82.24700000 28.03000000 8.64412546e-01
82.09500000 28.01000000 82.34700000 28.24900000 -2.43341578e-02
82.09500000 28.01000000 82.54000000 27.78600000 8.66550118e-01
82.09500000 28.01000000 81.59500000 28.11700000 1.20973724e+00
82.09500000 28.01000000 81.61500000 28.04900000 1.09780947e+00
82.24700000 28.03000000 82.34700000 28.24900000 -1.62441605e-01
82.24700000 28.03000000 82.54000000 27.78600000 -1.32350424e-01
82.24700000 28.03000000 82.49100000 27.95100000 -2.17426257e-01
82.24700000 28.03000000 82.57300000 28.06300000 -5.48996770e-01
82.34700000 28.24900000 81.71400000 28.65600000 5.73070997e-01
82.34700000 28.24900000 82.81800000 28.98400000 -9.23563748e+00
82.34700000 28.24900000 82.57300000 28.06300000 -2.72281146e-01
82.50400000 27.95100000 82.54000000 27.78600000 -9.61116549e-01
82.50400000 27.95100000 82.57300000 28.06300000 4.33021669e-01
82.54000000 27.78600000 82.78500000 27.56800000 -5.77056767e-02
82.54000000 27.78600000 82.49100000 27.95100000 -8.43643529e-01
82.54000000 27.78600000 82.57300000 28.06300000 -4.99090068e-01
82.78500000 27.56800000 82.57300000 28.06300000 -6.41183741e-01
82.78500000 27.56800000 83.41800000 27.50700000 6.21942445e-03
82.78500000 27.56800000 83.55400000 27.87400000 -1.67028609e-01
85.00799999 27.31600000 85.39799999 27.57500000 -6.84262657e-01
85.00799999 27.31600000 84.98499999 27.16600000 6.66389429e-01
85.00799999 27.31600000 85.10799999 27.60800000 -8.04322360e-01
85.00799999 27.31600000 84.43000000 27.67800000 1.43330895e+00
85.21000000 29.44000000 84.41000000 28.37500000 -4.91936685e+00
85.21000000 29.44000000 85.74100000 29.59100000 -7.50974185e-01
85.22199999 28.01500000 85.32899999 28.17100000 -1.10763166e+00
85.22199999 28.01500000 84.38000000 28.22900000 9.98856696e-01
85.22199999 28.01500000 84.41000000 28.37500000 1.02018898e+00
85.22199999 28.01500000 85.10799999 27.60800000 -3.55869980e+00
85.22199999 28.01500000 85.27899999 27.80100000 -2.35325469e+00
85.22199999 28.01500000 85.31399999 28.20700000 -1.33000137e+00
85.22199999 28.01500000 84.43000000 27.67800000 -5.00066877e+00
85.27999999 27.69300000 85.10799999 27.60800000 -1.46303398e-01
85.27999999 27.69300000 85.27899999 27.80100000 -7.84366269e-01
85.27999999 27.69300000 85.28799999 27.68200000 -3.88599562e-02
85.27999999 27.69300000 85.35799999 27.69700000 -2.03113621e-02
85.32899999 28.17100000 85.27899999 27.80100000 -3.81664879e+00
85.32899999 28.17100000 85.52099999 27.69300000 -4.26525212e+00
85.32899999 28.17100000 85.87699999 27.91000000 -1.19436698e+00
85.39799999 27.57500000 85.79399999 27.74500000 -1.73262445e+00
85.39799999 27.57500000 84.98499999 27.16600000 -4.08458874e-01
85.39799999 27.57500000 85.10799999 27.60800000 -9.66079116e-02
85.39799999 27.57500000 85.28799999 27.68200000 -3.50995453e-01
85.39799999 27.57500000 85.52099999 27.69300000 -4.32097830e-01
85.39799999 27.57500000 85.35799999 27.69700000 -4.36940988e-01
85.39799999 27.57500000 85.92499999 26.71100000 -1.21264211e+00
85.79399999 27.74500000 86.22999999 27.63500000 5.53962610e-01
85.79399999 27.74500000 85.52099999 27.69300000 -1.13829649e+00
85.79399999 27.74500000 85.87699999 27.91000000 -1.66024405e+00
85.79399999 27.74500000 85.92499999 26.71100000 -5.22428748e+00
86.01999999 28.29000000 86.82699999 28.19400000 -1.28648558e+00
86.01999999 28.30000000 85.31399999 28.20700000 1.08286309e+00
86.01999999 28.30000000 86.82699999 28.19400000 -1.33124613e+00
86.22999999 27.63500000 85.87699999 27.91000000 6.42964765e-02
86.22999999 27.63500000 86.54999999 27.30500000 2.53130618e-01
86.22999999 27.63500000 86.71199999 27.81400000 -2.47420191e-01
86.22999999 27.63500000 85.92499999 26.71100000 -6.81919814e+00
86.22999999 27.63500000 86.71499999 27.80300000 -1.67612118e-01
86.22999999 27.63500000 86.72499999 27.68300000 6.83988457e-01
86.81299999 27.95800000 86.71199999 27.81400000 -1.32062521e-01
86.81299999 27.95800000 86.82299999 27.89400000 -9.45709247e-02
86.81299999 27.95800000 86.82699999 28.19400000 -2.06855235e-01
86.81299999 27.95800000 86.92899999 27.97300000 -1.47175596e-01
87.57700000 29.11800000 87.15499999 28.63000000 -3.43887249e-01
87.57700000 29.11800000 88.86400000 29.25000000 2.60512777e-01
78.70400000 33.19100000 85.74100000 29.59100000 8.20601084e-01
92.41500000 27.27000000 89.63500000 27.47200000 -1.17605746e+00
92.41500000 27.27000000 91.23700000 25.00000000 -8.94667173e+00
80.50100000 29.73400000 80.23000000 29.59000000 -3.15229083e+00
80.50100000 29.73400000 80.34000000 29.76000000 -6.16099940e-02
80.50100000 29.73400000 80.56000000 29.86000000 -2.54014703e+00
80.62600000 29.17700000 81.20100000 29.47400000 -6.27730818e+00
80.62600000 29.17700000 80.18000000 29.10000000 -1.35260094e+00
81.20100000 29.47400000 81.80700000 29.96900000 -5.29351548e+00
81.20100000 29.47400000 82.19300000 29.27800000 -9.04193178e-01
81.20100000 29.47400000 80.56000000 29.86000000 2.93868732e-01
81.71400000 28.65600000 82.19300000 29.27800000 -6.97157987e+00
81.71400000 28.65600000 82.81800000 28.98400000 -2.91423876e+00
81.80700000 29.96900000 82.19300000 29.27800000 -2.83383513e+00
82.19300000 29.27800000 82.81800000 28.98400000 1.11048790e+00
82.49100000 27.95100000 82.57300000 28.06300000 4.12108707e-01
82.81800000 28.98400000 83.74300000 28.80500000 1.67482329e-01
82.81800000 28.98400000 83.89500000 29.17900000 1.10415408e+00
82.81800000 28.98400000 82.57300000 28.06300000 -1.04053344e+01
82.81800000 28.98400000 83.71800000 28.78100000 1.58961121e-02
83.60300000 27.76700000 83.82600000 27.45700000 -7.03990019e-01
83.60300000 27.76700000 84.13000000 27.64800000 -5.31650155e-01
83.60300000 27.76700000 83.41800000 27.50700000 7.37072136e-02
83.60300000 27.76700000 83.55400000 27.87400000 -2.05468141e-01
83.60300000 27.76700000 83.97800000 28.19900000 -2.71037975e+00
83.74300000 28.80500000 83.89500000 29.17900000 -2.51135111e+00
83.74300000 28.80500000 83.93600000 28.26000000 -4.48455394e+00
83.74300000 28.80500000 84.41000000 28.37500000 -2.01465210e+00
83.82600000 27.45700000 84.13000000 27.64800000 2.26884639e-01
83.82600000 27.45700000 84.98499999 27.16600000 6.97803144e-01
83.82600000 27.45700000 83.41800000 27.50700000 -2.43128035e-02
83.93600000 28.26000000 84.41000000 28.37500000 -1.91682138e+00
83.93600000 28.26000000 83.55400000 27.87400000 -2.92327766e+00
83.93600000 28.26000000 83.71800000 28.78100000 -4.32061773e+00
84.13000000 27.64800000 84.26500000 27.97300000 -1.92970353e+00
84.13000000 27.64800000 84.98499999 27.16600000 2.21465732e+00
84.13000000 27.64800000 83.97800000 28.19900000 -2.71958560e+00
84.13000000 27.64800000 84.43000000 27.67800000 -1.61609818e-01
84.26500000 27.97300000 84.38000000 28.22900000 -3.90028894e+00
84.26500000 27.97300000 83.97800000 28.19900000 -4.87078724e-01
84.26500000 27.97300000 84.43000000 27.67800000 -9.90979851e-01
84.38000000 28.22900000 84.41000000 28.37500000 -1.23974365e+00
84.38000000 28.22900000 83.97800000 28.19900000 -1.37136636e+00
84.38000000 28.22900000 84.43000000 27.67800000 -4.72260811e+00
84.41000000 28.37500000 85.31399999 28.20700000 8.70869115e-01
84.41000000 28.37500000 83.97800000 28.19900000 -2.68191630e+00
84.98499999 27.16600000 84.43000000 27.67800000 2.85895722e+00
84.98499999 27.16600000 85.92499999 26.71100000 -2.04680309e+00
85.10799999 27.60800000 85.27899999 27.80100000 -8.95786177e-01
85.10799999 27.60800000 85.28799999 27.68200000 -1.12905782e-01
85.10799999 27.60800000 84.43000000 27.67800000 -7.45447846e-01
85.27899999 27.80100000 85.52099999 27.69300000 -4.57572037e-01
85.27899999 27.80100000 85.35799999 27.69700000 -6.34682312e-01
85.28799999 27.68200000 85.35799999 27.69700000 -2.25791528e-02
85.52099999 27.69300000 85.87699999 27.91000000 -2.57558091e+00
85.52099999 27.69300000 85.35799999 27.69700000 -1.77593292e-01
86.54999999 27.30500000 86.59699999 26.99100000 -2.67375995e+00
86.54999999 27.30500000 85.92499999 26.71100000 -5.44732416e+00
86.54999999 27.30500000 86.72499999 27.68300000 -2.58586433e+00
86.54999999 27.30500000 87.20599999 27.38000000 8.90571652e-01
86.59699999 26.99100000 87.39199999 26.86600000 4.79204269e-01
86.59699999 26.99100000 85.92499999 26.71100000 -1.40680240e+00
86.59699999 26.99100000 87.20599999 27.38000000 -1.58383457e+00
86.71199999 27.81400000 86.82299999 27.89400000 -1.11648114e-01
87.39199999 26.86600000 87.70999999 27.35200000 -3.51497996e+00
87.39199999 26.86600000 88.18500000 26.88300000 -1.71995117e+00
87.39199999 26.86600000 88.35000000 26.71100000 1.87303543e-01
87.39199999 26.86600000 85.92499999 26.71100000 9.41770365e-01
87.39199999 26.86600000 87.20599999 27.38000000 -6.16218444e+00
87.70999999 27.35200000 88.40000000 26.98000000 -3.11342857e+00
87.70999999 27.35200000 88.18500000 26.88300000 -4.81735030e+00
87.70999999 27.35200000 86.92899999 27.97300000 -3.13016263e+00
87.70999999 27.35200000 87.20599999 27.38000000 1.05924766e+00
87.70999999 27.35200000 88.50300000 27.08900000 -2.32486885e+00
77.60000000 34.12800000 76.16200000 34.55900000 -1.28406333e+00
88.40000000 26.98000000 88.18500000 26.88300000 7.16877472e-01
88.40000000 26.98000000 88.35000000 26.71100000 -6.33068660e-01
88.40000000 26.98000000 88.56900000 26.88900000 -1.50525080e-01
88.40000000 26.98000000 88.50300000 27.08900000 -1.03100360e+00
88.68000000 27.00000000 88.56900000 26.88900000 -7.95159894e-01
88.68000000 27.00000000 88.70200000 27.02400000 -3.13343709e-01
88.68000000 27.00000000 88.75300000 26.88100000 -5.25169334e-01
88.68000000 27.00000000 88.79100000 27.01000000 -3.77048771e-01
88.68000000 27.00000000 88.50300000 27.08900000 -4.24811283e-01
88.18500000 26.88300000 88.35000000 26.71100000 -5.46674439e-01
88.35000000 26.71100000 88.56900000 26.88900000 -2.07577032e-01
88.35000000 26.71100000 88.73800000 26.75100000 -1.51949144e-01
88.35000000 26.71100000 85.92499999 26.71100000 1.44284147e-01
88.35000000 26.71100000 91.23700000 25.00000000 -1.06430451e+00
88.56900000 26.88900000 88.73800000 26.75100000 -5.14182916e-01
88.56900000 26.88900000 88.75300000 26.88100000 -5.22765733e-01
88.56900000 26.88900000 88.50300000 27.08900000 -1.26239429e+00
88.70200000 27.02400000 88.79100000 27.01000000 -2.07150678e-01
88.70200000 27.02400000 88.50300000 27.08900000 -3.58027089e-01
88.73800000 26.75100000 88.75300000 26.88100000 -2.66569440e-03
88.73800000 26.75100000 88.93600000 26.96500000 -1.46869947e+00
88.73800000 26.75100000 91.23700000 25.00000000 -9.89736844e-01
88.75300000 26.88100000 88.79100000 27.01000000 -8.49419238e-01
88.75300000 26.88100000 88.93600000 26.96500000 -1.42502659e+00
88.79100000 27.01000000 88.93600000 26.96500000 -4.51169487e-01
77.17200000 28.54400000 79.08000000 29.23000000 -5.39594983e-01
79.21100000 30.48600000 79.55900000 30.53100000 1.27363045e+00
79.55900000 30.53100000 79.77000000 29.82000000 -8.04857996e+00
79.62000000 29.63800000 79.43000000 29.64000000 1.19035892e-01
79.62000000 29.63800000 79.65000000 29.59000000 1.57600927e-01
79.62000000 29.63800000 79.77000000 29.82000000 -2.12075990e+00
80.04100000 29.83800000 79.77000000 29.82000000 -5.05035291e-01
80.04100000 29.83800000 79.90000000 29.78000000 -9.89278620e-01
80.04100000 29.83800000 80.23000000 29.59000000 -1.14731653e+00
80.04100000 29.83800000 80.34000000 29.76000000 6.34294834e-02
82.57300000 28.06300000 83.55400000 27.87400000 4.18311598e-01
82.57300000 28.06300000 83.71800000 28.78100000 -4.03501840e+00
83.41800000 27.50700000 83.55400000 27.87400000 -3.46577645e-01
83.55400000 27.87400000 83.71800000 28.78100000 -7.29779805e+00
83.55400000 27.87400000 83.97800000 28.19900000 -2.32472151e+00
85.92499999 26.71100000 91.23700000 25.00000000 -4.19676696e-02
86.71499999 27.80300000 86.72499999 27.68300000 -2.91522332e-01
86.71499999 27.80300000 86.82299999 27.89400000 -1.13763837e-01
86.72499999 27.68300000 86.82299999 27.89400000 -3.28482366e-01
86.72499999 27.68300000 87.20599999 27.38000000 -1.67544655e+00
86.82299999 27.89400000 86.92899999 27.97300000 -3.84681883e-02
86.82299999 27.89400000 87.20599999 27.38000000 -2.88430093e+00
86.82699999 28.19400000 86.92899999 27.97300000 -4.57205344e-01
86.92899999 27.97300000 87.20599999 27.38000000 -3.16587885e+00
79.08000000 29.23000000 79.43000000 29.64000000 7.10815659e-01
79.08000000 29.23000000 79.51000001 29.21000000 -8.43850607e-02
79.43000000 29.64000000 79.51000001 29.21000000 9.36263389e-01
79.43000000 29.64000000 79.65000000 29.59000000 3.58712114e-01
79.43000000 29.64000000 79.77000000 29.82000000 -1.59699300e+00
79.51000001 29.21000000 79.65000000 29.59000000 -5.44164504e-01
79.51000001 29.21000000 80.09000000 29.33000000 -5.47933487e-01
79.51000001 29.21000000 80.18000000 29.10000000 8.18980348e-01
79.65000000 29.59000000 79.77000000 29.82000000 -2.25946810e+00
79.65000000 29.59000000 79.90000000 29.78000000 -2.19922729e+00
79.65000000 29.59000000 80.09000000 29.33000000 2.32044366e-01
79.77000000 29.82000000 79.90000000 29.78000000 3.53341330e-02
79.90000000 29.78000000 80.09000000 29.33000000 -1.36732508e+00
79.90000000 29.78000000 80.23000000 29.59000000 5.15111711e-02
80.09000000 29.33000000 80.18000000 29.10000000 5.83396356e-01
80.09000000 29.33000000 80.23000000 29.59000000 -1.88958496e+00
80.23000000 29.59000000 80.34000000 29.76000000 -2.98996569e+00
80.34000000 29.76000000 80.56000000 29.86000000 -1.59118298e+00
73.24900000 34.42000000 73.39100000 33.89500000 2.04981648e-02
73.24900000 34.42000000 73.65300000 33.97800000 -1.45826706e-02
73.24900000 34.42000000 73.93500000 33.93000000 -6.40016597e-02
73.24900000 34.42000000 74.48400000 34.09500000 -2.04244294e-01
73.24900000 34.42000000 74.97400000 34.35300000 4.39280250e-01
73.39100000 33.89500000 73.65300000 33.97800000 -1.08970961e-02
73.39100000 33.89500000 73.75200000 33.87100000 -2.88461824e-02
73.39100000 33.89500000 74.34700000 33.39500000 2.20839436e-01
73.65300000 33.97800000 73.75200000 33.87100000 1.68776043e-03
73.65300000 33.97800000 73.93500000 33.93000000 -5.30067713e-02
73.75200000 33.87100000 73.93500000 33.93000000 -3.48672377e-02
73.75200000 33.87100000 74.34700000 33.39500000 7.16981449e-02
73.93500000 33.93000000 74.34700000 33.39500000 -1.00653831e-01
73.93500000 33.93000000 74.48400000 34.09500000 1.68732628e-01
73.93500000 33.93000000 74.59300000 33.99300000 -2.55651977e-01
74.34700000 33.39500000 74.59300000 33.99300000 7.65474764e-01
74.34700000 33.39500000 75.03700000 33.59500000 4.16654148e-01
74.48400000 34.09500000 74.59300000 33.99300000 -1.31410729e+00
74.48400000 34.09500000 74.81700000 34.10900000 4.83963363e-01
74.48400000 34.09500000 74.83700000 34.13000000 5.41412467e-01
74.48400000 34.09500000 74.97400000 34.35300000 4.95374812e-01
74.59300000 33.99300000 74.81700000 34.10900000 4.86915331e-01
74.59300000 33.99300000 75.03700000 33.59500000 1.01587706e+00
74.81700000 34.10900000 74.83700000 34.13000000 -7.61588678e-02
74.81700000 34.10900000 74.88900000 34.12000000 4.50054335e-02
74.81700000 34.10900000 75.03700000 33.59500000 -2.02085431e-01
74.83700000 34.13000000 74.88900000 34.12000000 7.31162398e-02
74.83700000 34.13000000 74.97400000 34.35300000 -4.93479184e-01
74.83700000 34.13000000 75.04500000 34.22700000 -1.47577390e-01
74.88900000 34.12000000 75.03700000 33.59500000 -4.42960881e-01
74.88900000 34.12000000 75.04500000 34.22700000 -2.22743730e-01
74.88900000 34.12000000 75.27200000 34.10000000 6.92371589e-03
74.97400000 34.35300000 75.04500000 34.22700000 -1.29976973e-01
74.97400000 34.35300000 75.32500000 34.29200000 4.82006310e-02
74.97400000 34.35300000 75.76900000 34.42400000 2.55267959e-02
75.03700000 33.59500000 75.27200000 34.10000000 -9.70137210e-01
75.04500000 34.22700000 75.27200000 34.10000000 -9.62016923e-03
75.04500000 34.22700000 75.32500000 34.29200000 -5.35462140e-02
75.27200000 34.10000000 75.32500000 34.29200000 -1.97921249e-01
75.27200000 34.10000000 75.76900000 34.42400000 -3.71629006e-01
75.32500000 34.29200000 75.76900000 34.42400000 -1.18602185e-01
75.76900000 34.42400000 76.16200000 34.55900000 -3.04869769e-01
