79.09800000 31.88700000 79.81400000 31.49800000 2.69417824e-01
79.09800000 31.88700000 80.29300000 31.71100000 7.99524224e-04
79.09800000 31.88700000 77.92100000 32.36400000 1.23113374e+00
79.09800000 31.88700000 78.75400000 31.03700000 -3.35183480e+00
79.09800000 31.88700000 78.97300000 32.77900000 -2.24216677e+00
79.09800000 31.88700000 78.67600000 30.99700000 -4.07398452e+00
79.81400000 31.49800000 80.29300000 31.71100000 -6.26712078e-01
79.81400000 31.49800000 80.42900000 30.96100000 -2.17582608e-01
79.81400000 31.49800000 78.75400000 31.03700000 -3.41061025e+00
79.81400000 31.49800000 79.49300000 30.74300000 -1.44830255e+00
80.29300000 31.71100000 80.42900000 30.96100000 -3.78316589e-02
80.29300000 31.71100000 81.42800000 30.83700000 -3.74273265e-01
80.29300000 31.71100000 78.97300000 32.77900000 2.53374757e-01
80.42900000 30.96100000 81.17600000 30.29000000 -4.78898899e-01
80.42900000 30.96100000 81.42800000 30.83700000 -1.83494231e-01
80.42900000 30.96100000 79.49300000 30.74300000 -1.64008061e+00
80.42900000 30.96100000 80.24000000 30.06000000 -4.59130161e+00
80.42900000 30.96100000 79.55900000 30.53100000 -3.10565969e+00
81.17600000 30.29000000 81.42800000 30.83700000 -8.03695551e-01
81.17600000 30.29000000 81.85600000 30.71600000 -7.69548015e-01
81.17600000 30.29000000 80.24000000 30.06000000 -2.07681184e+00
81.17600000 30.29000000 81.20100000 29.47400000 -4.61478827e+00
81.17600000 30.29000000 81.80700000 29.96900000 -3.42957781e-01
81.17600000 30.29000000 80.56000000 29.86000000 -4.06787815e+00
81.42800000 30.83700000 81.85600000 30.71600000 -2.00669950e-02
81.85600000 30.71600000 82.83200000 30.38900000 -3.12793248e-02
81.85600000 30.71600000 81.80700000 29.96900000 -9.26958705e-01
82.83200000 30.38900000 83.24000000 29.80000000 -6.58183428e-01
82.83200000 30.38900000 84.03900000 29.72100000 -7.86685768e-01
82.83200000 30.38900000 81.80700000 29.96900000 -6.54289928e-01
82.83200000 30.38900000 82.19300000 29.27800000 -4.80994944e+00
82.83200000 30.38900000 85.74100000 29.59100000 -5.45481223e-02
83.24000000 29.80000000 84.03900000 29.72100000 3.19442218e-02
83.24000000 29.80000000 84.04300000 29.53400000 -2.01826706e-01
83.24000000 29.80000000 82.19300000 29.27800000 -3.41960288e+00
83.24000000 29.80000000 82.81800000 28.98400000 -4.54979366e+00
83.24000000 29.80000000 83.89500000 29.17900000 -1.60547173e+00
84.03900000 29.72100000 84.15600000 29.68000000 6.13890378e-02
84.03900000 29.72100000 84.04300000 29.53400000 -8.38027424e-01
84.03900000 29.72100000 85.74100000 29.59100000 1.50691510e-01
84.15600000 29.68000000 84.04300000 29.53400000 -6.67651607e-01
84.15600000 29.68000000 85.21000000 29.44000000 2.96206118e-01
84.15600000 29.68000000 85.74100000 29.59100000 1.10521424e-02
85.44200000 28.95900000 85.64000000 29.44100000 -1.68554263e+00
85.44200000 28.95900000 86.38699999 28.68700000 -6.91732887e-02
85.44200000 28.95900000 85.21000000 29.44000000 -8.64846125e-01
85.44200000 28.95900000 86.01999999 28.30000000 -4.98810548e-01
85.44200000 28.95900000 84.41000000 28.37500000 -2.12595451e+00
85.44200000 28.95900000 85.31399999 28.20700000 -4.35411593e+00
85.64000000 29.44100000 86.38699999 28.68700000 -9.76817624e-01
85.64000000 29.44100000 85.21000000 29.44000000 -1.66214921e-01
85.64000000 29.44100000 85.74100000 29.59100000 -2.64064659e-01
85.97499999 28.14900000 85.32899999 28.17100000 3.85099296e-01
85.97499999 28.14900000 86.01999999 28.29000000 -1.07213930e+00
85.97499999 28.14900000 86.01999999 28.30000000 -1.12764139e+00
85.97499999 28.14900000 86.22999999 27.63500000 -2.63229823e+00
85.97499999 28.14900000 86.81299999 27.95800000 9.34045639e-02
85.97499999 28.14900000 85.31399999 28.20700000 5.67848622e-01
85.97499999 28.14900000 85.87699999 27.91000000 -2.51688946e+00
85.97499999 28.14900000 86.71199999 27.81400000 5.21267996e-01
85.97499999 28.14900000 86.82699999 28.19400000 -6.29913158e-01
86.38699999 28.68700000 86.96699999 28.39200000 -4.08203760e-01
86.38699999 28.68700000 87.05999999 28.58700000 -4.10059209e-01
86.38699999 28.68700000 87.08600000 29.32000000 -1.35338162e+00
86.38699999 28.68700000 86.93999999 28.35700000 -4.19951889e-01
86.38699999 28.68700000 86.01999999 28.30000000 -2.31008359e+00
86.38699999 28.68700000 86.82699999 28.19400000 -5.70841713e-01
86.38699999 28.68700000 85.74100000 29.59100000 -1.25411226e+00
86.94099999 28.35700000 86.82699999 28.19400000 -3.56149910e-01
86.94099999 28.35700000 86.92899999 27.97300000 -5.72361608e-01
86.96699999 28.39200000 87.05999999 28.58700000 -4.24640403e-01
86.96699999 28.39200000 87.76900000 28.53800000 -5.80460698e-01
86.96699999 28.39200000 86.92899999 27.97300000 -6.40809794e-01
86.96699999 28.39200000 87.15499999 28.63000000 -5.46440918e-01
87.05999999 28.58700000 87.08600000 29.32000000 -1.49009788e+00
87.05999999 28.58700000 87.15499999 28.63000000 -1.15728386e-01
87.08600000 29.32000000 85.74100000 29.59100000 -5.67338440e-01
87.18400000 29.26900000 87.57700000 29.11800000 -1.31945573e-01
87.18400000 29.26900000 87.15499999 28.63000000 -1.31908735e+00
87.76900000 28.53800000 88.56000000 28.24400000 -1.28168637e+00
87.76900000 28.53800000 88.86500000 29.24900000 -1.16858482e+00
87.76900000 28.53800000 87.57700000 29.11800000 -1.38099315e+00
87.76900000 28.53800000 87.70999999 27.35200000 -5.92827316e+00
87.76900000 28.53800000 86.92899999 27.97300000 -1.04027112e+00
87.76900000 28.53800000 87.15499999 28.63000000 -3.13559860e-01
87.76900000 28.53800000 88.86400000 29.25000000 -1.17086512e+00
88.56000000 28.24400000 88.86500000 29.24900000 -3.62308174e+00
88.56000000 28.24400000 89.15400000 27.72100000 -1.12476404e+00
88.56000000 28.24400000 89.30500000 27.93100000 5.94846194e-01
88.56000000 28.24400000 89.55600000 28.91100000 -1.46783950e+00
88.56000000 28.24400000 89.62700000 28.31500000 1.40663230e+00
88.56000000 28.24400000 88.56900000 27.36500000 -5.58532328e+00
88.56000000 28.24400000 88.91000000 27.49000000 -3.08182856e+00
88.56000000 28.24400000 87.70999999 27.35200000 -4.94125447e+00
88.86500000 29.24900000 89.55600000 28.91100000 -5.99403271e-01
88.86500000 29.24900000 90.15400000 29.44400000 1.67136194e-02
88.86500000 29.24900000 89.57300000 28.91400000 -5.88314089e-01
88.90600000 27.43700000 89.15400000 27.72100000 -1.75928458e+00
88.90600000 27.43700000 88.56900000 27.36500000 -6.60446722e-01
88.90600000 27.43700000 89.39200000 26.84900000 -5.49908521e-01
88.90600000 27.43700000 89.63500000 27.47200000 -1.34399419e+00
88.90600000 27.43700000 88.70200000 27.02400000 -3.04290400e+00
88.90600000 27.43700000 88.79100000 27.01000000 -3.00936163e+00
88.90600000 27.43700000 88.93600000 26.96500000 -2.58762649e+00
89.15400000 27.72100000 89.30500000 27.93100000 -1.33680901e+00
89.15400000 27.72100000 88.91000000 27.49000000 -1.46977974e+00
89.15400000 27.72100000 89.63500000 27.47200000 -3.83923701e-01
89.30500000 27.93100000 89.62700000 28.31500000 -1.86801237e+00
89.30500000 27.93100000 89.63500000 27.47200000 -1.62138250e+00
89.55600000 28.91100000 89.62700000 28.31500000 -2.44202102e+00
89.55600000 28.91100000 89.91100000 28.61900000 -6.04355336e-01
89.62700000 28.31500000 89.91100000 28.61900000 -1.47809237e+00
89.62700000 28.31500000 90.55800000 28.41900000 -7.65865156e-01
89.62700000 28.31500000 89.63500000 27.47200000 -4.17371592e+00
89.91100000 28.61900000 90.10700000 28.93200000 -1.07877839e+00
89.91100000 28.61900000 90.55800000 28.41900000 -4.18745282e-02
89.91100000 28.61900000 89.57300000 28.91400000 -6.37386969e-01
90.10700000 28.93200000 90.15400000 29.44400000 -1.20237924e+00
90.10700000 28.93200000 90.26700000 29.32400000 -9.27160657e-01
90.10700000 28.93200000 90.55800000 28.41900000 -1.00758634e+00
90.10700000 28.93200000 90.95900000 29.27800000 -3.51323526e-01
90.10700000 28.93200000 89.57300000 28.91400000 1.62015330e-01
90.15400000 29.44400000 90.26700000 29.32400000 -1.48505353e-01
90.15400000 29.44400000 78.70400000 33.19100000 -4.98449664e-02
90.15400000 29.44400000 89.57300000 28.91400000 -6.66400636e-01
90.15400000 29.44400000 85.74100000 29.59100000 -3.98271152e-01
90.26700000 29.32400000 90.95900000 29.27800000 2.22957226e-01
90.55800000 28.41900000 91.88900000 28.96000000 -1.39885655e+00
90.55800000 28.41900000 91.91000000 27.97100000 9.72351296e-02
90.55800000 28.41900000 89.63500000 27.47200000 -4.43595458e+00
90.55800000 28.41900000 90.95900000 29.27800000 -2.61807340e+00
91.88900000 28.96000000 91.91000000 27.97100000 -2.42193842e+00
91.88900000 28.96000000 92.39900000 28.42200000 4.29860965e-02
91.88900000 28.96000000 93.07300000 29.04400000 -3.00165143e-03
91.88900000 28.96000000 92.43900000 28.43200000 1.56628338e-01
91.88900000 28.96000000 90.95900000 29.27800000 3.31060839e-01
91.91000000 27.97100000 92.39900000 28.42200000 -1.52396958e+00
91.91000000 27.97100000 92.41500000 27.27000000 -4.77933303e+00
91.91000000 27.97100000 89.63500000 27.47200000 -2.58374035e+00
92.39900000 28.42200000 92.41500000 27.27000000 -8.10735175e+00
93.07300000 29.04400000 92.43900000 28.43200000 -1.40216513e+00
93.07300000 29.04400000 92.41500000 27.27000000 -9.58358389e+00
93.07300000 29.04400000 90.95900000 29.27800000 6.33258628e-01
83.95300000 29.17800000 84.04300000 29.53400000 -1.32871603e+00
83.95300000 29.17800000 85.21000000 29.44000000 -8.40878917e-01
83.95300000 29.17800000 83.74300000 28.80500000 -2.15623673e+00
83.95300000 29.17800000 84.41000000 28.37500000 -3.29975315e+00
84.04300000 29.53400000 85.21000000 29.44000000 1.62020299e-01
84.04300000 29.53400000 83.89500000 29.17900000 -1.34067766e+00
86.93999999 28.35700000 86.82699999 28.19400000 -3.55114691e-01
75.36300000 32.56500000 75.88100000 32.30400000 -5.32227293e-01
75.36300000 32.56500000 75.93800000 31.47900000 -8.40261855e-01
75.36300000 32.56500000 75.99300000 32.53600000 -3.81360330e-01
75.36300000 32.56500000 74.34700000 33.39500000 -6.07848272e-01
75.36300000 32.56500000 75.03700000 33.59500000 -8.06561400e-01
75.88100000 32.30400000 75.93800000 31.47900000 -7.72755514e-02
75.88100000 32.30400000 75.99300000 32.53600000 -4.80144367e-01
75.88100000 32.30400000 76.29400000 31.89700000 -6.48901312e-01
75.88100000 32.30400000 76.30700000 32.24800000 -1.05113690e+00
75.93800000 31.47900000 76.29400000 31.89700000 1.53348423e+00
75.93800000 31.47900000 76.30700000 31.53800000 1.91859822e+00
75.93800000 31.47900000 77.12600000 28.48200000 -3.03406513e-01
75.93800000 31.47900000 77.63000000 30.27600000 -7.11658989e-01
75.93800000 31.47900000 77.17200000 28.54400000 -2.91633024e-01
75.93800000 31.47900000 73.39100000 33.89500000 -8.45406247e-02
75.93800000 31.47900000 74.34700000 33.39500000 -1.61679736e+00
75.99300000 32.53600000 76.30700000 32.24800000 -1.31388489e+00
75.99300000 32.53600000 76.68900000 32.69800000 -7.62072207e-01
75.99300000 32.53600000 75.03700000 33.59500000 -1.18911365e+00
76.29400000 31.89700000 76.30700000 31.53800000 1.44708240e-01
76.29400000 31.89700000 76.30700000 32.24800000 -8.51143541e-01
76.29400000 31.89700000 76.67300000 31.91900000 -1.13877194e+00
76.30700000 31.53800000 76.67300000 31.91900000 -7.37912554e-01
76.30700000 31.53800000 76.81500000 31.63400000 5.45385727e-01
76.30700000 31.53800000 77.63000000 30.27600000 -2.63735939e+00
76.30700000 32.24800000 76.67300000 31.91900000 -7.81558709e-01
76.30700000 32.24800000 76.68900000 32.69800000 -1.66473340e+00
76.30700000 32.24800000 77.19200000 32.31700000 -2.85778829e+00
76.67300000 31.91900000 76.81500000 31.63400000 -4.04657707e-01
76.67300000 31.91900000 77.10800000 32.06700000 -5.12841246e+00
76.67300000 31.91900000 77.19200000 32.31700000 -5.46859300e+00
76.68900000 32.69800000 77.17500000 32.63400000 -1.23119827e-01
76.68900000 32.69800000 77.19200000 32.31700000 -1.44590849e+00
76.68900000 32.69800000 77.42500000 32.79800000 -5.85191152e-01
76.68900000 32.69800000 77.60000000 34.12800000 -2.31839056e+00
76.68900000 32.69800000 75.03700000 33.59500000 -7.65696646e-01
76.68900000 32.69800000 75.27200000 34.10000000 -8.15636970e-01
76.68900000 32.69800000 75.76900000 34.42400000 -1.34524756e+00
76.68900000 32.69800000 76.16200000 34.55900000 -1.74070853e+00
76.81500000 31.63400000 77.10800000 32.06700000 -8.01739893e+00
76.81500000 31.63400000 77.63000000 30.27600000 -2.99256274e+00
76.81500000 31.63400000 78.02100000 30.45900000 -1.08216080e+00
76.81500000 31.63400000 78.67600000 30.99700000 1.48875463e+00
77.10800000 32.06700000 77.19200000 32.31700000 -1.74027356e-01
77.10800000 32.06700000 77.92100000 32.36400000 -2.43018205e+00
77.10800000 32.06700000 78.67600000 30.99700000 3.96917738e+00
77.12600000 28.48200000 78.60800001 25.45200000 -1.62637666e-01
77.12600000 28.48200000 79.08000000 29.23000000 -4.68557294e-01
77.12600000 28.48200000 73.39100000 33.89500000 3.47290887e-01
77.17500000 32.63400000 77.19200000 32.31700000 -1.40267995e+00
77.17500000 32.63400000 77.42500000 32.79800000 -9.06722044e-01
77.19200000 32.31700000 77.42500000 32.79800000 -2.18568107e+00
77.19200000 32.31700000 77.92100000 32.36400000 -1.26087633e+00
77.42500000 32.79800000 77.80800000 33.97200000 1.15211806e+00
77.42500000 32.79800000 77.92100000 32.36400000 -1.33956875e+00
77.42500000 32.79800000 78.66000000 33.20900000 -1.91086704e+00
77.42500000 32.79800000 77.60000000 34.12800000 1.49672689e+00
77.63000000 30.27600000 77.86000000 30.32900000 3.25974065e-02
77.63000000 30.27600000 77.86800000 30.14700000 3.99326592e-01
77.63000000 30.27600000 78.02100000 30.45900000 -1.37898161e+00
77.63000000 30.27600000 77.17200000 28.54400000 -1.98077892e+00
77.80800000 33.97200000 78.66000000 33.20900000 1.82435629e-01
77.86000000 30.32900000 77.86800000 30.14700000 -6.94187547e-02
77.86000000 30.32900000 77.97400000 30.28500000 3.61661380e-02
77.86000000 30.32900000 78.01400000 30.32900000 -1.84473152e-01
77.86000000 30.32900000 78.02100000 30.45900000 -1.49050524e+00
77.86800000 30.14700000 77.97400000 30.28500000 -2.51541069e-01
77.86800000 30.14700000 77.97900000 30.09500000 3.41675642e-02
77.92100000 32.36400000 78.66000000 33.20900000 1.76163998e+00
77.92100000 32.36400000 78.97300000 32.77900000 1.10044594e+00
77.92100000 32.36400000 78.67600000 30.99700000 -3.41874050e+00
77.97400000 30.28500000 77.97900000 30.09500000 -5.57174263e-02
77.97400000 30.28500000 78.01400000 30.32900000 -2.44231454e-01
77.97400000 30.28500000 78.18700000 30.19100000 -7.54422436e-02
77.97900000 30.09500000 78.18700000 30.19100000 -4.63491388e-01
77.97900000 30.09500000 78.68000000 29.84800000 -2.56880233e+00
77.97900000 30.09500000 77.17200000 28.54400000 -1.91435149e+00
78.01400000 30.32900000 78.02100000 30.45900000 -1.10611851e+00
78.01400000 30.32900000 78.11500000 30.45200000 -1.90427904e+00
78.01400000 30.32900000 78.15500000 30.34200000 -3.57937294e-01
78.01400000 30.32900000 78.18700000 30.19100000 2.59934218e-02
78.02100000 30.45900000 78.11500000 30.45200000 -3.23616118e-01
78.02100000 30.45900000 78.67600000 30.99700000 -1.02964540e+01
78.11500000 30.45200000 78.15500000 30.34200000 -9.04560647e-01
78.11500000 30.45200000 78.61700000 30.80600000 -7.41148218e+00
78.11500000 30.45200000 78.36500000 30.40400000 -9.99077199e-01
78.15500000 30.34200000 78.18700000 30.19100000 -3.66934249e-01
78.15500000 30.34200000 78.36800000 30.39400000 -2.24416602e+00
78.15500000 30.34200000 78.36500000 30.40400000 -2.37611895e+00
78.18700000 30.19100000 78.36800000 30.39400000 -3.07099365e+00
78.18700000 30.19100000 78.68000000 29.84800000 -2.17239497e+00
78.36800000 30.39400000 78.61700000 30.80600000 -7.39425506e+00
78.36800000 30.39400000 78.68000000 29.84800000 -2.68151462e+00
78.36800000 30.39400000 79.09000000 30.29800000 -1.98888653e+00
78.60800001 25.45200000 80.94300001 26.89100000 -3.35081036e-01
78.60800001 25.45200000 85.92499999 26.71100000 -4.45810301e-01
78.60800001 25.45200000 79.08000000 29.23000000 -9.62173550e-01
78.60800001 25.45200000 91.23700000 25.00000000 1.90798073e-01
78.61700000 30.80600000 78.75400000 31.03700000 -3.17356460e+00
78.61700000 30.80600000 79.09000000 30.29800000 -1.75883859e+00
78.61700000 30.80600000 78.36500000 30.40400000 -7.27464872e+00
78.61700000 30.80600000 78.67600000 30.99700000 -2.62867833e+00
78.61700000 30.80600000 79.21100000 30.48600000 -2.70284155e+00
78.66000000 33.20900000 78.97300000 32.77900000 -1.04528450e+00
78.68000000 29.84800000 79.09000000 30.29800000 -8.71279406e+00
78.68000000 29.84800000 77.17200000 28.54400000 -9.52399957e-01
78.68000000 29.84800000 79.08000000 29.23000000 -2.39555743e+00
78.68000000 29.84800000 79.43000000 29.64000000 -2.14628443e+00
78.75400000 31.03700000 79.49300000 30.74300000 -1.63896342e+00
78.75400000 31.03700000 78.67600000 30.99700000 -5.31323521e-01
78.75400000 31.03700000 79.21100000 30.48600000 -4.09954886e+00
79.09000000 30.29800000 79.19400000 30.32900000 -1.07051971e+00
79.09000000 30.29800000 79.21100000 30.48600000 -3.25897784e+00
79.09000000 30.29800000 79.43000000 29.64000000 -2.26233852e+00
79.19400000 30.32900000 79.21100000 30.48600000 -1.52455860e+00
79.19400000 30.32900000 79.55900000 30.53100000 -4.08720198e+00
79.19400000 30.32900000 79.43000000 29.64000000 -2.74264560e+00
79.19400000 30.32900000 79.77000000 29.82000000 -1.50693836e+00
79.49300000 30.74300000 79.21100000 30.48600000 -3.51547531e+00
79.49300000 30.74300000 79.55900000 30.53100000 -2.24941459e+00
80.24000000 30.06000000 79.55900000 30.53100000 -1.62369557e-01
80.24000000 30.06000000 80.04100000 29.83800000 -4.08282178e+00
80.24000000 30.06000000 79.77000000 29.82000000 -4.13007092e+00
80.24000000 30.06000000 80.34000000 29.76000000 -3.51936526e+00
80.24000000 30.06000000 80.56000000 29.86000000 -4.20588529e-01
80.94300001 26.89100000 80.14800001 28.96300000 -5.31584802e-01
80.94300001 26.89100000 81.11600000 28.61300000 -7.88276926e-03
80.94300001 26.89100000 81.57500000 28.13400000 -1.10336891e+00
80.94300001 26.89100000 82.09500000 28.01000000 3.26305495e-01
80.94300001 26.89100000 82.54000000 27.78600000 -1.01061081e+00
80.94300001 26.89100000 80.58200000 28.75400000 5.35543412e+00
80.94300001 26.89100000 81.61500000 28.04900000 -1.02538832e+00
80.94300001 26.89100000 85.92499999 26.71100000 3.94454120e-02
80.94300001 26.89100000 79.08000000 29.23000000 -2.89128586e-01
88.56900000 27.36500000 88.91000000 27.49000000 -1.01371328e+00
88.56900000 27.36500000 87.70999999 27.35200000 2.56866316e-01
88.56900000 27.36500000 88.70200000 27.02400000 -1.77071523e+00
88.56900000 27.36500000 88.50300000 27.08900000 -1.93714293e+00
89.39200000 26.84900000 92.41500000 27.27000000 -3.20905900e+00
89.39200000 26.84900000 89.63500000 27.47200000 -2.26041780e+00
89.39200000 26.84900000 88.73800000 26.75100000 -1.32271385e+00
89.39200000 26.84900000 88.93600000 26.96500000 -1.54879251e-01
89.39200000 26.84900000 91.23700000 25.00000000 -2.23408124e+00
92.43900000 28.43200000 92.41500000 27.27000000 -8.22672929e+00
80.14800001 28.96300000 80.63600000 29.01200000 5.21148711e-01
80.14800001 28.96300000 80.58200000 28.75400000 1.54739417e+00
80.14800001 28.96300000 79.08000000 29.23000000 -4.61350664e-02
80.14800001 28.96300000 79.51000001 29.21000000 -9.63783746e-03
80.14800001 28.96300000 80.18000000 29.10000000 1.60835204e-01
80.60200000 29.33400000 80.72100000 29.52700000 -2.70184584e+00
80.60200000 29.33400000 80.50100000 29.73400000 -2.64638095e+00
80.60200000 29.33400000 80.62600000 29.17700000 -6.55709931e-01
80.60200000 29.33400000 81.20100000 29.47400000 -3.29043133e+00
80.60200000 29.33400000 80.09000000 29.33000000 -6.54810743e-01
80.60200000 29.33400000 80.18000000 29.10000000 -1.50262523e+00
80.60200000 29.33400000 80.23000000 29.59000000 -3.50468516e-01
80.63600000 29.01200000 81.11600000 28.61300000 1.83146295e-01
80.63600000 29.01200000 81.35300000 28.82400000 1.05490408e-01
80.63600000 29.01200000 80.58200000 28.75400000 7.74847204e-01
80.63600000 29.01200000 80.62600000 29.17700000 -4.77064427e-01
80.63600000 29.01200000 81.20100000 29.47400000 -6.60668188e+00
80.63600000 29.01200000 80.18000000 29.10000000 -1.41444771e-01
80.72100000 29.52700000 80.50100000 29.73400000 -5.03233617e-01
80.72100000 29.52700000 81.20100000 29.47400000 -7.83780060e-02
80.72100000 29.52700000 80.56000000 29.86000000 -2.62101677e+00
81.11600000 28.61300000 81.35300000 28.82400000 -1.05189225e+00
81.11600000 28.61300000 81.57500000 28.13400000 -1.32892167e+00
81.11600000 28.61300000 81.63400000 28.58300000 -3.90080318e-01
81.11600000 28.61300000 81.69100000 28.40700000 -1.71929818e-01
81.11600000 28.61300000 80.58200000 28.75400000 2.45475289e-01
81.35300000 28.82400000 81.63400000 28.58300000 -2.77780480e-01
81.35300000 28.82400000 81.63500000 28.58600000 -2.65000221e-01
81.35300000 28.82400000 81.20100000 29.47400000 -5.81713138e+00
81.35300000 28.82400000 81.71400000 28.65600000 -1.08130675e-01
81.35300000 28.82400000 82.19300000 29.27800000 -7.13322845e+00
81.57500000 28.13400000 81.69100000 28.40700000 -6.17886635e-01
81.63400000 28.58300000 81.69100000 28.40700000 -1.99100401e-01
81.63400000 28.58300000 81.71400000 28.65600000 -6.09941391e-01
81.63500000 28.58600000 81.71400000 28.65600000 -5.93318882e-01
81.69100000 28.40700000 82.09500000 28.01000000 -2.32003976e+00
81.69100000 28.40700000 82.34700000 28.24900000 -1.62168880e+00
81.69100000 28.40700000 81.59500000 28.11700000 -7.03012656e-01
81.69100000 28.40700000 81.71400000 28.65600000 -8.69231797e-01
82.09500000 28.01000000 82.24700000 28.03000000 -9.53834966e-02
82.09500000 28.01000000 82.34700000 28.24900000 2.77435583e-01
82.09500000 28.01000000 82.54000000 27.78600000 -2.46993784e+00
82.09500000 28.01000000 81.59500000 28.11700000 -1.77789376e+00
82.09500000 28.01000000 81.61500000 28.04900000 -7.34544676e-01
82.24700000 28.03000000 82.34700000 28.24900000 9.16045670e-02
82.24700000 28.03000000 82.54000000 27.78600000 -2.41878927e+00
82.24700000 28.03000000 82.49100000 27.95100000 -2.03064508e+00
82.24700000 28.03000000 82.57300000 28.06300000 -1.02299314e+00
82.34700000 28.24900000 81.71400000 28.65600000 -1.54307075e+00
82.34700000 28.24900000 82.81800000 28.98400000 -9.92721296e+00
82.34700000 28.24900000 82.57300000 28.06300000 -2.02671651e+00
82.50400000 27.95100000 82.54000000 27.78600000 -1.49888125e+00
82.50400000 27.95100000 82.57300000 28.06300000 9.21407523e-01
82.54000000 27.78600000 82.78500000 27.56800000 -1.95811158e-01
82.54000000 27.78600000 82.49100000 27.95100000 -1.44414775e+00
82.54000000 27.78600000 82.57300000 28.06300000 -8.77638803e-01
82.78500000 27.56800000 82.57300000 28.06300000 -1.38634003e+00
82.78500000 27.56800000 83.41800000 27.50700000 7.27502454e-02
82.78500000 27.56800000 83.55400000 27.87400000 1.15930072e+00
85.00799999 27.31600000 85.39799999 27.57500000 -9.85611192e-01
85.00799999 27.31600000 84.98499999 27.16600000 7.04041777e-01
85.00799999 27.31600000 85.10799999 27.60800000 -1.16469454e+00
85.00799999 27.31600000 84.43000000 27.67800000 -3.12746473e-01
85.21000000 29.44000000 84.41000000 28.37500000 -4.53540067e+00
85.21000000 29.44000000 85.74100000 29.59100000 -5.62578150e-01
85.22199999 28.01500000 85.32899999 28.17100000 -1.33225499e+00
85.22199999 28.01500000 84.38000000 28.22900000 7.56024089e-01
85.22199999 28.01500000 84.41000000 28.37500000 2.80514927e-01
85.22199999 28.01500000 85.10799999 27.60800000 -4.69482027e+00
85.22199999 28.01500000 85.27899999 27.80100000 -2.94623054e+00
85.22199999 28.01500000 85.31399999 28.20700000 -1.64535131e+00
85.22199999 28.01500000 84.43000000 27.67800000 -2.69366056e+00
85.27999999 27.69300000 85.10799999 27.60800000 -2.89709614e-01
85.27999999 27.69300000 85.27899999 27.80100000 -1.02684831e+00
85.27999999 27.69300000 85.28799999 27.68200000 -3.77528195e-02
85.27999999 27.69300000 85.35799999 27.69700000 -5.82740385e-02
85.32899999 28.17100000 85.27899999 27.80100000 -4.71650241e+00
85.32899999 28.17100000 85.52099999 27.69300000 -4.89517647e+00
85.32899999 28.17100000 85.87699999 27.91000000 -9.30269241e-01
85.39799999 27.57500000 85.79399999 27.74500000 -2.53450723e+00
85.39799999 27.57500000 84.98499999 27.16600000 -4.00515152e-01
85.39799999 27.57500000 85.10799999 27.60800000 -1.30310237e-01
85.39799999 27.57500000 85.28799999 27.68200000 -2.73522916e-01
85.39799999 27.57500000 85.52099999 27.69300000 -7.19593622e-01
85.39799999 27.57500000 85.35799999 27.69700000 -4.00942567e-01
85.39799999 27.57500000 85.92499999 26.71100000 -2.07295343e+00
85.79399999 27.74500000 86.22999999 27.63500000 5.00966242e-01
85.79399999 27.74500000 85.52099999 27.69300000 -1.48571286e+00
85.79399999 27.74500000 85.87699999 27.91000000 -2.08728092e+00
85.79399999 27.74500000 85.92499999 26.71100000 -6.10311123e+00
86.01999999 28.29000000 86.82699999 28.19400000 -9.61179871e-01
86.01999999 28.30000000 85.31399999 28.20700000 6.30745425e-01
86.01999999 28.30000000 86.82699999 28.19400000 -9.76147708e-01
86.22999999 27.63500000 85.87699999 27.91000000 3.21393131e-01
86.22999999 27.63500000 86.54999999 27.30500000 7.35531289e-01
86.22999999 27.63500000 86.71199999 27.81400000 -1.30215424e+00
86.22999999 27.63500000 85.92499999 26.71100000 -7.42052702e+00
86.22999999 27.63500000 86.71499999 27.80300000 -1.20380413e+00
86.22999999 27.63500000 86.72499999 27.68300000 -1.13885741e-01
86.81299999 27.95800000 86.71199999 27.81400000 -3.94405743e-01
86.81299999 27.95800000 86.82299999 27.89400000 -9.41542235e-02
86.81299999 27.95800000 86.82699999 28.19400000 -3.64362901e-01
86.81299999 27.95800000 86.92899999 27.97300000 -1.98324402e-01
87.57700000 29.11800000 87.15499999 28.63000000 -9.37583420e-01
87.57700000 29.11800000 88.86400000 29.25000000 -2.44275090e-02
78.70400000 33.19100000 85.74100000 29.59100000 -4.15787379e-01
92.41500000 27.27000000 89.63500000 27.47200000 -1.15397555e+00
92.41500000 27.27000000 91.23700000 25.00000000 -9.38558499e+00
80.50100000 29.73400000 80.23000000 29.59000000 -2.63721936e+00
80.50100000 29.73400000 80.34000000 29.76000000 -3.67782145e-01
80.50100000 29.73400000 80.56000000 29.86000000 -1.91430661e+00
80.62600000 29.17700000 81.20100000 29.47400000 -5.27946270e+00
80.62600000 29.17700000 80.18000000 29.10000000 -5.55413950e-01
81.20100000 29.47400000 81.80700000 29.96900000 -4.18572730e+00
81.20100000 29.47400000 82.19300000 29.27800000 -4.15148141e-01
81.20100000 29.47400000 80.56000000 29.86000000 -1.74867470e-01
81.71400000 28.65600000 82.19300000 29.27800000 -8.65830396e+00
81.71400000 28.65600000 82.81800000 28.98400000 -6.02704409e+00
81.80700000 29.96900000 82.19300000 29.27800000 -2.90493086e+00
82.19300000 29.27800000 82.81800000 28.98400000 2.35987015e-01
82.49100000 27.95100000 82.57300000 28.06300000 1.01412696e+00
82.81800000 28.98400000 83.74300000 28.80500000 -8.55569069e-01
82.81800000 28.98400000 83.89500000 29.17900000 -1.53353253e+00
82.81800000 28.98400000 82.57300000 28.06300000 -1.05921563e+01
82.81800000 28.98400000 83.71800000 28.78100000 -8.64584280e-01
83.60300000 27.76700000 83.82600000 27.45700000 -5.66077456e-01
83.60300000 27.76700000 84.13000000 27.64800000 -2.17146893e-01
83.60300000 27.76700000 83.41800000 27.50700000 3.13653269e-01
83.60300000 27.76700000 83.55400000 27.87400000 -2.63845520e-01
83.60300000 27.76700000 83.97800000 28.19900000 -1.95554553e+00
83.74300000 28.80500000 83.89500000 29.17900000 -2.17054644e+00
83.74300000 28.80500000 83.93600000 28.26000000 -3.75244817e+00
83.74300000 28.80500000 84.41000000 28.37500000 -1.82013103e+00
83.82600000 27.45700000 84.13000000 27.64800000 4.57149642e-01
83.82600000 27.45700000 84.98499999 27.16600000 5.60011667e-02
83.82600000 27.45700000 83.41800000 27.50700000 1.22929219e-02
83.93600000 28.26000000 84.41000000 28.37500000 -1.62091783e+00
83.93600000 28.26000000 83.55400000 27.87400000 -2.29988480e+00
83.93600000 28.26000000 83.71800000 28.78100000 -3.65627050e+00
84.13000000 27.64800000 84.26500000 27.97300000 -1.36366808e+00
84.13000000 27.64800000 84.98499999 27.16600000 2.70835171e-01
84.13000000 27.64800000 83.97800000 28.19900000 -2.30832632e+00
84.13000000 27.64800000 84.43000000 27.67800000 1.89037769e-01
84.26500000 27.97300000 84.38000000 28.22900000 -3.47845570e+00
84.26500000 27.97300000 83.97800000 28.19900000 -5.41054523e-01
84.26500000 27.97300000 84.43000000 27.67800000 -7.59097682e-01
84.38000000 28.22900000 84.41000000 28.37500000 -1.10076557e+00
84.38000000 28.22900000 83.97800000 28.19900000 -1.13297647e+00
84.38000000 28.22900000 84.43000000 27.67800000 -4.17064093e+00
84.41000000 28.37500000 85.31399999 28.20700000 6.74050838e-01
84.41000000 28.37500000 83.97800000 28.19900000 -2.28841491e+00
84.98499999 27.16600000 84.43000000 27.67800000 -2.51043269e-01
84.98499999 27.16600000 85.92499999 26.71100000 -1.34053517e+00
85.10799999 27.60800000 85.27899999 27.80100000 -1.29866334e+00
85.10799999 27.60800000 85.28799999 27.68200000 -2.49569219e-01
85.10799999 27.60800000 84.43000000 27.67800000 1.57993217e-01
85.27899999 27.80100000 85.52099999 27.69300000 -4.99199881e-01
85.27899999 27.80100000 85.35799999 27.69700000 -7.57996475e-01
85.28799999 27.68200000 85.35799999 27.69700000 -7.16033439e-02
85.52099999 27.69300000 85.87699999 27.91000000 -3.58304815e+00
85.52099999 27.69300000 85.35799999 27.69700000 -2.94741813e-01
86.54999999 27.30500000 86.59699999 26.99100000 -2.46965291e+00
86.54999999 27.30500000 85.92499999 26.71100000 -6.26343402e+00
86.54999999 27.30500000 86.72499999 27.68300000 -2.78803872e+00
86.54999999 27.30500000 87.20599999 27.38000000 -8.85357253e-02
86.59699999 26.99100000 87.39199999 26.86600000 -2.76965868e-01
86.59699999 26.99100000 85.92499999 26.71100000 -2.14928467e+00
86.59699999 26.99100000 87.20599999 27.38000000 -1.74251164e+00
86.71199999 27.81400000 86.82299999 27.89400000 -3.10927848e-01
87.39199999 26.86600000 87.70999999 27.35200000 -2.97295352e+00
87.39199999 26.86600000 88.18500000 26.88300000 2.52401648e+00
87.39199999 26.86600000 88.35000000 26.71100000 5.21487692e-01
87.39199999 26.86600000 85.92499999 26.71100000 1.51623368e+00
87.39199999 26.86600000 87.20599999 27.38000000 -6.39022709e+00
87.70999999 27.35200000 88.40000000 26.98000000 -1.31048722e+00
87.70999999 27.35200000 88.18500000 26.88300000 -2.17658978e+00
87.70999999 27.35200000 86.92899999 27.97300000 -2.35498054e+00
87.70999999 27.35200000 87.20599999 27.38000000 1.12669481e+00
87.70999999 27.35200000 88.50300000 27.08900000 -5.18147627e-01
77.60000000 34.12800000 76.16200000 34.55900000 -1.50830136e-01
88.40000000 26.98000000 88.18500000 26.88300000 8.95843993e-02
88.40000000 26.98000000 88.35000000 26.71100000 3.58977302e-02
88.40000000 26.98000000 88.56900000 26.88900000 -1.34818309e-01
88.40000000 26.98000000 88.50300000 27.08900000 -9.05671021e-01
88.68000000 27.00000000 88.56900000 26.88900000 -6.38370316e-01
88.68000000 27.00000000 88.70200000 27.02400000 -2.81487389e-01
88.68000000 27.00000000 88.75300000 26.88100000 -1.09517288e-01
88.68000000 27.00000000 88.79100000 27.01000000 -1.30063793e-01
88.68000000 27.00000000 88.50300000 27.08900000 -2.73491282e-01
88.18500000 26.88300000 88.35000000 26.71100000 -9.07699191e-01
88.35000000 26.71100000 88.56900000 26.88900000 -5.97531592e-02
88.35000000 26.71100000 88.73800000 26.75100000 -7.99676255e-02
88.35000000 26.71100000 85.92499999 26.71100000 8.32591099e-02
88.35000000 26.71100000 91.23700000 25.00000000 -6.47143380e-01
88.56900000 26.88900000 88.73800000 26.75100000 -3.97100262e-02
88.56900000 26.88900000 88.75300000 26.88100000 -1.06367360e-02
88.56900000 26.88900000 88.50300000 27.08900000 -8.54296407e-01
88.70200000 27.02400000 88.79100000 27.01000000 6.78672780e-03
88.70200000 27.02400000 88.50300000 27.08900000 -2.00978816e-01
88.73800000 26.75100000 88.75300000 26.88100000 -1.59938128e-01
88.73800000 26.75100000 88.93600000 26.96500000 -9.63647582e-01
88.73800000 26.75100000 91.23700000 25.00000000 -7.01118612e-01
88.75300000 26.88100000 88.79100000 27.01000000 -7.42379066e-01
88.75300000 26.88100000 88.93600000 26.96500000 -6.83956453e-01
88.79100000 27.01000000 88.93600000 26.96500000 1.96572646e-01
77.17200000 28.54400000 79.08000000 29.23000000 -4.37330328e-01
79.21100000 30.48600000 79.55900000 30.53100000 -6.42727176e-01
79.55900000 30.53100000 79.77000000 29.82000000 -4.41648251e+00
79.62000000 29.63800000 79.43000000 29.64000000 -3.65817118e-01
79.62000000 29.63800000 79.65000000 29.59000000 -3.50162858e-02
79.62000000 29.63800000 79.77000000 29.82000000 -1.76181582e+00
80.04100000 29.83800000 79.77000000 29.82000000 -7.10244179e-01
80.04100000 29.83800000 79.90000000 29.78000000 -8.42846919e-01
80.04100000 29.83800000 80.23000000 29.59000000 -8.95440849e-01
80.04100000 29.83800000 80.34000000 29.76000000 -4.65857217e-01
82.57300000 28.06300000 83.55400000 27.87400000 -9.54237625e-01
82.57300000 28.06300000 83.71800000 28.78100000 -7.39248890e+00
83.41800000 27.50700000 83.55400000 27.87400000 -1.13562322e-01
83.55400000 27.87400000 83.71800000 28.78100000 -5.97715950e+00
83.55400000 27.87400000 83.97800000 28.19900000 -1.73806279e+00
85.92499999 26.71100000 91.23700000 25.00000000 -4.15915633e-02
86.71499999 27.80300000 86.72499999 27.68300000 -2.67978278e-01
86.71499999 27.80300000 86.82299999 27.89400000 -3.24472057e-01
86.72499999 27.68300000 86.82299999 27.89400000 -5.63998047e-01
86.72499999 27.68300000 87.20599999 27.38000000 -1.28053101e+00
86.82299999 27.89400000 86.92899999 27.97300000 -2.21704887e-01
86.82299999 27.89400000 87.20599999 27.38000000 -2.14707753e+00
86.82699999 28.19400000 86.92899999 27.97300000 -3.42359629e-01
86.92899999 27.97300000 87.20599999 27.38000000 -2.43458218e+00
79.08000000 29.23000000 79.43000000 29.64000000 1.97754016e+00
79.08000000 29.23000000 79.51000001 29.21000000 -4.58358945e-02
79.43000000 29.64000000 79.51000001 29.21000000 -6.87673271e+00
79.43000000 29.64000000 79.65000000 29.59000000 -1.32187894e-01
79.43000000 29.64000000 79.77000000 29.82000000 -2.20573770e+00
79.51000001 29.21000000 79.65000000 29.59000000 2.21291255e-01
79.51000001 29.21000000 80.09000000 29.33000000 9.55733909e-01
79.51000001 29.21000000 80.18000000 29.10000000 1.28952168e+00
79.65000000 29.59000000 79.77000000 29.82000000 -1.88334753e+00
79.65000000 29.59000000 79.90000000 29.78000000 -1.99301338e+00
79.65000000 29.59000000 80.09000000 29.33000000 -8.96791464e-01
79.77000000 29.82000000 79.90000000 29.78000000 -1.05792782e-01
79.90000000 29.78000000 80.09000000 29.33000000 -1.40707086e+00
79.90000000 29.78000000 80.23000000 29.59000000 -4.25625386e-01
80.09000000 29.33000000 80.18000000 29.10000000 -5.47836463e-01
80.09000000 29.33000000 80.23000000 29.59000000 -1.26084909e+00
80.23000000 29.59000000 80.34000000 29.76000000 -2.02049166e+00
80.34000000 29.76000000 80.56000000 29.86000000 -1.73431402e+00
73.24900000 34.42000000 73.39100000 33.89500000 1.56882764e-02
73.24900000 34.42000000 73.65300000 33.97800000 7.88354471e-03
73.24900000 34.42000000 73.93500000 33.93000000 -2.28441696e-02
73.24900000 34.42000000 74.48400000 34.09500000 -1.09367765e-01
73.24900000 34.42000000 74.97400000 34.35300000 6.75569439e-01
73.39100000 33.89500000 73.65300000 33.97800000 -3.21659910e-03
73.39100000 33.89500000 73.75200000 33.87100000 -8.67815779e-03
73.39100000 33.89500000 74.34700000 33.39500000 1.89253294e-01
73.65300000 33.97800000 73.75200000 33.87100000 5.96583770e-04
73.65300000 33.97800000 73.93500000 33.93000000 -3.65146266e-02
73.75200000 33.87100000 73.93500000 33.93000000 -2.92630146e-02
73.75200000 33.87100000 74.34700000 33.39500000 1.55408413e-01
73.93500000 33.93000000 74.34700000 33.39500000 1.21874065e-01
73.93500000 33.93000000 74.48400000 34.09500000 8.61369328e-02
73.93500000 33.93000000 74.59300000 33.99300000 -6.59277225e-02
74.34700000 33.39500000 74.59300000 33.99300000 7.74854189e-01
74.34700000 33.39500000 75.03700000 33.59500000 6.81659106e-01
74.48400000 34.09500000 74.59300000 33.99300000 -7.07366249e-01
74.48400000 34.09500000 74.81700000 34.10900000 3.89917455e-01
74.48400000 34.09500000 74.83700000 34.13000000 4.78543622e-01
74.48400000 34.09500000 74.97400000 34.35300000 6.95670429e-01
74.59300000 33.99300000 74.81700000 34.10900000 5.57815407e-01
74.59300000 33.99300000 75.03700000 33.59500000 5.30133096e-01
74.81700000 34.10900000 74.83700000 34.13000000 -3.21176721e-02
74.81700000 34.10900000 74.88900000 34.12000000 7.95085111e-02
74.81700000 34.10900000 75.03700000 33.59500000 2.55345430e-01
74.83700000 34.13000000 74.88900000 34.12000000 5.92122621e-02
74.83700000 34.13000000 74.97400000 34.35300000 -5.38707585e-01
74.83700000 34.13000000 75.04500000 34.22700000 3.65230231e-02
74.88900000 34.12000000 75.03700000 33.59500000 1.46731521e-01
74.88900000 34.12000000 75.04500000 34.22700000 -8.17386303e-02
74.88900000 34.12000000 75.27200000 34.10000000 6.99293891e-02
74.97400000 34.35300000 75.04500000 34.22700000 -4.91276774e-01
74.97400000 34.35300000 75.32500000 34.29200000 -3.66617167e-01
74.97400000 34.35300000 75.76900000 34.42400000 -2.82647615e-01
75.03700000 33.59500000 75.27200000 34.10000000 7.43813105e-02
75.04500000 34.22700000 75.27200000 34.10000000 -2.67931051e-01
75.04500000 34.22700000 75.32500000 34.29200000 -1.78116562e-01
75.27200000 34.10000000 75.32500000 34.29200000 -4.66538142e-01
75.27200000 34.10000000 75.76900000 34.42400000 -3.52695823e-01
75.32500000 34.29200000 75.76900000 34.42400000 -2.05410945e-02
75.76900000 34.42400000 76.16200000 34.55900000 1.91581895e-01
