79.09800000 31.88700000 79.81400000 31.49800000 1.60642483e-01
79.09800000 31.88700000 80.29300000 31.71100000 1.76519030e-01
79.09800000 31.88700000 77.92100000 32.36400000 -1.38868087e+00
79.09800000 31.88700000 78.75400000 31.03700000 -3.25503355e+00
79.09800000 31.88700000 78.97300000 32.77900000 -1.07189013e+00
79.09800000 31.88700000 78.67600000 30.99700000 -3.82530292e+00
79.81400000 31.49800000 80.29300000 31.71100000 -3.56112372e-01
79.81400000 31.49800000 80.42900000 30.96100000 -2.83200474e-01
79.81400000 31.49800000 78.75400000 31.03700000 -2.50382864e+00
79.81400000 31.49800000 79.49300000 30.74300000 -2.53946753e+00
80.29300000 31.71100000 80.42900000 30.96100000 -6.04658990e-01
80.29300000 31.71100000 81.42800000 30.83700000 1.56441534e-01
80.29300000 31.71100000 78.97300000 32.77900000 -3.49688567e-02
80.42900000 30.96100000 81.17600000 30.29000000 8.55226280e-02
80.42900000 30.96100000 81.42800000 30.83700000 2.18678868e-01
80.42900000 30.96100000 79.49300000 30.74300000 -1.52124244e+00
80.42900000 30.96100000 80.24000000 30.06000000 -6.36381022e+00
80.42900000 30.96100000 79.55900000 30.53100000 -3.81266735e+00
81.17600000 30.29000000 81.42800000 30.83700000 -1.03954459e+00
81.17600000 30.29000000 81.85600000 30.71600000 -1.20775597e+00
81.17600000 30.29000000 80.24000000 30.06000000 -2.48485512e+00
81.17600000 30.29000000 81.20100000 29.47400000 -5.20491736e+00
81.17600000 30.29000000 81.80700000 29.96900000 4.07771956e-01
81.17600000 30.29000000 80.56000000 29.86000000 -5.10710745e+00
81.42800000 30.83700000 81.85600000 30.71600000 1.50008973e-01
81.85600000 30.71600000 82.83200000 30.38900000 1.38181206e-02
81.85600000 30.71600000 81.80700000 29.96900000 -9.94079334e-02
82.83200000 30.38900000 83.24000000 29.80000000 -4.02690171e-01
82.83200000 30.38900000 84.03900000 29.72100000 -1.32938139e+00
82.83200000 30.38900000 81.80700000 29.96900000 -1.03556895e+00
82.83200000 30.38900000 82.19300000 29.27800000 -3.70713110e+00
82.83200000 30.38900000 85.74100000 29.59100000 -1.99867555e-01
83.24000000 29.80000000 84.03900000 29.72100000 4.85274292e-01
83.24000000 29.80000000 84.04300000 29.53400000 7.48903909e-02
83.24000000 29.80000000 82.19300000 29.27800000 -2.52174905e+00
83.24000000 29.80000000 82.81800000 28.98400000 -3.22655493e+00
83.24000000 29.80000000 83.89500000 29.17900000 -1.92381379e+00
84.03900000 29.72100000 84.15600000 29.68000000 1.16541310e-01
84.03900000 29.72100000 84.04300000 29.53400000 -7.35198236e-01
84.03900000 29.72100000 85.74100000 29.59100000 2.11316027e-01
84.15600000 29.68000000 84.04300000 29.53400000 -6.31517483e-01
84.15600000 29.68000000 85.21000000 29.44000000 6.22090054e-01
84.15600000 29.68000000 85.74100000 29.59100000 -1.80906899e-02
85.44200000 28.95900000 85.64000000 29.44100000 -7.56538323e-01
85.44200000 28.95900000 86.38699999 28.68700000 -6.87882417e-01
85.44200000 28.95900000 85.21000000 29.44000000 1.93709607e-01
85.44200000 28.95900000 86.01999999 28.30000000 -1.80541813e-01
85.44200000 28.95900000 84.41000000 28.37500000 -3.00744261e+00
85.44200000 28.95900000 85.31399999 28.20700000 -3.30851641e+00
85.64000000 29.44100000 86.38699999 28.68700000 -8.73054534e-01
85.64000000 29.44100000 85.21000000 29.44000000 -3.68390498e-01
85.64000000 29.44100000 85.74100000 29.59100000 -4.55832425e-02
85.97499999 28.14900000 85.32899999 28.17100000 6.25439954e-01
85.97499999 28.14900000 86.01999999 28.29000000 -8.72509588e-01
85.97499999 28.14900000 86.01999999 28.30000000 -9.15030177e-01
85.97499999 28.14900000 86.22999999 27.63500000 -3.05509167e+00
85.97499999 28.14900000 86.81299999 27.95800000 -2.29002212e-01
85.97499999 28.14900000 85.31399999 28.20700000 7.41897949e-01
85.97499999 28.14900000 85.87699999 27.91000000 -2.32557358e+00
85.97499999 28.14900000 86.71199999 27.81400000 -5.29724402e-02
85.97499999 28.14900000 86.82699999 28.19400000 -3.96578558e-01
86.38699999 28.68700000 86.96699999 28.39200000 -8.50775661e-01
86.38699999 28.68700000 87.05999999 28.58700000 -6.23038087e-01
86.38699999 28.68700000 87.08600000 29.32000000 -3.23724886e-01
86.38699999 28.68700000 86.93999999 28.35700000 -8.72518158e-01
86.38699999 28.68700000 86.01999999 28.30000000 -1.31757209e+00
86.38699999 28.68700000 86.82699999 28.19400000 -9.34068190e-01
86.38699999 28.68700000 85.74100000 29.59100000 -8.18334892e-01
86.94099999 28.35700000 86.82699999 28.19400000 -8.47706089e-02
86.94099999 28.35700000 86.92899999 27.97300000 -4.39719095e-01
86.96699999 28.39200000 87.05999999 28.58700000 -1.95225086e-01
86.96699999 28.39200000 87.76900000 28.53800000 -2.45964773e-01
86.96699999 28.39200000 86.92899999 27.97300000 -4.44002266e-01
86.96699999 28.39200000 87.15499999 28.63000000 -2.07902028e-01
87.05999999 28.58700000 87.08600000 29.32000000 -1.12974574e+00
87.05999999 28.58700000 87.15499999 28.63000000 -3.82607889e-02
87.08600000 29.32000000 85.74100000 29.59100000 -9.63743234e-01
87.18400000 29.26900000 87.57700000 29.11800000 -2.34788959e-01
87.18400000 29.26900000 87.15499999 28.63000000 -1.05896458e+00
87.76900000 28.53800000 88.56000000 28.24400000 -1.01596815e+00
87.76900000 28.53800000 88.86500000 29.24900000 -7.95830237e-01
87.76900000 28.53800000 87.57700000 29.11800000 -1.58481128e+00
87.76900000 28.53800000 87.70999999 27.35200000 -6.60852536e+00
87.76900000 28.53800000 86.92899999 27.97300000 -1.59603319e-01
87.76900000 28.53800000 87.15499999 28.63000000 -3.50384315e-01
87.76900000 28.53800000 88.86400000 29.25000000 -7.98317902e-01
88.56000000 28.24400000 88.86500000 29.24900000 -3.59896115e+00
88.56000000 28.24400000 89.15400000 27.72100000 -1.07684513e+00
88.56000000 28.24400000 89.30500000 27.93100000 1.38337947e-02
88.56000000 28.24400000 89.55600000 28.91100000 -1.47430693e+00
88.56000000 28.24400000 89.62700000 28.31500000 4.92044831e-01
88.56000000 28.24400000 88.56900000 27.36500000 -5.13358788e+00
88.56000000 28.24400000 88.91000000 27.49000000 -2.73815607e+00
88.56000000 28.24400000 87.70999999 27.35200000 -5.01106390e+00
88.86500000 29.24900000 89.55600000 28.91100000 -6.32163571e-01
88.86500000 29.24900000 90.15400000 29.44400000 2.81706163e-01
88.86500000 29.24900000 89.57300000 28.91400000 -6.09348214e-01
88.90600000 27.43700000 89.15400000 27.72100000 -1.29757878e+00
88.90600000 27.43700000 88.56900000 27.36500000 -7.80508266e-01
88.90600000 27.43700000 89.39200000 26.84900000 -4.03798740e-01
88.90600000 27.43700000 89.63500000 27.47200000 -1.13821450e+00
88.90600000 27.43700000 88.70200000 27.02400000 -3.38206080e+00
88.90600000 27.43700000 88.79100000 27.01000000 -3.26678649e+00
88.90600000 27.43700000 88.93600000 26.96500000 -2.68238242e+00
89.15400000 27.72100000 89.30500000 27.93100000 -9.91978995e-01
89.15400000 27.72100000 88.91000000 27.49000000 -1.07503335e+00
89.15400000 27.72100000 89.63500000 27.47200000 -5.75678575e-01
89.30500000 27.93100000 89.62700000 28.31500000 -1.53623584e+00
89.30500000 27.93100000 89.63500000 27.47200000 -1.15827008e+00
89.55600000 28.91100000 89.62700000 28.31500000 -2.30779478e+00
89.55600000 28.91100000 89.91100000 28.61900000 -6.41061049e-01
89.62700000 28.31500000 89.91100000 28.61900000 -1.10287300e+00
89.62700000 28.31500000 90.55800000 28.41900000 -3.38444351e-01
89.62700000 28.31500000 89.63500000 27.47200000 -2.92078349e+00
89.91100000 28.61900000 90.10700000 28.93200000 -1.14402381e+00
89.91100000 28.61900000 90.55800000 28.41900000 6.13124107e-02
89.91100000 28.61900000 89.57300000 28.91400000 -6.78366853e-01
90.10700000 28.93200000 90.15400000 29.44400000 -1.51910307e+00
90.10700000 28.93200000 90.26700000 29.32400000 -1.17359953e+00
90.10700000 28.93200000 90.55800000 28.41900000 -1.00653780e+00
90.10700000 28.93200000 90.95900000 29.27800000 -4.50171832e-01
90.10700000 28.93200000 89.57300000 28.91400000 1.98170692e-01
90.15400000 29.44400000 90.26700000 29.32400000 -1.38634106e-01
90.15400000 29.44400000 78.70400000 33.19100000 -1.07782632e-01
90.15400000 29.44400000 89.57300000 28.91400000 -9.54471334e-01
90.15400000 29.44400000 85.74100000 29.59100000 -1.14695829e-01
90.26700000 29.32400000 90.95900000 29.27800000 2.70966083e-01
90.55800000 28.41900000 91.88900000 28.96000000 -1.25608180e+00
90.55800000 28.41900000 91.91000000 27.97100000 6.00460573e-01
90.55800000 28.41900000 89.63500000 27.47200000 -3.25982342e+00
90.55800000 28.41900000 90.95900000 29.27800000 -2.94270390e+00
91.88900000 28.96000000 91.91000000 27.97100000 -2.07256402e+00
91.88900000 28.96000000 92.39900000 28.42200000 4.40876138e-01
91.88900000 28.96000000 93.07300000 29.04400000 -2.38073664e-02
91.88900000 28.96000000 92.43900000 28.43200000 5.69952731e-01
91.88900000 28.96000000 90.95900000 29.27800000 4.00422660e-01
91.91000000 27.97100000 92.39900000 28.42200000 -1.38939489e+00
91.91000000 27.97100000 92.41500000 27.27000000 -5.06789654e+00
91.91000000 27.97100000 89.63500000 27.47200000 -1.78986195e+00
92.39900000 28.42200000 92.41500000 27.27000000 -7.93993370e+00
93.07300000 29.04400000 92.43900000 28.43200000 -1.50956233e+00
93.07300000 29.04400000 92.41500000 27.27000000 -9.15541114e+00
93.07300000 29.04400000 90.95900000 29.27800000 7.95256523e-01
83.95300000 29.17800000 84.04300000 29.53400000 -1.22889629e+00
83.95300000 29.17800000 85.21000000 29.44000000 -1.04462419e+00
83.95300000 29.17800000 83.74300000 28.80500000 -1.98707043e+00
83.95300000 29.17800000 84.41000000 28.37500000 -3.89421748e+00
84.04300000 29.53400000 85.21000000 29.44000000 2.14024727e-01
84.04300000 29.53400000 83.89500000 29.17900000 -1.20515151e+00
86.93999999 28.35700000 86.82699999 28.19400000 -8.47812219e-02
75.36300000 32.56500000 75.88100000 32.30400000 -5.02353472e-01
75.36300000 32.56500000 75.93800000 31.47900000 -2.04992739e+00
75.36300000 32.56500000 75.99300000 32.53600000 -3.69984465e-01
75.36300000 32.56500000 74.34700000 33.39500000 -3.58331602e-01
75.36300000 32.56500000 75.03700000 33.59500000 -9.90429042e-01
75.88100000 32.30400000 75.93800000 31.47900000 -1.85571530e-02
75.88100000 32.30400000 75.99300000 32.53600000 -2.45799351e+00
75.88100000 32.30400000 76.29400000 31.89700000 -8.38943931e-01
75.88100000 32.30400000 76.30700000 32.24800000 -1.65019019e-01
75.93800000 31.47900000 76.29400000 31.89700000 2.18310095e+00
75.93800000 31.47900000 76.30700000 31.53800000 1.68492133e+00
75.93800000 31.47900000 77.12600000 28.48200000 -5.66696336e-01
75.93800000 31.47900000 77.63000000 30.27600000 -6.25084860e+00
75.93800000 31.47900000 77.17200000 28.54400000 -3.95431580e-01
75.93800000 31.47900000 73.39100000 33.89500000 3.56723543e-01
75.93800000 31.47900000 74.34700000 33.39500000 -2.36944202e+00
75.99300000 32.53600000 76.30700000 32.24800000 -5.02388211e-01
75.99300000 32.53600000 76.68900000 32.69800000 -2.01072614e+00
75.99300000 32.53600000 75.03700000 33.59500000 -1.37598423e+00
76.29400000 31.89700000 76.30700000 31.53800000 -1.84322494e-01
76.29400000 31.89700000 76.30700000 32.24800000 -2.36877164e+00
76.29400000 31.89700000 76.67300000 31.91900000 -1.30875201e+00
76.30700000 31.53800000 76.67300000 31.91900000 -1.90907322e+00
76.30700000 31.53800000 76.81500000 31.63400000 -1.03663819e+00
76.30700000 31.53800000 77.63000000 30.27600000 -5.84348591e+00
76.30700000 32.24800000 76.67300000 31.91900000 -9.50818684e-01
76.30700000 32.24800000 76.68900000 32.69800000 -5.73159727e+00
76.30700000 32.24800000 77.19200000 32.31700000 -3.46289389e+00
76.67300000 31.91900000 76.81500000 31.63400000 -1.17395634e+00
76.67300000 31.91900000 77.10800000 32.06700000 -6.18874393e+00
76.67300000 31.91900000 77.19200000 32.31700000 -6.89253078e+00
76.68900000 32.69800000 77.17500000 32.63400000 4.91953802e-01
76.68900000 32.69800000 77.19200000 32.31700000 -3.90227531e-01
76.68900000 32.69800000 77.42500000 32.79800000 3.06772125e-01
76.68900000 32.69800000 77.60000000 34.12800000 -3.79926992e+00
76.68900000 32.69800000 75.03700000 33.59500000 2.07631134e-01
76.68900000 32.69800000 75.27200000 34.10000000 3.06451079e-02
76.68900000 32.69800000 75.76900000 34.42400000 -1.00423216e+00
76.68900000 32.69800000 76.16200000 34.55900000 -1.65046229e+00
76.81500000 31.63400000 77.10800000 32.06700000 -8.43506591e+00
76.81500000 31.63400000 77.63000000 30.27600000 -4.70376104e+00
76.81500000 31.63400000 78.02100000 30.45900000 -4.97257728e+00
76.81500000 31.63400000 78.67600000 30.99700000 -1.27768804e+00
77.10800000 32.06700000 77.19200000 32.31700000 -1.06208685e+00
77.10800000 32.06700000 77.92100000 32.36400000 -3.35306858e+00
77.10800000 32.06700000 78.67600000 30.99700000 1.15829321e+00
77.12600000 28.48200000 78.60800001 25.45200000 -1.59803660e-01
77.12600000 28.48200000 79.08000000 29.23000000 -5.48287995e-01
77.12600000 28.48200000 73.39100000 33.89500000 3.57002953e-01
77.17500000 32.63400000 77.19200000 32.31700000 -3.00546931e+00
77.17500000 32.63400000 77.42500000 32.79800000 -5.32688389e-01
77.19200000 32.31700000 77.42500000 32.79800000 -4.27673664e+00
77.19200000 32.31700000 77.92100000 32.36400000 -2.15268735e+00
77.42500000 32.79800000 77.80800000 33.97200000 4.34583476e-01
77.42500000 32.79800000 77.92100000 32.36400000 -1.65666487e+00
77.42500000 32.79800000 78.66000000 33.20900000 -2.37136892e+00
77.42500000 32.79800000 77.60000000 34.12800000 1.06042499e+00
77.63000000 30.27600000 77.86000000 30.32900000 -4.88734679e-01
77.63000000 30.27600000 77.86800000 30.14700000 -1.31098038e+00
77.63000000 30.27600000 78.02100000 30.45900000 -1.68222876e+00
77.63000000 30.27600000 77.17200000 28.54400000 -1.41177320e+00
77.80800000 33.97200000 78.66000000 33.20900000 -6.19458246e-01
77.86000000 30.32900000 77.86800000 30.14700000 -2.29489342e-01
77.86000000 30.32900000 77.97400000 30.28500000 -5.07788410e-01
77.86000000 30.32900000 78.01400000 30.32900000 -6.22234594e-01
77.86000000 30.32900000 78.02100000 30.45900000 -1.51884776e+00
77.86800000 30.14700000 77.97400000 30.28500000 -6.02778095e-02
77.86800000 30.14700000 77.97900000 30.09500000 -6.87125546e-01
77.92100000 32.36400000 78.66000000 33.20900000 1.79544771e+00
77.92100000 32.36400000 78.97300000 32.77900000 9.82240399e-01
77.92100000 32.36400000 78.67600000 30.99700000 -5.69273620e+00
77.97400000 30.28500000 77.97900000 30.09500000 -3.89908442e-01
77.97400000 30.28500000 78.01400000 30.32900000 -2.32652401e-01
77.97400000 30.28500000 78.18700000 30.19100000 -7.92343971e-01
77.97900000 30.09500000 78.18700000 30.19100000 -3.19968802e-01
77.97900000 30.09500000 78.68000000 29.84800000 -8.10013683e-01
77.97900000 30.09500000 77.17200000 28.54400000 -1.48929601e+00
78.01400000 30.32900000 78.02100000 30.45900000 -1.32978217e+00
78.01400000 30.32900000 78.11500000 30.45200000 -1.82885023e+00
78.01400000 30.32900000 78.15500000 30.34200000 -5.52557838e-01
78.01400000 30.32900000 78.18700000 30.19100000 -7.24002416e-01
78.02100000 30.45900000 78.11500000 30.45200000 -3.89416555e-01
78.02100000 30.45900000 78.67600000 30.99700000 -7.62075569e+00
78.11500000 30.45200000 78.15500000 30.34200000 -1.35619660e+00
78.11500000 30.45200000 78.61700000 30.80600000 -4.51257019e+00
78.11500000 30.45200000 78.36500000 30.40400000 -6.48690183e-01
78.15500000 30.34200000 78.18700000 30.19100000 -6.91298002e-01
78.15500000 30.34200000 78.36800000 30.39400000 -1.37780939e+00
78.15500000 30.34200000 78.36500000 30.40400000 -1.48901382e+00
78.18700000 30.19100000 78.36800000 30.39400000 -2.47596985e+00
78.18700000 30.19100000 78.68000000 29.84800000 -5.84274671e-01
78.36800000 30.39400000 78.61700000 30.80600000 -5.71253804e+00
78.36800000 30.39400000 78.68000000 29.84800000 -2.31264643e+00
78.36800000 30.39400000 79.09000000 30.29800000 -5.96762359e-01
78.60800001 25.45200000 80.94300001 26.89100000 -2.73420744e-01
78.60800001 25.45200000 85.92499999 26.71100000 -3.34147837e-01
78.60800001 25.45200000 79.08000000 29.23000000 -1.20347234e+00
78.60800001 25.45200000 91.23700000 25.00000000 1.65448867e-01
78.61700000 30.80600000 78.75400000 31.03700000 -3.08229822e+00
78.61700000 30.80600000 79.09000000 30.29800000 -4.65659683e+00
78.61700000 30.80600000 78.36500000 30.40400000 -5.55618228e+00
78.61700000 30.80600000 78.67600000 30.99700000 -2.67246935e+00
78.61700000 30.80600000 79.21100000 30.48600000 -2.22197270e+00
78.66000000 33.20900000 78.97300000 32.77900000 -3.04844129e-01
78.68000000 29.84800000 79.09000000 30.29800000 -4.70290099e+00
78.68000000 29.84800000 77.17200000 28.54400000 -4.75682597e-01
78.68000000 29.84800000 79.08000000 29.23000000 -1.42194627e+00
78.68000000 29.84800000 79.43000000 29.64000000 7.02307648e-02
78.75400000 31.03700000 79.49300000 30.74300000 -6.02844382e-01
78.75400000 31.03700000 78.67600000 30.99700000 -4.31484376e-01
78.75400000 31.03700000 79.21100000 30.48600000 -4.05580835e+00
79.09000000 30.29800000 79.19400000 30.32900000 -7.66365709e-01
79.09000000 30.29800000 79.21100000 30.48600000 -3.77475584e+00
79.09000000 30.29800000 79.43000000 29.64000000 -3.94336996e+00
79.19400000 30.32900000 79.21100000 30.48600000 -2.62661627e+00
79.19400000 30.32900000 79.55900000 30.53100000 -1.20062558e+00
79.19400000 30.32900000 79.43000000 29.64000000 -5.57946077e+00
79.19400000 30.32900000 79.77000000 29.82000000 -2.46597791e+00
79.49300000 30.74300000 79.21100000 30.48600000 -2.39678475e+00
79.49300000 30.74300000 79.55900000 30.53100000 -2.64742785e+00
80.24000000 30.06000000 79.55900000 30.53100000 -8.77985589e-01
80.24000000 30.06000000 80.04100000 29.83800000 -4.69217634e+00
80.24000000 30.06000000 79.77000000 29.82000000 -4.08308796e+00
80.24000000 30.06000000 80.34000000 29.76000000 -4.75125268e+00
80.24000000 30.06000000 80.56000000 29.86000000 -2.86978823e-01
80.94300001 26.89100000 80.14800001 28.96300000 -8.37300160e-01
80.94300001 26.89100000 81.11600000 28.61300000 8.41741915e-02
80.94300001 26.89100000 81.57500000 28.13400000 -7.81951118e-01
80.94300001 26.89100000 82.09500000 28.01000000 6.58512094e-01
80.94300001 26.89100000 82.54000000 27.78600000 -8.98128886e-01
80.94300001 26.89100000 80.58200000 28.75400000 3.06014268e+00
80.94300001 26.89100000 81.61500000 28.04900000 -7.11097875e-01
80.94300001 26.89100000 85.92499999 26.71100000 3.79819324e-02
80.94300001 26.89100000 79.08000000 29.23000000 -5.39824624e-01
88.56900000 27.36500000 88.91000000 27.49000000 -1.08202597e+00
88.56900000 27.36500000 87.70999999 27.35200000 -8.66117612e-01
88.56900000 27.36500000 88.70200000 27.02400000 -1.94008263e+00
88.56900000 27.36500000 88.50300000 27.08900000 -2.13716364e+00
89.39200000 26.84900000 92.41500000 27.27000000 -2.45736011e+00
89.39200000 26.84900000 89.63500000 27.47200000 -1.43921253e+00
89.39200000 26.84900000 88.73800000 26.75100000 -1.81433592e+00
89.39200000 26.84900000 88.93600000 26.96500000 2.71429934e-01
89.39200000 26.84900000 91.23700000 25.00000000 -1.73715656e+00
92.43900000 28.43200000 92.41500000 27.27000000 -8.05354949e+00
80.14800001 28.96300000 80.63600000 29.01200000 -1.14465389e+00
80.14800001 28.96300000 80.58200000 28.75400000 -8.85230767e-01
80.14800001 28.96300000 79.08000000 29.23000000 -3.02704369e-01
80.14800001 28.96300000 79.51000001 29.21000000 -2.61732871e-01
80.14800001 28.96300000 80.18000000 29.10000000 -7.88232522e-01
80.60200000 29.33400000 80.72100000 29.52700000 -3.56797119e+00
80.60200000 29.33400000 80.50100000 29.73400000 -4.06731722e+00
80.60200000 29.33400000 80.62600000 29.17700000 -1.02833683e+00
80.60200000 29.33400000 81.20100000 29.47400000 -3.44004763e+00
80.60200000 29.33400000 80.09000000 29.33000000 -1.08269517e+00
80.60200000 29.33400000 80.18000000 29.10000000 -1.81478236e+00
80.60200000 29.33400000 80.23000000 29.59000000 -2.65408714e-01
80.63600000 29.01200000 81.11600000 28.61300000 2.00989235e+00
80.63600000 29.01200000 81.35300000 28.82400000 -1.17205294e+00
80.63600000 29.01200000 80.58200000 28.75400000 1.15053347e+00
80.63600000 29.01200000 80.62600000 29.17700000 -5.74106181e-01
80.63600000 29.01200000 81.20100000 29.47400000 -8.54147783e+00
80.63600000 29.01200000 80.18000000 29.10000000 -1.23562172e+00
80.72100000 29.52700000 80.50100000 29.73400000 -7.35756857e-01
80.72100000 29.52700000 81.20100000 29.47400000 7.73553365e-01
80.72100000 29.52700000 80.56000000 29.86000000 -3.91426977e+00
81.11600000 28.61300000 81.35300000 28.82400000 -8.77748277e-01
81.11600000 28.61300000 81.57500000 28.13400000 -1.05467113e+00
81.11600000 28.61300000 81.63400000 28.58300000 -7.11808762e-01
81.11600000 28.61300000 81.69100000 28.40700000 -4.60057649e-01
81.11600000 28.61300000 80.58200000 28.75400000 -2.50556021e+00
81.35300000 28.82400000 81.63400000 28.58300000 -3.20463787e-01
81.35300000 28.82400000 81.63500000 28.58600000 -3.08969084e-01
81.35300000 28.82400000 81.20100000 29.47400000 -4.52387476e+00
81.35300000 28.82400000 81.71400000 28.65600000 -8.92066754e-02
81.35300000 28.82400000 82.19300000 29.27800000 -4.89076527e+00
81.57500000 28.13400000 81.69100000 28.40700000 -2.44206779e-01
81.63400000 28.58300000 81.69100000 28.40700000 -1.66702529e-01
81.63400000 28.58300000 81.71400000 28.65600000 -4.41733177e-01
81.63500000 28.58600000 81.71400000 28.65600000 -4.26443698e-01
81.69100000 28.40700000 82.09500000 28.01000000 2.89605665e-01
81.69100000 28.40700000 82.34700000 28.24900000 8.69133181e-01
81.69100000 28.40700000 81.59500000 28.11700000 -3.80445442e-01
81.69100000 28.40700000 81.71400000 28.65600000 -7.88129991e-01
82.09500000 28.01000000 82.24700000 28.03000000 8.61195294e-01
82.09500000 28.01000000 82.34700000 28.24900000 -2.94032232e-02
82.09500000 28.01000000 82.54000000 27.78600000 8.64697758e-01
82.09500000 28.01000000 81.59500000 28.11700000 1.20993197e+00
82.09500000 28.01000000 81.61500000 28.04900000 1.09385814e+00
82.24700000 28.03000000 82.34700000 28.24900000 -1.62241667e-01
82.24700000 28.03000000 82.54000000 27.78600000 -1.33833398e-01
82.24700000 28.03000000 82.49100000 27.95100000 -2.20233965e-01
82.24700000 28.03000000 82.57300000 28.06300000 -5.62250276e-01
82.34700000 28.24900000 81.71400000 28.65600000 5.73251590e-01
82.34700000 28.24900000 82.81800000 28.98400000 -9.22425585e+00
82.34700000 28.24900000 82.57300000 28.06300000 -2.69074531e-01
82.50400000 27.95100000 82.54000000 27.78600000 -9.64342888e-01
82.50400000 27.95100000 82.57300000 28.06300000 4.27314219e-01
82.54000000 27.78600000 82.78500000 27.56800000 -5.69374194e-02
82.54000000 27.78600000 82.49100000 27.95100000 -8.46426636e-01
82.54000000 27.78600000 82.57300000 28.06300000 -5.08411315e-01
82.78500000 27.56800000 82.57300000 28.06300000 -6.48359679e-01
82.78500000 27.56800000 83.41800000 27.50700000 9.75939733e-03
82.78500000 27.56800000 83.55400000 27.87400000 -1.98989797e-01
85.00799999 27.31600000 85.39799999 27.57500000 -6.89130372e-01
85.00799999 27.31600000 84.98499999 27.16600000 6.68432766e-01
85.00799999 27.31600000 85.10799999 27.60800000 -7.97082986e-01
85.00799999 27.31600000 84.43000000 27.67800000 1.39649751e+00
85.21000000 29.44000000 84.41000000 28.37500000 -5.02287762e+00
85.21000000 29.44000000 85.74100000 29.59100000 -7.50157771e-01
85.22199999 28.01500000 85.32899999 28.17100000 -1.15253964e+00
85.22199999 28.01500000 84.38000000 28.22900000 8.36393941e-01
85.22199999 28.01500000 84.41000000 28.37500000 8.18541583e-01
85.22199999 28.01500000 85.10799999 27.60800000 -3.65179767e+00
85.22199999 28.01500000 85.27899999 27.80100000 -2.44012716e+00
85.22199999 28.01500000 85.31399999 28.20700000 -1.38832169e+00
85.22199999 28.01500000 84.43000000 27.67800000 -4.99793427e+00
85.27999999 27.69300000 85.10799999 27.60800000 -1.40885839e-01
85.27999999 27.69300000 85.27899999 27.80100000 -8.05140185e-01
85.27999999 27.69300000 85.28799999 27.68200000 -3.88467097e-02
85.27999999 27.69300000 85.35799999 27.69700000 -2.52078166e-02
85.32899999 28.17100000 85.27899999 27.80100000 -3.94948356e+00
85.32899999 28.17100000 85.52099999 27.69300000 -4.39909512e+00
85.32899999 28.17100000 85.87699999 27.91000000 -1.24237237e+00
85.39799999 27.57500000 85.79399999 27.74500000 -1.82884104e+00
85.39799999 27.57500000 84.98499999 27.16600000 -4.11068087e-01
85.39799999 27.57500000 85.10799999 27.60800000 -1.07941245e-01
85.39799999 27.57500000 85.28799999 27.68200000 -3.48729044e-01
85.39799999 27.57500000 85.52099999 27.69300000 -4.37877623e-01
85.39799999 27.57500000 85.35799999 27.69700000 -4.27673592e-01
85.39799999 27.57500000 85.92499999 26.71100000 -1.24026678e+00
85.79399999 27.74500000 86.22999999 27.63500000 6.70116350e-01
85.79399999 27.74500000 85.52099999 27.69300000 -1.21417792e+00
85.79399999 27.74500000 85.87699999 27.91000000 -1.73107879e+00
85.79399999 27.74500000 85.92499999 26.71100000 -5.25004589e+00
86.01999999 28.29000000 86.82699999 28.19400000 -1.28947414e+00
86.01999999 28.30000000 85.31399999 28.20700000 1.06702204e+00
86.01999999 28.30000000 86.82699999 28.19400000 -1.33811467e+00
86.22999999 27.63500000 85.87699999 27.91000000 1.77302741e-01
86.22999999 27.63500000 86.54999999 27.30500000 3.76595985e-01
86.22999999 27.63500000 86.71199999 27.81400000 -2.10790241e-01
86.22999999 27.63500000 85.92499999 26.71100000 -6.91666631e+00
86.22999999 27.63500000 86.71499999 27.80300000 -1.26659873e-01
86.22999999 27.63500000 86.72499999 27.68300000 7.46065405e-01
86.81299999 27.95800000 86.71199999 27.81400000 -1.88411273e-01
86.81299999 27.95800000 86.82299999 27.89400000 -1.14227566e-01
86.81299999 27.95800000 86.82699999 28.19400000 -2.55658301e-01
86.81299999 27.95800000 86.92899999 27.97300000 -1.41491430e-01
87.57700000 29.11800000 87.15499999 28.63000000 -4.83618558e-01
87.57700000 29.11800000 88.86400000 29.25000000 2.36532972e-01
78.70400000 33.19100000 85.74100000 29.59100000 4.35373629e-01
92.41500000 27.27000000 89.63500000 27.47200000 -1.34351157e+00
92.41500000 27.27000000 91.23700000 25.00000000 -8.86996865e+00
80.50100000 29.73400000 80.23000000 29.59000000 -3.24596954e+00
80.50100000 29.73400000 80.34000000 29.76000000 -1.10272619e-01
80.50100000 29.73400000 80.56000000 29.86000000 -2.29863820e+00
80.62600000 29.17700000 81.20100000 29.47400000 -6.28311320e+00
80.62600000 29.17700000 80.18000000 29.10000000 -1.37017473e+00
81.20100000 29.47400000 81.80700000 29.96900000 -5.27146789e+00
81.20100000 29.47400000 82.19300000 29.27800000 -8.88589862e-01
81.20100000 29.47400000 80.56000000 29.86000000 3.54071342e-01
81.71400000 28.65600000 82.19300000 29.27800000 -6.94908528e+00
81.71400000 28.65600000 82.81800000 28.98400000 -2.93660586e+00
81.80700000 29.96900000 82.19300000 29.27800000 -2.92453852e+00
82.19300000 29.27800000 82.81800000 28.98400000 1.05376234e+00
82.49100000 27.95100000 82.57300000 28.06300000 4.05523815e-01
82.81800000 28.98400000 83.74300000 28.80500000 4.16783373e-01
82.81800000 28.98400000 83.89500000 29.17900000 1.03169195e+00
82.81800000 28.98400000 82.57300000 28.06300000 -1.03798051e+01
82.81800000 28.98400000 83.71800000 28.78100000 2.82595325e-01
83.60300000 27.76700000 83.82600000 27.45700000 -7.27688952e-01
83.60300000 27.76700000 84.13000000 27.64800000 -5.31835988e-01
83.60300000 27.76700000 83.41800000 27.50700000 4.62363546e-02
83.60300000 27.76700000 83.55400000 27.87400000 -2.25419015e-01
83.60300000 27.76700000 83.97800000 28.19900000 -2.95746989e+00
83.74300000 28.80500000 83.89500000 29.17900000 -2.09210024e+00
83.74300000 28.80500000 83.93600000 28.26000000 -4.56976000e+00
83.74300000 28.80500000 84.41000000 28.37500000 -2.19941008e+00
83.82600000 27.45700000 84.13000000 27.64800000 2.16026476e-01
83.82600000 27.45700000 84.98499999 27.16600000 7.10071757e-01
83.82600000 27.45700000 83.41800000 27.50700000 -1.59156517e-02
83.93600000 28.26000000 84.41000000 28.37500000 -1.63954249e+00
83.93600000 28.26000000 83.55400000 27.87400000 -3.15958978e+00
83.93600000 28.26000000 83.71800000 28.78100000 -4.43666992e+00
84.13000000 27.64800000 84.26500000 27.97300000 -2.05735464e+00
84.13000000 27.64800000 84.98499999 27.16600000 2.17101269e+00
84.13000000 27.64800000 83.97800000 28.19900000 -3.06371757e+00
84.13000000 27.64800000 84.43000000 27.67800000 -1.55364447e-01
84.26500000 27.97300000 84.38000000 28.22900000 -3.89148406e+00
84.26500000 27.97300000 83.97800000 28.19900000 -6.14500754e-01
84.26500000 27.97300000 84.43000000 27.67800000 -1.13980116e+00
84.38000000 28.22900000 84.41000000 28.37500000 -1.14307518e+00
84.38000000 28.22900000 83.97800000 28.19900000 -1.20100637e+00
84.38000000 28.22900000 84.43000000 27.67800000 -4.93996765e+00
84.41000000 28.37500000 85.31399999 28.20700000 6.70334466e-01
84.41000000 28.37500000 83.97800000 28.19900000 -2.37405856e+00
84.98499999 27.16600000 84.43000000 27.67800000 2.81450916e+00
84.98499999 27.16600000 85.92499999 26.71100000 -1.87337971e+00
85.10799999 27.60800000 85.27899999 27.80100000 -9.04599350e-01
85.10799999 27.60800000 85.28799999 27.68200000 -1.09487970e-01
85.10799999 27.60800000 84.43000000 27.67800000 -7.47412990e-01
85.27899999 27.80100000 85.52099999 27.69300000 -4.73674130e-01
85.27899999 27.80100000 85.35799999 27.69700000 -6.51909076e-01
85.28799999 27.68200000 85.35799999 27.69700000 -2.64794559e-02
85.52099999 27.69300000 85.87699999 27.91000000 -2.71361709e+00
85.52099999 27.69300000 85.35799999 27.69700000 -1.90051595e-01
86.54999999 27.30500000 86.59699999 26.99100000 -2.38339775e+00
86.54999999 27.30500000 85.92499999 26.71100000 -5.47578032e+00
86.54999999 27.30500000 86.72499999 27.68300000 -2.52775891e+00
86.54999999 27.30500000 87.20599999 27.38000000 7.83561912e-01
86.59699999 26.99100000 87.39199999 26.86600000 3.99790630e-01
86.59699999 26.99100000 85.92499999 26.71100000 -1.69896580e+00
86.59699999 26.99100000 87.20599999 27.38000000 -1.27653346e+00
86.71199999 27.81400000 86.82299999 27.89400000 -1.39778557e-01
87.39199999 26.86600000 87.70999999 27.35200000 -3.56401881e+00
87.39199999 26.86600000 88.18500000 26.88300000 -1.92890752e+00
87.39199999 26.86600000 88.35000000 26.71100000 4.00002506e-01
87.39199999 26.86600000 85.92499999 26.71100000 1.23125156e+00
87.39199999 26.86600000 87.20599999 27.38000000 -5.98929857e+00
87.70999999 27.35200000 88.40000000 26.98000000 -2.50127268e+00
87.70999999 27.35200000 88.18500000 26.88300000 -4.04306002e+00
87.70999999 27.35200000 86.92899999 27.97300000 -3.56687723e+00
87.70999999 27.35200000 87.20599999 27.38000000 4.88958514e-01
87.70999999 27.35200000 88.50300000 27.08900000 -1.73156326e+00
77.60000000 34.12800000 76.16200000 34.55900000 -3.43081707e-01
88.40000000 26.98000000 88.18500000 26.88300000 4.87927370e-01
88.40000000 26.98000000 88.35000000 26.71100000 -7.70116802e-03
88.40000000 26.98000000 88.56900000 26.88900000 4.55946918e-02
88.40000000 26.98000000 88.50300000 27.08900000 -1.39177982e+00
88.68000000 27.00000000 88.56900000 26.88900000 -1.18718533e+00
88.68000000 27.00000000 88.70200000 27.02400000 -3.76330665e-01
88.68000000 27.00000000 88.75300000 26.88100000 -3.47261591e-01
88.68000000 27.00000000 88.79100000 27.01000000 -3.31186277e-01
88.68000000 27.00000000 88.50300000 27.08900000 -1.51493957e-01
88.18500000 26.88300000 88.35000000 26.71100000 3.69623556e-01
88.35000000 26.71100000 88.56900000 26.88900000 -1.80680536e-01
88.35000000 26.71100000 88.73800000 26.75100000 -1.23335894e-01
88.35000000 26.71100000 85.92499999 26.71100000 1.18831849e-01
88.35000000 26.71100000 91.23700000 25.00000000 -8.46960622e-01
88.56900000 26.88900000 88.73800000 26.75100000 1.80347968e-01
88.56900000 26.88900000 88.75300000 26.88100000 -3.99214397e-01
88.56900000 26.88900000 88.50300000 27.08900000 -1.18375945e+00
88.70200000 27.02400000 88.79100000 27.01000000 -9.81101591e-02
88.70200000 27.02400000 88.50300000 27.08900000 -1.11813455e-01
88.73800000 26.75100000 88.75300000 26.88100000 1.53744330e-01
88.73800000 26.75100000 88.93600000 26.96500000 -1.60354267e+00
88.73800000 26.75100000 91.23700000 25.00000000 -7.86332370e-01
88.75300000 26.88100000 88.79100000 27.01000000 -1.10216163e+00
88.75300000 26.88100000 88.93600000 26.96500000 -1.43763713e+00
88.79100000 27.01000000 88.93600000 26.96500000 -1.73976004e-01
77.17200000 28.54400000 79.08000000 29.23000000 -5.15805822e-01
79.21100000 30.48600000 79.55900000 30.53100000 1.08397908e+00
79.55900000 30.53100000 79.77000000 29.82000000 -8.10796091e+00
79.62000000 29.63800000 79.43000000 29.64000000 1.35119318e-01
79.62000000 29.63800000 79.65000000 29.59000000 1.51810951e-01
79.62000000 29.63800000 79.77000000 29.82000000 -2.03619040e+00
80.04100000 29.83800000 79.77000000 29.82000000 -5.03672193e-01
80.04100000 29.83800000 79.90000000 29.78000000 -9.31416462e-01
80.04100000 29.83800000 80.23000000 29.59000000 -1.08346807e+00
80.04100000 29.83800000 80.34000000 29.76000000 -5.26489182e-02
82.57300000 28.06300000 83.55400000 27.87400000 4.25074119e-01
82.57300000 28.06300000 83.71800000 28.78100000 -4.13562804e+00
83.41800000 27.50700000 83.55400000 27.87400000 -4.00292379e-01
83.55400000 27.87400000 83.71800000 28.78100000 -7.64135959e+00
83.55400000 27.87400000 83.97800000 28.19900000 -2.51236540e+00
85.92499999 26.71100000 91.23700000 25.00000000 -4.72645875e-02
86.71499999 27.80300000 86.72499999 27.68300000 -3.84261214e-01
86.71499999 27.80300000 86.82299999 27.89400000 -1.49191932e-01
86.72499999 27.68300000 86.82299999 27.89400000 -4.60302052e-01
86.72499999 27.68300000 87.20599999 27.38000000 -1.64366220e+00
86.82299999 27.89400000 86.92899999 27.97300000 -4.79002450e-02
86.82299999 27.89400000 87.20599999 27.38000000 -2.94191683e+00
86.82699999 28.19400000 86.92899999 27.97300000 -5.01147137e-01
86.92899999 27.97300000 87.20599999 27.38000000 -3.24043538e+00
79.08000000 29.23000000 79.43000000 29.64000000 7.36991079e-01
79.08000000 29.23000000 79.51000001 29.21000000 -8.02347023e-02
79.43000000 29.64000000 79.51000001 29.21000000 8.84614924e-01
79.43000000 29.64000000 79.65000000 29.59000000 3.62971945e-01
79.43000000 29.64000000 79.77000000 29.82000000 -1.49330917e+00
79.51000001 29.21000000 79.65000000 29.59000000 -5.58828797e-01
79.51000001 29.21000000 80.09000000 29.33000000 -5.36527037e-01
79.51000001 29.21000000 80.18000000 29.10000000 8.15665329e-01
79.65000000 29.59000000 79.77000000 29.82000000 -2.17798907e+00
79.65000000 29.59000000 79.90000000 29.78000000 -2.10830831e+00
79.65000000 29.59000000 80.09000000 29.33000000 1.98620776e-01
79.77000000 29.82000000 79.90000000 29.78000000 1.19615893e-02
79.90000000 29.78000000 80.09000000 29.33000000 -1.33791257e+00
79.90000000 29.78000000 80.23000000 29.59000000 -7.44839200e-03
80.09000000 29.33000000 80.18000000 29.10000000 5.74718162e-01
80.09000000 29.33000000 80.23000000 29.59000000 -1.85389226e+00
80.23000000 29.59000000 80.34000000 29.76000000 -2.91253364e+00
80.34000000 29.76000000 80.56000000 29.86000000 -1.43010443e+00
73.24900000 34.42000000 73.39100000 33.89500000 2.37554428e-02
73.24900000 34.42000000 73.65300000 33.97800000 7.60792990e-03
73.24900000 34.42000000 73.93500000 33.93000000 -1.11368102e-02
73.24900000 34.42000000 74.48400000 34.09500000 -1.02846548e-01
73.24900000 34.42000000 74.97400000 34.35300000 4.01797105e-01
73.39100000 33.89500000 73.65300000 33.97800000 1.14167103e-02
73.39100000 33.89500000 73.75200000 33.87100000 3.53785792e-03
73.39100000 33.89500000 74.34700000 33.39500000 2.11218803e-01
73.65300000 33.97800000 73.75200000 33.87100000 4.28772775e-03
73.65300000 33.97800000 73.93500000 33.93000000 -9.25871260e-03
73.75200000 33.87100000 73.93500000 33.93000000 6.62521085e-03
73.75200000 33.87100000 74.34700000 33.39500000 -2.00213594e-02
73.93500000 33.93000000 74.34700000 33.39500000 -2.62446828e-01
73.93500000 33.93000000 74.48400000 34.09500000 3.17093938e-01
73.93500000 33.93000000 74.59300000 33.99300000 1.68820929e-01
74.34700000 33.39500000 74.59300000 33.99300000 3.75462599e-01
74.34700000 33.39500000 75.03700000 33.59500000 1.04652454e+00
74.48400000 34.09500000 74.59300000 33.99300000 -7.03909117e-01
74.48400000 34.09500000 74.81700000 34.10900000 3.17999603e-01
74.48400000 34.09500000 74.83700000 34.13000000 3.53937460e-01
74.48400000 34.09500000 74.97400000 34.35300000 4.77709060e-01
74.59300000 33.99300000 74.81700000 34.10900000 3.00450895e-01
74.59300000 33.99300000 75.03700000 33.59500000 2.84299379e-01
74.81700000 34.10900000 74.83700000 34.13000000 -5.20600038e-02
74.81700000 34.10900000 74.88900000 34.12000000 2.73513333e-02
74.81700000 34.10900000 75.03700000 33.59500000 -5.36288264e-01
74.83700000 34.13000000 74.88900000 34.12000000 3.94766451e-02
74.83700000 34.13000000 74.97400000 34.35300000 -3.23461840e-01
74.83700000 34.13000000 75.04500000 34.22700000 4.88892985e-02
74.88900000 34.12000000 75.03700000 33.59500000 -7.13688371e-01
74.88900000 34.12000000 75.04500000 34.22700000 -3.10225613e-02
74.88900000 34.12000000 75.27200000 34.10000000 1.94330935e-01
74.97400000 34.35300000 75.04500000 34.22700000 -2.30354541e-01
74.97400000 34.35300000 75.32500000 34.29200000 3.71389845e-03
74.97400000 34.35300000 75.76900000 34.42400000 2.02686137e-01
75.03700000 33.59500000 75.27200000 34.10000000 -9.43195107e-01
75.04500000 34.22700000 75.27200000 34.10000000 -1.05867684e-01
75.04500000 34.22700000 75.32500000 34.29200000 2.46452626e-02
75.27200000 34.10000000 75.32500000 34.29200000 -3.67638245e-01
75.27200000 34.10000000 75.76900000 34.42400000 -4.02147319e-01
75.32500000 34.29200000 75.76900000 34.42400000 1.75384257e-02
75.76900000 34.42400000 76.16200000 34.55900000 -2.10240996e-01
