79.09800000 31.88700000 79.81400000 31.49800000 -1.64588515e-01
79.09800000 31.88700000 80.29300000 31.71100000 -4.07013873e-01
79.09800000 31.88700000 77.92100000 32.36400000 -2.42977712e+00
79.09800000 31.88700000 78.75400000 31.03700000 -1.85724688e+00
79.09800000 31.88700000 78.97300000 32.77900000 1.79814847e-01
79.09800000 31.88700000 78.67600000 30.99700000 -2.37766777e+00
79.81400000 31.49800000 80.29300000 31.71100000 7.48351632e-02
79.81400000 31.49800000 80.42900000 30.96100000 -2.59229051e-01
79.81400000 31.49800000 78.75400000 31.03700000 -1.40304589e+00
79.81400000 31.49800000 79.49300000 30.74300000 -9.22454657e-01
80.29300000 31.71100000 80.42900000 30.96100000 5.16524122e-01
80.29300000 31.71100000 81.42800000 30.83700000 -3.12085716e-01
80.29300000 31.71100000 78.97300000 32.77900000 -5.46259815e-02
80.42900000 30.96100000 81.17600000 30.29000000 -4.12283443e-01
80.42900000 30.96100000 81.42800000 30.83700000 1.59723194e-01
80.42900000 30.96100000 79.49300000 30.74300000 -1.24484863e+00
80.42900000 30.96100000 80.24000000 30.06000000 -4.26491976e+00
80.42900000 30.96100000 79.55900000 30.53100000 -3.30827024e+00
81.17600000 30.29000000 81.42800000 30.83700000 -5.63566656e-01
81.17600000 30.29000000 81.85600000 30.71600000 -5.15967615e-01
81.17600000 30.29000000 80.24000000 30.06000000 -2.08722854e+00
81.17600000 30.29000000 81.20100000 29.47400000 -4.92447600e+00
81.17600000 30.29000000 81.80700000 29.96900000 -1.55063133e-01
81.17600000 30.29000000 80.56000000 29.86000000 -3.89539620e+00
81.42800000 30.83700000 81.85600000 30.71600000 8.25404488e-02
81.85600000 30.71600000 82.83200000 30.38900000 1.88364319e-01
81.85600000 30.71600000 81.80700000 29.96900000 -2.50576798e-01
82.83200000 30.38900000 83.24000000 29.80000000 -1.90864139e-01
82.83200000 30.38900000 84.03900000 29.72100000 -1.11534350e+00
82.83200000 30.38900000 81.80700000 29.96900000 -3.84165304e-01
82.83200000 30.38900000 82.19300000 29.27800000 -3.52327437e+00
82.83200000 30.38900000 85.74100000 29.59100000 2.55620599e-03
83.24000000 29.80000000 84.03900000 29.72100000 3.80138337e-01
83.24000000 29.80000000 84.04300000 29.53400000 1.83751870e-01
83.24000000 29.80000000 82.19300000 29.27800000 -3.11193768e+00
83.24000000 29.80000000 82.81800000 28.98400000 -3.54918222e+00
83.24000000 29.80000000 83.89500000 29.17900000 -1.30777760e+00
84.03900000 29.72100000 84.15600000 29.68000000 1.69591853e-01
84.03900000 29.72100000 84.04300000 29.53400000 -1.00290742e+00
84.03900000 29.72100000 85.74100000 29.59100000 6.30086209e-01
84.15600000 29.68000000 84.04300000 29.53400000 -8.73793203e-01
84.15600000 29.68000000 85.21000000 29.44000000 6.58269824e-01
84.15600000 29.68000000 85.74100000 29.59100000 3.45049562e-01
85.44200000 28.95900000 85.64000000 29.44100000 -1.46494914e+00
85.44200000 28.95900000 86.38699999 28.68700000 -2.11949220e-01
85.44200000 28.95900000 85.21000000 29.44000000 -5.05392271e-01
85.44200000 28.95900000 86.01999999 28.30000000 5.75490986e-01
85.44200000 28.95900000 84.41000000 28.37500000 -3.16766401e+00
85.44200000 28.95900000 85.31399999 28.20700000 -3.41925185e+00
85.64000000 29.44100000 86.38699999 28.68700000 -8.81357980e-01
85.64000000 29.44100000 85.21000000 29.44000000 -1.92519839e-01
85.64000000 29.44100000 85.74100000 29.59100000 -2.43848638e-01
85.97499999 28.14900000 85.32899999 28.17100000 -3.54150425e-01
85.97499999 28.14900000 86.01999999 28.29000000 -1.00110894e+00
85.97499999 28.14900000 86.01999999 28.30000000 -1.04795492e+00
85.97499999 28.14900000 86.22999999 27.63500000 -2.18647853e+00
85.97499999 28.14900000 86.81299999 27.95800000 -4.26286457e-01
85.97499999 28.14900000 85.31399999 28.20700000 -3.21372392e-02
85.97499999 28.14900000 85.87699999 27.91000000 -2.54131279e+00
85.97499999 28.14900000 86.71199999 27.81400000 -3.00626351e-02
85.97499999 28.14900000 86.82699999 28.19400000 -9.33235830e-01
86.38699999 28.68700000 86.96699999 28.39200000 -2.93148291e-01
86.38699999 28.68700000 87.05999999 28.58700000 -1.55330498e-01
86.38699999 28.68700000 87.08600000 29.32000000 -4.52465164e-01
86.38699999 28.68700000 86.93999999 28.35700000 -3.23833002e-01
86.38699999 28.68700000 86.01999999 28.30000000 -2.44764342e+00
86.38699999 28.68700000 86.82699999 28.19400000 -5.16411390e-01
86.38699999 28.68700000 85.74100000 29.59100000 -9.55229935e-01
86.94099999 28.35700000 86.82699999 28.19400000 -3.22076360e-01
86.94099999 28.35700000 86.92899999 27.97300000 -4.37801793e-01
86.96699999 28.39200000 87.05999999 28.58700000 -3.61604575e-01
86.96699999 28.39200000 87.76900000 28.53800000 -6.74051854e-01
86.96699999 28.39200000 86.92899999 27.97300000 -4.91403971e-01
86.96699999 28.39200000 87.15499999 28.63000000 -4.62421094e-01
87.05999999 28.58700000 87.08600000 29.32000000 -1.18311267e+00
87.05999999 28.58700000 87.15499999 28.63000000 -8.23804368e-02
87.08600000 29.32000000 85.74100000 29.59100000 -6.66285019e-01
87.18400000 29.26900000 87.57700000 29.11800000 2.80164227e-02
87.18400000 29.26900000 87.15499999 28.63000000 -1.00510883e+00
87.76900000 28.53800000 88.56000000 28.24400000 -2.30464553e+00
87.76900000 28.53800000 88.86500000 29.24900000 -1.07809625e+00
87.76900000 28.53800000 87.57700000 29.11800000 -9.24202279e-01
87.76900000 28.53800000 87.70999999 27.35200000 -4.65780774e+00
87.76900000 28.53800000 86.92899999 27.97300000 -1.11533440e+00
87.76900000 28.53800000 87.15499999 28.63000000 -3.30081577e-01
87.76900000 28.53800000 88.86400000 29.25000000 -1.07821097e+00
88.56000000 28.24400000 88.86500000 29.24900000 -2.93181471e+00
88.56000000 28.24400000 89.15400000 27.72100000 -1.53609148e+00
88.56000000 28.24400000 89.30500000 27.93100000 6.72107564e-01
88.56000000 28.24400000 89.55600000 28.91100000 -7.20286105e-01
88.56000000 28.24400000 89.62700000 28.31500000 2.43504733e+00
88.56000000 28.24400000 88.56900000 27.36500000 -4.94728001e+00
88.56000000 28.24400000 88.91000000 27.49000000 -3.47853180e+00
88.56000000 28.24400000 87.70999999 27.35200000 -4.32027855e+00
88.86500000 29.24900000 89.55600000 28.91100000 -9.55504227e-01
88.86500000 29.24900000 90.15400000 29.44400000 -3.81201617e-02
88.86500000 29.24900000 89.57300000 28.91400000 -9.58100959e-01
88.90600000 27.43700000 89.15400000 27.72100000 -1.28141052e+00
88.90600000 27.43700000 88.56900000 27.36500000 -5.39207209e-01
88.90600000 27.43700000 89.39200000 26.84900000 -2.98236429e-01
88.90600000 27.43700000 89.63500000 27.47200000 -6.93198492e-01
88.90600000 27.43700000 88.70200000 27.02400000 -2.46556062e+00
88.90600000 27.43700000 88.79100000 27.01000000 -2.64604303e+00
88.90600000 27.43700000 88.93600000 26.96500000 -2.59707489e+00
89.15400000 27.72100000 89.30500000 27.93100000 -1.28819215e+00
89.15400000 27.72100000 88.91000000 27.49000000 -1.05277448e+00
89.15400000 27.72100000 89.63500000 27.47200000 -5.13447621e-01
89.30500000 27.93100000 89.62700000 28.31500000 -8.99141747e-01
89.30500000 27.93100000 89.63500000 27.47200000 -2.31513396e+00
89.55600000 28.91100000 89.62700000 28.31500000 -1.92580762e+00
89.55600000 28.91100000 89.91100000 28.61900000 -5.72666822e-01
89.62700000 28.31500000 89.91100000 28.61900000 -1.14640468e+00
89.62700000 28.31500000 90.55800000 28.41900000 -9.06928908e-01
89.62700000 28.31500000 89.63500000 27.47200000 -4.22706830e+00
89.91100000 28.61900000 90.10700000 28.93200000 -9.68328950e-01
89.91100000 28.61900000 90.55800000 28.41900000 2.44523703e-02
89.91100000 28.61900000 89.57300000 28.91400000 -5.97107764e-01
90.10700000 28.93200000 90.15400000 29.44400000 -1.08758224e+00
90.10700000 28.93200000 90.26700000 29.32400000 -8.13674160e-01
90.10700000 28.93200000 90.55800000 28.41900000 -6.81566973e-01
90.10700000 28.93200000 90.95900000 29.27800000 -1.11572837e-01
90.10700000 28.93200000 89.57300000 28.91400000 2.46749067e-01
90.15400000 29.44400000 90.26700000 29.32400000 -1.30674117e-01
90.15400000 29.44400000 78.70400000 33.19100000 3.22013255e-02
90.15400000 29.44400000 89.57300000 28.91400000 -1.71758543e-01
90.15400000 29.44400000 85.74100000 29.59100000 -2.18467982e-01
90.26700000 29.32400000 90.95900000 29.27800000 3.44811411e-01
90.55800000 28.41900000 91.88900000 28.96000000 -8.66277527e-01
90.55800000 28.41900000 91.91000000 27.97100000 3.89359153e-01
90.55800000 28.41900000 89.63500000 27.47200000 -3.03814099e+00
90.55800000 28.41900000 90.95900000 29.27800000 -2.34434192e+00
91.88900000 28.96000000 91.91000000 27.97100000 -1.75091106e+00
91.88900000 28.96000000 92.39900000 28.42200000 1.01868558e+00
91.88900000 28.96000000 93.07300000 29.04400000 -2.25367640e-01
91.88900000 28.96000000 92.43900000 28.43200000 1.17036438e+00
91.88900000 28.96000000 90.95900000 29.27800000 6.53758594e-01
91.91000000 27.97100000 92.39900000 28.42200000 -1.54746401e+00
91.91000000 27.97100000 92.41500000 27.27000000 -5.02528030e+00
91.91000000 27.97100000 89.63500000 27.47200000 -9.00747532e-01
92.39900000 28.42200000 92.41500000 27.27000000 -8.05209265e+00
93.07300000 29.04400000 92.43900000 28.43200000 -1.66473665e+00
93.07300000 29.04400000 92.41500000 27.27000000 -9.21122273e+00
93.07300000 29.04400000 90.95900000 29.27800000 1.03862008e+00
83.95300000 29.17800000 84.04300000 29.53400000 -9.92134741e-01
83.95300000 29.17800000 85.21000000 29.44000000 -9.05924711e-01
83.95300000 29.17800000 83.74300000 28.80500000 -2.61609098e+00
83.95300000 29.17800000 84.41000000 28.37500000 -2.72135934e+00
84.04300000 29.53400000 85.21000000 29.44000000 3.31698022e-01
84.04300000 29.53400000 83.89500000 29.17900000 -1.00808083e+00
86.93999999 28.35700000 86.82699999 28.19400000 -3.20680672e-01
75.36300000 32.56500000 75.88100000 32.30400000 -1.25996876e+00
75.36300000 32.56500000 75.93800000 31.47900000 -4.16512324e+00
75.36300000 32.56500000 75.99300000 32.53600000 -2.46721838e-01
75.36300000 32.56500000 74.34700000 33.39500000 -1.23169078e+00
75.36300000 32.56500000 75.03700000 33.59500000 -2.70472801e-01
75.88100000 32.30400000 75.93800000 31.47900000 -5.80257820e-01
75.88100000 32.30400000 75.99300000 32.53600000 -2.93346813e+00
75.88100000 32.30400000 76.29400000 31.89700000 -2.54144954e+00
75.88100000 32.30400000 76.30700000 32.24800000 2.81504096e-01
75.93800000 31.47900000 76.29400000 31.89700000 2.25404452e+00
75.93800000 31.47900000 76.30700000 31.53800000 8.83276419e-01
75.93800000 31.47900000 77.12600000 28.48200000 -4.84556448e+00
75.93800000 31.47900000 77.63000000 30.27600000 -2.47179869e+00
75.93800000 31.47900000 77.17200000 28.54400000 -4.94989354e+00
75.93800000 31.47900000 73.39100000 33.89500000 6.57366740e-01
75.93800000 31.47900000 74.34700000 33.39500000 -4.75030861e+00
75.99300000 32.53600000 76.30700000 32.24800000 -4.30676854e-01
75.99300000 32.53600000 76.68900000 32.69800000 -7.29634806e-01
75.99300000 32.53600000 75.03700000 33.59500000 -2.19678260e+00
76.29400000 31.89700000 76.30700000 31.53800000 -1.42655648e+00
76.29400000 31.89700000 76.30700000 32.24800000 -3.88172726e+00
76.29400000 31.89700000 76.67300000 31.91900000 -2.96017918e-01
76.30700000 31.53800000 76.67300000 31.91900000 -1.91040396e+00
76.30700000 31.53800000 76.81500000 31.63400000 -8.56543793e-01
76.30700000 31.53800000 77.63000000 30.27600000 4.64012596e-03
76.30700000 32.24800000 76.67300000 31.91900000 -2.57439618e+00
76.30700000 32.24800000 76.68900000 32.69800000 -5.53895706e+00
76.30700000 32.24800000 77.19200000 32.31700000 -1.18383655e+00
76.67300000 31.91900000 76.81500000 31.63400000 -1.02389374e+00
76.67300000 31.91900000 77.10800000 32.06700000 -3.03369207e+00
76.67300000 31.91900000 77.19200000 32.31700000 -5.72501241e+00
76.68900000 32.69800000 77.17500000 32.63400000 2.28149640e+00
76.68900000 32.69800000 77.19200000 32.31700000 -8.94548494e-02
76.68900000 32.69800000 77.42500000 32.79800000 3.69341327e+00
76.68900000 32.69800000 77.60000000 34.12800000 -1.58857729e+00
76.68900000 32.69800000 75.03700000 33.59500000 4.15107129e-01
76.68900000 32.69800000 75.27200000 34.10000000 2.03145045e-01
76.68900000 32.69800000 75.76900000 34.42400000 -1.68062436e-01
76.68900000 32.69800000 76.16200000 34.55900000 -2.82877703e-01
76.81500000 31.63400000 77.10800000 32.06700000 -5.52454140e+00
76.81500000 31.63400000 77.63000000 30.27600000 -9.28981202e-01
76.81500000 31.63400000 78.02100000 30.45900000 6.17129951e-01
76.81500000 31.63400000 78.67600000 30.99700000 2.99858955e+00
77.10800000 32.06700000 77.19200000 32.31700000 -3.02943300e+00
77.10800000 32.06700000 77.92100000 32.36400000 -1.02733061e+00
77.10800000 32.06700000 78.67600000 30.99700000 2.43545251e+00
77.12600000 28.48200000 78.60800001 25.45200000 -1.13330572e-01
77.12600000 28.48200000 79.08000000 29.23000000 -3.68823759e-01
77.12600000 28.48200000 73.39100000 33.89500000 2.53678073e-01
77.17500000 32.63400000 77.19200000 32.31700000 -3.34850990e+00
77.17500000 32.63400000 77.42500000 32.79800000 4.21436984e-01
77.19200000 32.31700000 77.42500000 32.79800000 -4.07335629e+00
77.19200000 32.31700000 77.92100000 32.36400000 8.83436468e-01
77.42500000 32.79800000 77.80800000 33.97200000 1.94479518e+00
77.42500000 32.79800000 77.92100000 32.36400000 -3.07375070e+00
77.42500000 32.79800000 78.66000000 33.20900000 -2.59596470e+00
77.42500000 32.79800000 77.60000000 34.12800000 2.87707683e+00
77.63000000 30.27600000 77.86000000 30.32900000 3.13867927e-02
77.63000000 30.27600000 77.86800000 30.14700000 2.14522496e-01
77.63000000 30.27600000 78.02100000 30.45900000 -1.10258865e+00
77.63000000 30.27600000 77.17200000 28.54400000 -7.41442198e-01
77.80800000 33.97200000 78.66000000 33.20900000 -6.77279384e-01
77.86000000 30.32900000 77.86800000 30.14700000 -2.13999125e-01
77.86000000 30.32900000 77.97400000 30.28500000 5.08470165e-02
77.86000000 30.32900000 78.01400000 30.32900000 -3.52127835e-02
77.86000000 30.32900000 78.02100000 30.45900000 -1.35058049e+00
77.86800000 30.14700000 77.97400000 30.28500000 -2.62905207e-01
77.86800000 30.14700000 77.97900000 30.09500000 2.53021516e-02
77.92100000 32.36400000 78.66000000 33.20900000 1.24801087e+00
77.92100000 32.36400000 78.97300000 32.77900000 -2.47664704e-01
77.92100000 32.36400000 78.67600000 30.99700000 -5.25113517e+00
77.97400000 30.28500000 77.97900000 30.09500000 -2.41268657e-01
77.97400000 30.28500000 78.01400000 30.32900000 -2.27860473e-01
77.97400000 30.28500000 78.18700000 30.19100000 7.40880684e-02
77.97900000 30.09500000 78.18700000 30.19100000 -2.16193045e-01
77.97900000 30.09500000 78.68000000 29.84800000 -1.21468347e-01
77.97900000 30.09500000 77.17200000 28.54400000 -7.68422467e-01
78.01400000 30.32900000 78.02100000 30.45900000 -1.35192496e+00
78.01400000 30.32900000 78.11500000 30.45200000 -1.62113158e+00
78.01400000 30.32900000 78.15500000 30.34200000 -9.49032965e-02
78.01400000 30.32900000 78.18700000 30.19100000 -1.56322050e-02
78.02100000 30.45900000 78.11500000 30.45200000 -3.68619369e-02
78.02100000 30.45900000 78.67600000 30.99700000 -6.33214229e+00
78.11500000 30.45200000 78.15500000 30.34200000 -1.11067730e+00
78.11500000 30.45200000 78.61700000 30.80600000 -3.74347012e+00
78.11500000 30.45200000 78.36500000 30.40400000 -1.02353259e-01
78.15500000 30.34200000 78.18700000 30.19100000 -5.55899018e-01
78.15500000 30.34200000 78.36800000 30.39400000 -9.47950991e-01
78.15500000 30.34200000 78.36500000 30.40400000 -1.06429272e+00
78.18700000 30.19100000 78.36800000 30.39400000 -2.17086859e+00
78.18700000 30.19100000 78.68000000 29.84800000 -1.53411045e-01
78.36800000 30.39400000 78.61700000 30.80600000 -4.69338523e+00
78.36800000 30.39400000 78.68000000 29.84800000 -1.75780321e+00
78.36800000 30.39400000 79.09000000 30.29800000 -6.99963037e-01
78.60800001 25.45200000 80.94300001 26.89100000 -3.10192680e-01
78.60800001 25.45200000 85.92499999 26.71100000 -6.27560016e-01
78.60800001 25.45200000 79.08000000 29.23000000 -7.55744477e-01
78.60800001 25.45200000 91.23700000 25.00000000 1.88466010e-01
78.61700000 30.80600000 78.75400000 31.03700000 -2.90128653e+00
78.61700000 30.80600000 79.09000000 30.29800000 -2.71623384e+00
78.61700000 30.80600000 78.36500000 30.40400000 -4.56296126e+00
78.61700000 30.80600000 78.67600000 30.99700000 -2.45892180e+00
78.61700000 30.80600000 79.21100000 30.48600000 -1.20986499e+00
78.66000000 33.20900000 78.97300000 32.77900000 1.38941556e-01
78.68000000 29.84800000 79.09000000 30.29800000 -4.77978029e+00
78.68000000 29.84800000 77.17200000 28.54400000 -5.49350643e-01
78.68000000 29.84800000 79.08000000 29.23000000 -1.10560647e+00
78.68000000 29.84800000 79.43000000 29.64000000 2.98005172e-02
78.75400000 31.03700000 79.49300000 30.74300000 2.90123508e-01
78.75400000 31.03700000 78.67600000 30.99700000 -3.31586866e-01
78.75400000 31.03700000 79.21100000 30.48600000 -2.55849565e+00
79.09000000 30.29800000 79.19400000 30.32900000 -1.04961407e+00
79.09000000 30.29800000 79.21100000 30.48600000 -3.78474504e+00
79.09000000 30.29800000 79.43000000 29.64000000 -3.49897088e+00
79.19400000 30.32900000 79.21100000 30.48600000 -2.22795408e+00
79.19400000 30.32900000 79.55900000 30.53100000 -5.21213291e-01
79.19400000 30.32900000 79.43000000 29.64000000 -5.21469532e+00
79.19400000 30.32900000 79.77000000 29.82000000 -1.81900547e+00
79.49300000 30.74300000 79.21100000 30.48600000 -1.62015300e+00
79.49300000 30.74300000 79.55900000 30.53100000 -2.19538576e+00
80.24000000 30.06000000 79.55900000 30.53100000 -1.86882477e-02
80.24000000 30.06000000 80.04100000 29.83800000 -4.45417178e+00
80.24000000 30.06000000 79.77000000 29.82000000 -3.93746866e+00
80.24000000 30.06000000 80.34000000 29.76000000 -4.87768294e+00
80.24000000 30.06000000 80.56000000 29.86000000 -1.17981949e+00
80.94300001 26.89100000 80.14800001 28.96300000 -5.37617705e-01
80.94300001 26.89100000 81.11600000 28.61300000 -1.16612393e-01
80.94300001 26.89100000 81.57500000 28.13400000 -9.20293433e-01
80.94300001 26.89100000 82.09500000 28.01000000 2.68402641e-01
80.94300001 26.89100000 82.54000000 27.78600000 -9.51565940e-01
80.94300001 26.89100000 80.58200000 28.75400000 4.01609440e+00
80.94300001 26.89100000 81.61500000 28.04900000 -8.48098941e-01
80.94300001 26.89100000 85.92499999 26.71100000 -1.56832743e-01
80.94300001 26.89100000 79.08000000 29.23000000 -2.93609043e-01
88.56900000 27.36500000 88.91000000 27.49000000 -6.81265209e-01
88.56900000 27.36500000 87.70999999 27.35200000 -1.52146046e+00
88.56900000 27.36500000 88.70200000 27.02400000 -2.08221424e+00
88.56900000 27.36500000 88.50300000 27.08900000 -1.51454377e+00
89.39200000 26.84900000 92.41500000 27.27000000 -1.92045480e+00
89.39200000 26.84900000 89.63500000 27.47200000 -1.37096313e+00
89.39200000 26.84900000 88.73800000 26.75100000 -7.05904388e-01
89.39200000 26.84900000 88.93600000 26.96500000 4.13282054e-01
89.39200000 26.84900000 91.23700000 25.00000000 -2.01189270e+00
92.43900000 28.43200000 92.41500000 27.27000000 -8.18975903e+00
80.14800001 28.96300000 80.63600000 29.01200000 2.18091452e-01
80.14800001 28.96300000 80.58200000 28.75400000 1.20437413e+00
80.14800001 28.96300000 79.08000000 29.23000000 -1.04746171e-01
80.14800001 28.96300000 79.51000001 29.21000000 -7.05183282e-02
80.14800001 28.96300000 80.18000000 29.10000000 -6.21688679e-01
80.60200000 29.33400000 80.72100000 29.52700000 -2.31155340e+00
80.60200000 29.33400000 80.50100000 29.73400000 -3.31593393e+00
80.60200000 29.33400000 80.62600000 29.17700000 -6.38648198e-01
80.60200000 29.33400000 81.20100000 29.47400000 -3.30945225e+00
80.60200000 29.33400000 80.09000000 29.33000000 -3.70418677e-01
80.60200000 29.33400000 80.18000000 29.10000000 -7.20284945e-01
80.60200000 29.33400000 80.23000000 29.59000000 -2.19269959e-01
80.63600000 29.01200000 81.11600000 28.61300000 1.76260048e-01
80.63600000 29.01200000 81.35300000 28.82400000 1.47067085e-01
80.63600000 29.01200000 80.58200000 28.75400000 5.86131615e-01
80.63600000 29.01200000 80.62600000 29.17700000 -4.56664274e-01
80.63600000 29.01200000 81.20100000 29.47400000 -6.41591428e+00
80.63600000 29.01200000 80.18000000 29.10000000 1.20777920e-01
80.72100000 29.52700000 80.50100000 29.73400000 -1.04765897e+00
80.72100000 29.52700000 81.20100000 29.47400000 -4.96048663e-01
80.72100000 29.52700000 80.56000000 29.86000000 -3.72103119e+00
81.11600000 28.61300000 81.35300000 28.82400000 -1.09144929e+00
81.11600000 28.61300000 81.57500000 28.13400000 -8.17545002e-01
81.11600000 28.61300000 81.63400000 28.58300000 -2.34172269e-01
81.11600000 28.61300000 81.69100000 28.40700000 3.78679336e-02
81.11600000 28.61300000 80.58200000 28.75400000 1.75111730e-01
81.35300000 28.82400000 81.63400000 28.58300000 -1.09569806e-01
81.35300000 28.82400000 81.63500000 28.58600000 -9.61945238e-02
81.35300000 28.82400000 81.20100000 29.47400000 -5.54781082e+00
81.35300000 28.82400000 81.71400000 28.65600000 1.46963024e-01
81.35300000 28.82400000 82.19300000 29.27800000 -6.69395491e+00
81.57500000 28.13400000 81.69100000 28.40700000 -4.70426721e-01
81.63400000 28.58300000 81.69100000 28.40700000 -1.91837388e-01
81.63400000 28.58300000 81.71400000 28.65600000 -5.74217349e-01
81.63500000 28.58600000 81.71400000 28.65600000 -5.56763460e-01
81.69100000 28.40700000 82.09500000 28.01000000 -9.34373375e-02
81.69100000 28.40700000 82.34700000 28.24900000 2.68574568e-01
81.69100000 28.40700000 81.59500000 28.11700000 -5.41809454e-01
81.69100000 28.40700000 81.71400000 28.65600000 -8.89711461e-01
82.09500000 28.01000000 82.24700000 28.03000000 8.58243392e-01
82.09500000 28.01000000 82.34700000 28.24900000 -2.68897532e-02
82.09500000 28.01000000 82.54000000 27.78600000 9.06769343e-01
82.09500000 28.01000000 81.59500000 28.11700000 4.60378976e-01
82.09500000 28.01000000 81.61500000 28.04900000 6.11607082e-01
82.24700000 28.03000000 82.34700000 28.24900000 -1.90085642e-01
82.24700000 28.03000000 82.54000000 27.78600000 -7.46171641e-03
82.24700000 28.03000000 82.49100000 27.95100000 -2.08043390e-01
82.24700000 28.03000000 82.57300000 28.06300000 -5.64271739e-01
82.34700000 28.24900000 81.71400000 28.65600000 2.61233065e-01
82.34700000 28.24900000 82.81800000 28.98400000 -9.40938532e+00
82.34700000 28.24900000 82.57300000 28.06300000 -2.95794652e-01
82.50400000 27.95100000 82.54000000 27.78600000 -8.69006655e-01
82.50400000 27.95100000 82.57300000 28.06300000 4.36692815e-01
82.54000000 27.78600000 82.78500000 27.56800000 -5.35110301e-02
82.54000000 27.78600000 82.49100000 27.95100000 -7.49566840e-01
82.54000000 27.78600000 82.57300000 28.06300000 -4.27447226e-01
82.78500000 27.56800000 82.57300000 28.06300000 -6.25557231e-01
82.78500000 27.56800000 83.41800000 27.50700000 -2.14040761e-02
82.78500000 27.56800000 83.55400000 27.87400000 -2.34503107e-01
85.00799999 27.31600000 85.39799999 27.57500000 -9.93199859e-01
85.00799999 27.31600000 84.98499999 27.16600000 5.56774498e-01
85.00799999 27.31600000 85.10799999 27.60800000 -1.12194698e+00
85.00799999 27.31600000 84.43000000 27.67800000 -2.79362390e-01
85.21000000 29.44000000 84.41000000 28.37500000 -4.57690892e+00
85.21000000 29.44000000 85.74100000 29.59100000 -7.35134796e-01
85.22199999 28.01500000 85.32899999 28.17100000 -1.62112804e+00
85.22199999 28.01500000 84.38000000 28.22900000 1.09357956e+00
85.22199999 28.01500000 84.41000000 28.37500000 1.09675790e+00
85.22199999 28.01500000 85.10799999 27.60800000 -4.43771789e+00
85.22199999 28.01500000 85.27899999 27.80100000 -2.71480111e+00
85.22199999 28.01500000 85.31399999 28.20700000 -1.94633229e+00
85.22199999 28.01500000 84.43000000 27.67800000 -3.09085650e+00
85.27999999 27.69300000 85.10799999 27.60800000 -3.15122667e-01
85.27999999 27.69300000 85.27899999 27.80100000 -9.10068377e-01
85.27999999 27.69300000 85.28799999 27.68200000 -3.19031633e-02
85.27999999 27.69300000 85.35799999 27.69700000 -8.47895686e-02
85.32899999 28.17100000 85.27899999 27.80100000 -4.58765202e+00
85.32899999 28.17100000 85.52099999 27.69300000 -4.32264154e+00
85.32899999 28.17100000 85.87699999 27.91000000 -1.13403157e+00
85.39799999 27.57500000 85.79399999 27.74500000 -2.71683165e+00
85.39799999 27.57500000 84.98499999 27.16600000 -5.56888216e-01
85.39799999 27.57500000 85.10799999 27.60800000 -1.67124389e-01
85.39799999 27.57500000 85.28799999 27.68200000 -2.18712832e-01
85.39799999 27.57500000 85.52099999 27.69300000 -6.99633253e-01
85.39799999 27.57500000 85.35799999 27.69700000 -3.14821278e-01
85.39799999 27.57500000 85.92499999 26.71100000 -1.18820884e+00
85.79399999 27.74500000 86.22999999 27.63500000 9.02808577e-02
85.79399999 27.74500000 85.52099999 27.69300000 -1.74297578e+00
85.79399999 27.74500000 85.87699999 27.91000000 -1.97478758e+00
85.79399999 27.74500000 85.92499999 26.71100000 -5.02879908e+00
86.01999999 28.29000000 86.82699999 28.19400000 -1.38957679e+00
86.01999999 28.30000000 85.31399999 28.20700000 1.97551416e-02
86.01999999 28.30000000 86.82699999 28.19400000 -1.40780991e+00
86.22999999 27.63500000 85.87699999 27.91000000 3.92740073e-01
86.22999999 27.63500000 86.54999999 27.30500000 7.41359605e-01
86.22999999 27.63500000 86.71199999 27.81400000 -1.56456690e+00
86.22999999 27.63500000 85.92499999 26.71100000 -7.24479131e+00
86.22999999 27.63500000 86.71499999 27.80300000 -1.50225476e+00
86.22999999 27.63500000 86.72499999 27.68300000 -7.67774515e-01
86.81299999 27.95800000 86.71199999 27.81400000 -2.70157858e-01
86.81299999 27.95800000 86.82299999 27.89400000 -7.97066934e-02
86.81299999 27.95800000 86.82699999 28.19400000 -2.73083918e-01
86.81299999 27.95800000 86.92899999 27.97300000 -2.79596807e-01
87.57700000 29.11800000 87.15499999 28.63000000 -4.65541847e-01
87.57700000 29.11800000 88.86400000 29.25000000 -1.64571753e-01
78.70400000 33.19100000 85.74100000 29.59100000 1.69131621e-01
92.41500000 27.27000000 89.63500000 27.47200000 -7.23757149e-01
92.41500000 27.27000000 91.23700000 25.00000000 -9.14725941e+00
80.50100000 29.73400000 80.23000000 29.59000000 -2.35899054e+00
80.50100000 29.73400000 80.34000000 29.76000000 -7.39287672e-02
80.50100000 29.73400000 80.56000000 29.86000000 -2.33030272e+00
80.62600000 29.17700000 81.20100000 29.47400000 -5.16691896e+00
80.62600000 29.17700000 80.18000000 29.10000000 -4.99301307e-03
81.20100000 29.47400000 81.80700000 29.96900000 -3.94986534e+00
81.20100000 29.47400000 82.19300000 29.27800000 -1.77228275e-01
81.20100000 29.47400000 80.56000000 29.86000000 -1.01754694e+00
81.71400000 28.65600000 82.19300000 29.27800000 -8.18889559e+00
81.71400000 28.65600000 82.81800000 28.98400000 -4.77615458e+00
81.80700000 29.96900000 82.19300000 29.27800000 -2.79432312e+00
82.19300000 29.27800000 82.81800000 28.98400000 1.58633414e+00
82.49100000 27.95100000 82.57300000 28.06300000 4.13359318e-01
82.81800000 28.98400000 83.74300000 28.80500000 2.83959242e-01
82.81800000 28.98400000 83.89500000 29.17900000 -1.02978859e-01
82.81800000 28.98400000 82.57300000 28.06300000 -1.00116428e+01
82.81800000 28.98400000 83.71800000 28.78100000 2.35577531e-01
83.60300000 27.76700000 83.82600000 27.45700000 -1.09874004e-01
83.60300000 27.76700000 84.13000000 27.64800000 1.33985851e-01
83.60300000 27.76700000 83.41800000 27.50700000 3.25287666e-02
83.60300000 27.76700000 83.55400000 27.87400000 -1.54991567e-01
83.60300000 27.76700000 83.97800000 28.19900000 -2.55767490e+00
83.74300000 28.80500000 83.89500000 29.17900000 -2.64528472e+00
83.74300000 28.80500000 83.93600000 28.26000000 -3.39271382e+00
83.74300000 28.80500000 84.41000000 28.37500000 -1.22613001e+00
83.82600000 27.45700000 84.13000000 27.64800000 -4.39875644e-02
83.82600000 27.45700000 84.98499999 27.16600000 -2.65600667e-01
83.82600000 27.45700000 83.41800000 27.50700000 -7.85163433e-02
83.93600000 28.26000000 84.41000000 28.37500000 -2.23442233e+00
83.93600000 28.26000000 83.55400000 27.87400000 -2.80543110e+00
83.93600000 28.26000000 83.71800000 28.78100000 -3.22888892e+00
84.13000000 27.64800000 84.26500000 27.97300000 -1.63319735e+00
84.13000000 27.64800000 84.98499999 27.16600000 -1.83540778e-02
84.13000000 27.64800000 83.97800000 28.19900000 -1.96027651e+00
84.13000000 27.64800000 84.43000000 27.67800000 -1.70585710e-01
84.26500000 27.97300000 84.38000000 28.22900000 -3.45576736e+00
84.26500000 27.97300000 83.97800000 28.19900000 -2.42238811e-01
84.26500000 27.97300000 84.43000000 27.67800000 -6.41384060e-01
84.38000000 28.22900000 84.41000000 28.37500000 -1.12391654e+00
84.38000000 28.22900000 83.97800000 28.19900000 -1.36968625e+00
84.38000000 28.22900000 84.43000000 27.67800000 -3.91217414e+00
84.41000000 28.37500000 85.31399999 28.20700000 7.10914907e-01
84.41000000 28.37500000 83.97800000 28.19900000 -2.91756722e+00
84.98499999 27.16600000 84.43000000 27.67800000 -1.98893866e-01
84.98499999 27.16600000 85.92499999 26.71100000 -1.15660218e+00
85.10799999 27.60800000 85.27899999 27.80100000 -1.22814103e+00
85.10799999 27.60800000 85.28799999 27.68200000 -2.80578187e-01
85.10799999 27.60800000 84.43000000 27.67800000 3.48746135e-02
85.27899999 27.80100000 85.52099999 27.69300000 -4.97969146e-01
85.27899999 27.80100000 85.35799999 27.69700000 -6.63215840e-01
85.28799999 27.68200000 85.35799999 27.69700000 -9.62573255e-02
85.52099999 27.69300000 85.87699999 27.91000000 -3.88237676e+00
85.52099999 27.69300000 85.35799999 27.69700000 -3.42501457e-01
86.54999999 27.30500000 86.59699999 26.99100000 -1.76816655e+00
86.54999999 27.30500000 85.92499999 26.71100000 -7.57501331e+00
86.54999999 27.30500000 86.72499999 27.68300000 -1.93020032e+00
86.54999999 27.30500000 87.20599999 27.38000000 -1.21260404e+00
86.59699999 26.99100000 87.39199999 26.86600000 -1.57247662e+00
86.59699999 26.99100000 85.92499999 26.71100000 -3.87110827e+00
86.59699999 26.99100000 87.20599999 27.38000000 -1.79665833e+00
86.71199999 27.81400000 86.82299999 27.89400000 -2.60918715e-01
87.39199999 26.86600000 87.70999999 27.35200000 -2.33564425e+00
87.39199999 26.86600000 88.18500000 26.88300000 -1.53892455e+00
87.39199999 26.86600000 88.35000000 26.71100000 -5.02986387e-01
87.39199999 26.86600000 85.92499999 26.71100000 -1.88113602e+00
87.39199999 26.86600000 87.20599999 27.38000000 -4.73203025e+00
87.70999999 27.35200000 88.40000000 26.98000000 -3.59826452e+00
87.70999999 27.35200000 88.18500000 26.88300000 -4.51976800e+00
87.70999999 27.35200000 86.92899999 27.97300000 -2.83462356e+00
87.70999999 27.35200000 87.20599999 27.38000000 1.82990954e-01
87.70999999 27.35200000 88.50300000 27.08900000 -2.86965621e+00
77.60000000 34.12800000 76.16200000 34.55900000 -5.60602680e-01
88.40000000 26.98000000 88.18500000 26.88300000 3.29486538e-01
88.40000000 26.98000000 88.35000000 26.71100000 -6.87182753e-01
88.40000000 26.98000000 88.56900000 26.88900000 -3.00431605e-01
88.40000000 26.98000000 88.50300000 27.08900000 -8.34871991e-01
88.68000000 27.00000000 88.56900000 26.88900000 -6.90126661e-01
88.68000000 27.00000000 88.70200000 27.02400000 -2.46977544e-01
88.68000000 27.00000000 88.75300000 26.88100000 -5.88564990e-01
88.68000000 27.00000000 88.79100000 27.01000000 -9.20879773e-02
88.68000000 27.00000000 88.50300000 27.08900000 -4.01333573e-01
88.18500000 26.88300000 88.35000000 26.71100000 -1.03030356e+00
88.35000000 26.71100000 88.56900000 26.88900000 -1.05627494e-01
88.35000000 26.71100000 88.73800000 26.75100000 -1.60251763e-02
88.35000000 26.71100000 85.92499999 26.71100000 6.02170933e-01
88.35000000 26.71100000 91.23700000 25.00000000 -1.02791161e+00
88.56900000 26.88900000 88.73800000 26.75100000 -4.26199019e-01
88.56900000 26.88900000 88.75300000 26.88100000 -2.27622864e-01
88.56900000 26.88900000 88.50300000 27.08900000 -1.36536563e+00
88.70200000 27.02400000 88.79100000 27.01000000 -1.82141362e-02
88.70200000 27.02400000 88.50300000 27.08900000 -2.55055759e-01
88.73800000 26.75100000 88.75300000 26.88100000 -1.18507535e-01
88.73800000 26.75100000 88.93600000 26.96500000 -7.93013424e-01
88.73800000 26.75100000 91.23700000 25.00000000 -1.02914863e+00
88.75300000 26.88100000 88.79100000 27.01000000 -8.80405975e-01
88.75300000 26.88100000 88.93600000 26.96500000 -5.67964606e-01
88.79100000 27.01000000 88.93600000 26.96500000 -2.38213431e-02
77.17200000 28.54400000 79.08000000 29.23000000 -3.48027656e-01
79.21100000 30.48600000 79.55900000 30.53100000 1.75511719e+00
79.55900000 30.53100000 79.77000000 29.82000000 -7.09171334e+00
79.62000000 29.63800000 79.43000000 29.64000000 1.27233014e-01
79.62000000 29.63800000 79.65000000 29.59000000 7.56223738e-02
79.62000000 29.63800000 79.77000000 29.82000000 -1.88984120e+00
80.04100000 29.83800000 79.77000000 29.82000000 -4.30102797e-01
80.04100000 29.83800000 79.90000000 29.78000000 -9.31715615e-01
80.04100000 29.83800000 80.23000000 29.59000000 -1.35670002e+00
80.04100000 29.83800000 80.34000000 29.76000000 4.52052020e-02
82.57300000 28.06300000 83.55400000 27.87400000 4.09337110e-01
82.57300000 28.06300000 83.71800000 28.78100000 -4.82358136e+00
83.41800000 27.50700000 83.55400000 27.87400000 -4.20420202e-01
83.55400000 27.87400000 83.71800000 28.78100000 -6.55099576e+00
83.55400000 27.87400000 83.97800000 28.19900000 -2.24510503e+00
85.92499999 26.71100000 91.23700000 25.00000000 1.50161295e-01
86.71499999 27.80300000 86.72499999 27.68300000 -1.90542130e-01
86.71499999 27.80300000 86.82299999 27.89400000 -2.54621318e-01
86.72499999 27.68300000 86.82299999 27.89400000 -3.40556155e-01
86.72499999 27.68300000 87.20599999 27.38000000 -1.75300290e+00
86.82299999 27.89400000 86.92899999 27.97300000 -2.27299706e-01
86.82299999 27.89400000 87.20599999 27.38000000 -2.15257474e+00
86.82699999 28.19400000 86.92899999 27.97300000 -3.30183593e-01
86.92899999 27.97300000 87.20599999 27.38000000 -2.16845445e+00
79.08000000 29.23000000 79.43000000 29.64000000 2.46451433e-01
79.08000000 29.23000000 79.51000001 29.21000000 -5.78175091e-02
79.43000000 29.64000000 79.51000001 29.21000000 5.96736948e-01
79.43000000 29.64000000 79.65000000 29.59000000 2.93831371e-01
79.43000000 29.64000000 79.77000000 29.82000000 -1.40622858e+00
79.51000001 29.21000000 79.65000000 29.59000000 -5.26567420e-01
79.51000001 29.21000000 80.09000000 29.33000000 -8.91269622e-01
79.51000001 29.21000000 80.18000000 29.10000000 6.18834886e-01
79.65000000 29.59000000 79.77000000 29.82000000 -2.04975499e+00
79.65000000 29.59000000 79.90000000 29.78000000 -1.92752746e+00
79.65000000 29.59000000 80.09000000 29.33000000 -2.63863637e-01
79.77000000 29.82000000 79.90000000 29.78000000 4.68305609e-02
79.90000000 29.78000000 80.09000000 29.33000000 -1.61737003e+00
79.90000000 29.78000000 80.23000000 29.59000000 -1.28395963e-01
80.09000000 29.33000000 80.18000000 29.10000000 -4.84733018e-02
80.09000000 29.33000000 80.23000000 29.59000000 -1.47726104e+00
80.23000000 29.59000000 80.34000000 29.76000000 -2.49286626e+00
80.34000000 29.76000000 80.56000000 29.86000000 -1.57228039e+00
73.24900000 34.42000000 73.39100000 33.89500000 6.87364721e-03
73.24900000 34.42000000 73.65300000 33.97800000 2.01112046e-03
73.24900000 34.42000000 73.93500000 33.93000000 1.79004067e-03
73.24900000 34.42000000 74.48400000 34.09500000 -4.95026738e-01
73.24900000 34.42000000 74.97400000 34.35300000 1.26925228e-01
73.39100000 33.89500000 73.65300000 33.97800000 -4.04486382e-03
73.39100000 33.89500000 73.75200000 33.87100000 -1.58635443e-02
73.39100000 33.89500000 74.34700000 33.39500000 2.60471274e-01
73.65300000 33.97800000 73.75200000 33.87100000 -4.20097724e-03
73.65300000 33.97800000 73.93500000 33.93000000 -2.29363097e-03
73.75200000 33.87100000 73.93500000 33.93000000 6.19801263e-03
73.75200000 33.87100000 74.34700000 33.39500000 3.35440701e-01
73.93500000 33.93000000 74.34700000 33.39500000 3.83938937e-01
73.93500000 33.93000000 74.48400000 34.09500000 1.55552512e-01
73.93500000 33.93000000 74.59300000 33.99300000 -2.77834360e-01
74.34700000 33.39500000 74.59300000 33.99300000 1.59984064e+00
74.34700000 33.39500000 75.03700000 33.59500000 4.02272102e-01
74.48400000 34.09500000 74.59300000 33.99300000 -4.89842819e-01
74.48400000 34.09500000 74.81700000 34.10900000 -1.89136566e-02
74.48400000 34.09500000 74.83700000 34.13000000 2.87308375e-02
74.48400000 34.09500000 74.97400000 34.35300000 4.47755177e-02
74.59300000 33.99300000 74.81700000 34.10900000 3.99523622e-02
74.59300000 33.99300000 75.03700000 33.59500000 8.18862348e-01
74.81700000 34.10900000 74.83700000 34.13000000 -4.27167026e-02
74.81700000 34.10900000 74.88900000 34.12000000 7.93306652e-02
74.81700000 34.10900000 75.03700000 33.59500000 4.52938144e-01
74.83700000 34.13000000 74.88900000 34.12000000 1.01190103e-01
74.83700000 34.13000000 74.97400000 34.35300000 -3.26650604e-01
74.83700000 34.13000000 75.04500000 34.22700000 -2.40268145e-02
74.88900000 34.12000000 75.03700000 33.59500000 1.92970391e-01
74.88900000 34.12000000 75.04500000 34.22700000 -1.09612414e-01
74.88900000 34.12000000 75.27200000 34.10000000 3.42433274e-01
74.97400000 34.35300000 75.04500000 34.22700000 6.09524173e-03
74.97400000 34.35300000 75.32500000 34.29200000 1.91166791e-01
74.97400000 34.35300000 75.76900000 34.42400000 8.52843523e-02
75.03700000 33.59500000 75.27200000 34.10000000 -4.77493430e-01
75.04500000 34.22700000 75.27200000 34.10000000 2.38461128e-01
75.04500000 34.22700000 75.32500000 34.29200000 2.97450911e-02
75.27200000 34.10000000 75.32500000 34.29200000 -8.66416420e-02
75.27200000 34.10000000 75.76900000 34.42400000 -2.35645688e-01
75.32500000 34.29200000 75.76900000 34.42400000 -8.10357080e-02
75.76900000 34.42400000 76.16200000 34.55900000 -1.99622451e-01
