79.09800000 31.88700000 79.81400000 31.49800000 2.88219514e-01
79.09800000 31.88700000 80.29300000 31.71100000 -2.09919178e-01
79.09800000 31.88700000 77.92100000 32.36400000 -1.24862849e+00
79.09800000 31.88700000 78.75400000 31.03700000 -3.54801868e+00
79.09800000 31.88700000 78.97300000 32.77900000 -1.53826239e+00
79.09800000 31.88700000 78.67600000 30.99700000 -3.90944006e+00
79.81400000 31.49800000 80.29300000 31.71100000 -6.19591845e-01
79.81400000 31.49800000 80.42900000 30.96100000 -3.44156922e-02
79.81400000 31.49800000 78.75400000 31.03700000 -2.52243221e+00
79.81400000 31.49800000 79.49300000 30.74300000 -2.61866081e+00
80.29300000 31.71100000 80.42900000 30.96100000 -4.14413804e-02
80.29300000 31.71100000 81.42800000 30.83700000 -1.78428679e-01
80.29300000 31.71100000 78.97300000 32.77900000 3.59588886e-01
80.42900000 30.96100000 81.17600000 30.29000000 -5.76296217e-01
80.42900000 30.96100000 81.42800000 30.83700000 -2.35988819e-01
80.42900000 30.96100000 79.49300000 30.74300000 -1.87844454e+00
80.42900000 30.96100000 80.24000000 30.06000000 -7.72827975e+00
80.42900000 30.96100000 79.55900000 30.53100000 -4.17182687e+00
81.17600000 30.29000000 81.42800000 30.83700000 -1.31838688e+00
81.17600000 30.29000000 81.85600000 30.71600000 -1.22612470e+00
81.17600000 30.29000000 80.24000000 30.06000000 -3.48216859e+00
81.17600000 30.29000000 81.20100000 29.47400000 -6.37783572e+00
81.17600000 30.29000000 81.80700000 29.96900000 1.59254871e-02
81.17600000 30.29000000 80.56000000 29.86000000 -6.41549415e+00
81.42800000 30.83700000 81.85600000 30.71600000 6.69811566e-03
81.85600000 30.71600000 82.83200000 30.38900000 -4.36458055e-02
81.85600000 30.71600000 81.80700000 29.96900000 -9.55686505e-01
82.83200000 30.38900000 83.24000000 29.80000000 -6.40127949e-01
82.83200000 30.38900000 84.03900000 29.72100000 -8.87100158e-01
82.83200000 30.38900000 81.80700000 29.96900000 -8.09845477e-01
82.83200000 30.38900000 82.19300000 29.27800000 -4.13080473e+00
82.83200000 30.38900000 85.74100000 29.59100000 7.42268739e-01
83.24000000 29.80000000 84.03900000 29.72100000 4.35003906e-02
83.24000000 29.80000000 84.04300000 29.53400000 -2.46182286e-01
83.24000000 29.80000000 82.19300000 29.27800000 -2.83002344e+00
83.24000000 29.80000000 82.81800000 28.98400000 -3.98569381e+00
83.24000000 29.80000000 83.89500000 29.17900000 -1.89648209e+00
84.03900000 29.72100000 84.15600000 29.68000000 4.40235027e-02
84.03900000 29.72100000 84.04300000 29.53400000 -7.13218464e-01
84.03900000 29.72100000 85.74100000 29.59100000 1.10049059e+00
84.15600000 29.68000000 84.04300000 29.53400000 -5.34610837e-01
84.15600000 29.68000000 85.21000000 29.44000000 9.65478143e-01
84.15600000 29.68000000 85.74100000 29.59100000 9.82738821e-01
85.44200000 28.95900000 85.64000000 29.44100000 -5.77794952e-01
85.44200000 28.95900000 86.38699999 28.68700000 -4.42285183e-02
85.44200000 28.95900000 85.21000000 29.44000000 -4.62874359e-03
85.44200000 28.95900000 86.01999999 28.30000000 -9.22338734e-01
85.44200000 28.95900000 84.41000000 28.37500000 -2.71967977e+00
85.44200000 28.95900000 85.31399999 28.20700000 -9.09856714e-01
85.64000000 29.44100000 86.38699999 28.68700000 -2.97357560e-01
85.64000000 29.44100000 85.21000000 29.44000000 1.30201352e-01
85.64000000 29.44100000 85.74100000 29.59100000 -1.23225902e-01
85.97499999 28.14900000 85.32899999 28.17100000 8.48505842e-01
85.97499999 28.14900000 86.01999999 28.29000000 -4.58012305e-01
85.97499999 28.14900000 86.01999999 28.30000000 -4.87492651e-01
85.97499999 28.14900000 86.22999999 27.63500000 -1.73965595e+00
85.97499999 28.14900000 86.81299999 27.95800000 -3.10884111e-01
85.97499999 28.14900000 85.31399999 28.20700000 7.04192686e-01
85.97499999 28.14900000 85.87699999 27.91000000 -8.15495883e-02
85.97499999 28.14900000 86.71199999 27.81400000 -4.30102571e-01
85.97499999 28.14900000 86.82699999 28.19400000 -4.49280489e-01
86.38699999 28.68700000 86.96699999 28.39200000 -9.57695150e-01
86.38699999 28.68700000 87.05999999 28.58700000 -9.89303542e-01
86.38699999 28.68700000 87.08600000 29.32000000 -1.44599927e+00
86.38699999 28.68700000 86.93999999 28.35700000 -9.82924732e-01
86.38699999 28.68700000 86.01999999 28.30000000 -1.00646864e+00
86.38699999 28.68700000 86.82699999 28.19400000 -1.21321337e+00
86.38699999 28.68700000 85.74100000 29.59100000 -3.57898862e-01
86.94099999 28.35700000 86.82699999 28.19400000 -4.91532573e-01
86.94099999 28.35700000 86.92899999 27.97300000 -1.07935642e+00
86.96699999 28.39200000 87.05999999 28.58700000 -3.68878201e-01
86.96699999 28.39200000 87.76900000 28.53800000 -8.18011561e-01
86.96699999 28.39200000 86.92899999 27.97300000 -1.18358207e+00
86.96699999 28.39200000 87.15499999 28.63000000 -4.69039325e-01
87.05999999 28.58700000 87.08600000 29.32000000 -1.19109016e+00
87.05999999 28.58700000 87.15499999 28.63000000 -1.46753883e-01
87.08600000 29.32000000 85.74100000 29.59100000 -8.47984138e-01
87.18400000 29.26900000 87.57700000 29.11800000 -5.15091734e-01
87.18400000 29.26900000 87.15499999 28.63000000 -1.11164539e+00
87.76900000 28.53800000 88.56000000 28.24400000 -5.86958575e-01
87.76900000 28.53800000 88.86500000 29.24900000 -6.40481018e-01
87.76900000 28.53800000 87.57700000 29.11800000 -1.77819409e+00
87.76900000 28.53800000 87.70999999 27.35200000 -4.31650948e+00
87.76900000 28.53800000 86.92899999 27.97300000 -1.13144993e+00
87.76900000 28.53800000 87.15499999 28.63000000 -8.08774029e-01
87.76900000 28.53800000 88.86400000 29.25000000 -6.41630725e-01
88.56000000 28.24400000 88.86500000 29.24900000 -2.59957518e+00
88.56000000 28.24400000 89.15400000 27.72100000 -9.35431890e-01
88.56000000 28.24400000 89.30500000 27.93100000 4.13267986e-01
88.56000000 28.24400000 89.55600000 28.91100000 -1.37462877e+00
88.56000000 28.24400000 89.62700000 28.31500000 -1.29951575e-01
88.56000000 28.24400000 88.56900000 27.36500000 -4.26141280e+00
88.56000000 28.24400000 88.91000000 27.49000000 -2.31858472e+00
88.56000000 28.24400000 87.70999999 27.35200000 -2.68319198e+00
88.86500000 29.24900000 89.55600000 28.91100000 -3.73813118e-01
88.86500000 29.24900000 90.15400000 29.44400000 2.31178112e-01
88.86500000 29.24900000 89.57300000 28.91400000 -3.59890831e-01
88.90600000 27.43700000 89.15400000 27.72100000 -9.29884114e-01
88.90600000 27.43700000 88.56900000 27.36500000 -1.79532646e-01
88.90600000 27.43700000 89.39200000 26.84900000 -2.49360889e+00
88.90600000 27.43700000 89.63500000 27.47200000 -2.53976677e-01
88.90600000 27.43700000 88.70200000 27.02400000 -2.51673245e+00
88.90600000 27.43700000 88.79100000 27.01000000 -3.05695190e+00
88.90600000 27.43700000 88.93600000 26.96500000 -3.83916252e+00
89.15400000 27.72100000 89.30500000 27.93100000 -1.53275026e+00
89.15400000 27.72100000 88.91000000 27.49000000 -3.05088521e-01
89.15400000 27.72100000 89.63500000 27.47200000 -1.18052361e-01
89.30500000 27.93100000 89.62700000 28.31500000 -1.79318860e+00
89.30500000 27.93100000 89.63500000 27.47200000 -1.43202422e+00
89.55600000 28.91100000 89.62700000 28.31500000 -1.41369778e+00
89.55600000 28.91100000 89.91100000 28.61900000 -4.61081174e-01
89.62700000 28.31500000 89.91100000 28.61900000 -7.36388356e-01
89.62700000 28.31500000 90.55800000 28.41900000 -2.83884243e-01
89.62700000 28.31500000 89.63500000 27.47200000 -3.41904132e+00
89.91100000 28.61900000 90.10700000 28.93200000 -6.04777522e-01
89.91100000 28.61900000 90.55800000 28.41900000 -2.01262605e-01
89.91100000 28.61900000 89.57300000 28.91400000 -4.83655156e-01
90.10700000 28.93200000 90.15400000 29.44400000 -7.86446187e-01
90.10700000 28.93200000 90.26700000 29.32400000 -5.77659330e-01
90.10700000 28.93200000 90.55800000 28.41900000 -9.94572941e-01
90.10700000 28.93200000 90.95900000 29.27800000 -6.80303981e-02
90.10700000 28.93200000 89.57300000 28.91400000 2.08781437e-02
90.15400000 29.44400000 90.26700000 29.32400000 -1.36679024e-01
90.15400000 29.44400000 78.70400000 33.19100000 4.22153465e-02
90.15400000 29.44400000 89.57300000 28.91400000 -4.16193000e-01
90.15400000 29.44400000 85.74100000 29.59100000 -1.58242804e+00
90.26700000 29.32400000 90.95900000 29.27800000 1.62511858e-01
90.55800000 28.41900000 91.88900000 28.96000000 -2.01631016e-01
90.55800000 28.41900000 91.91000000 27.97100000 3.20430540e-01
90.55800000 28.41900000 89.63500000 27.47200000 -3.94758869e+00
90.55800000 28.41900000 90.95900000 29.27800000 -1.78546096e+00
91.88900000 28.96000000 91.91000000 27.97100000 -2.41975002e+00
91.88900000 28.96000000 92.39900000 28.42200000 8.95501372e-02
91.88900000 28.96000000 93.07300000 29.04400000 -2.50018956e-02
91.88900000 28.96000000 92.43900000 28.43200000 1.98902766e-01
91.88900000 28.96000000 90.95900000 29.27800000 5.22876517e-01
91.91000000 27.97100000 92.39900000 28.42200000 -1.35470355e+00
91.91000000 27.97100000 92.41500000 27.27000000 -5.09115694e+00
91.91000000 27.97100000 89.63500000 27.47200000 -2.21908514e+00
92.39900000 28.42200000 92.41500000 27.27000000 -8.00599811e+00
93.07300000 29.04400000 92.43900000 28.43200000 -1.28712674e+00
93.07300000 29.04400000 92.41500000 27.27000000 -8.95483757e+00
93.07300000 29.04400000 90.95900000 29.27800000 8.61218747e-01
83.95300000 29.17800000 84.04300000 29.53400000 -1.48539625e+00
83.95300000 29.17800000 85.21000000 29.44000000 -1.32621345e-01
83.95300000 29.17800000 83.74300000 28.80500000 -3.05077959e+00
83.95300000 29.17800000 84.41000000 28.37500000 -2.37985567e+00
84.04300000 29.53400000 85.21000000 29.44000000 8.51108152e-01
84.04300000 29.53400000 83.89500000 29.17900000 -1.46927048e+00
86.93999999 28.35700000 86.82699999 28.19400000 -4.91604973e-01
75.36300000 32.56500000 75.88100000 32.30400000 2.52537560e-01
75.36300000 32.56500000 75.93800000 31.47900000 -2.97699821e+00
75.36300000 32.56500000 75.99300000 32.53600000 -9.65159343e-01
75.36300000 32.56500000 74.34700000 33.39500000 -1.23715203e+00
75.36300000 32.56500000 75.03700000 33.59500000 -3.65491649e+00
75.88100000 32.30400000 75.93800000 31.47900000 -2.49910214e+00
75.88100000 32.30400000 75.99300000 32.53600000 -6.45778728e+00
75.88100000 32.30400000 76.29400000 31.89700000 -7.31985325e-01
75.88100000 32.30400000 76.30700000 32.24800000 -1.60150905e-02
75.93800000 31.47900000 76.29400000 31.89700000 -1.29322774e+00
75.93800000 31.47900000 76.30700000 31.53800000 -2.97961296e-02
75.93800000 31.47900000 77.12600000 28.48200000 -1.24282142e+00
75.93800000 31.47900000 77.63000000 30.27600000 -4.51578291e+00
75.93800000 31.47900000 77.17200000 28.54400000 -1.14982604e+00
75.93800000 31.47900000 73.39100000 33.89500000 8.54865231e-01
75.93800000 31.47900000 74.34700000 33.39500000 -4.10804404e+00
75.99300000 32.53600000 76.30700000 32.24800000 -1.44812054e+00
75.99300000 32.53600000 76.68900000 32.69800000 -3.59054388e+00
75.99300000 32.53600000 75.03700000 33.59500000 1.32094466e-01
76.29400000 31.89700000 76.30700000 31.53800000 -1.17289889e+00
76.29400000 31.89700000 76.30700000 32.24800000 -3.26894885e+00
76.29400000 31.89700000 76.67300000 31.91900000 -1.69042642e+00
76.30700000 31.53800000 76.67300000 31.91900000 -3.47572747e+00
76.30700000 31.53800000 76.81500000 31.63400000 -2.32232051e+00
76.30700000 31.53800000 77.63000000 30.27600000 -3.07401850e+00
76.30700000 32.24800000 76.67300000 31.91900000 -1.76549449e+00
76.30700000 32.24800000 76.68900000 32.69800000 -1.02524398e+01
76.30700000 32.24800000 77.19200000 32.31700000 -5.41212368e+00
76.67300000 31.91900000 76.81500000 31.63400000 -1.13207246e+00
76.67300000 31.91900000 77.10800000 32.06700000 -6.45034707e+00
76.67300000 31.91900000 77.19200000 32.31700000 -9.79585541e+00
76.68900000 32.69800000 77.17500000 32.63400000 9.25385661e-01
76.68900000 32.69800000 77.19200000 32.31700000 -5.19547471e-01
76.68900000 32.69800000 77.42500000 32.79800000 2.51967681e+00
76.68900000 32.69800000 77.60000000 34.12800000 -3.57519874e+00
76.68900000 32.69800000 75.03700000 33.59500000 1.19077669e+00
76.68900000 32.69800000 75.27200000 34.10000000 9.74112979e-01
76.68900000 32.69800000 75.76900000 34.42400000 1.12619035e-01
76.68900000 32.69800000 76.16200000 34.55900000 -5.01427267e-01
76.81500000 31.63400000 77.10800000 32.06700000 -8.84102029e+00
76.81500000 31.63400000 77.63000000 30.27600000 -8.06621912e-01
76.81500000 31.63400000 78.02100000 30.45900000 -3.92047883e+00
76.81500000 31.63400000 78.67600000 30.99700000 -3.03042010e+00
77.10800000 32.06700000 77.19200000 32.31700000 -3.67209780e+00
77.10800000 32.06700000 77.92100000 32.36400000 -2.53780531e+00
77.10800000 32.06700000 78.67600000 30.99700000 -7.11135131e-01
77.12600000 28.48200000 78.60800001 25.45200000 -2.33599363e-01
77.12600000 28.48200000 79.08000000 29.23000000 -2.60914964e-01
77.12600000 28.48200000 73.39100000 33.89500000 2.52905605e-01
77.17500000 32.63400000 77.19200000 32.31700000 -3.38827444e+00
77.17500000 32.63400000 77.42500000 32.79800000 7.66101322e-01
77.19200000 32.31700000 77.42500000 32.79800000 -4.05090937e+00
77.19200000 32.31700000 77.92100000 32.36400000 -4.01468786e-01
77.42500000 32.79800000 77.80800000 33.97200000 -6.37248495e-01
77.42500000 32.79800000 77.92100000 32.36400000 -4.28460723e+00
77.42500000 32.79800000 78.66000000 33.20900000 -3.01262360e+00
77.42500000 32.79800000 77.60000000 34.12800000 1.92117206e-01
77.63000000 30.27600000 77.86000000 30.32900000 1.37171527e+00
77.63000000 30.27600000 77.86800000 30.14700000 -1.78712351e+00
77.63000000 30.27600000 78.02100000 30.45900000 9.87237448e-01
77.63000000 30.27600000 77.17200000 28.54400000 6.25101064e-01
77.80800000 33.97200000 78.66000000 33.20900000 -1.21580580e+00
77.86000000 30.32900000 77.86800000 30.14700000 1.31497354e+00
77.86000000 30.32900000 77.97400000 30.28500000 -4.60407026e-01
77.86000000 30.32900000 78.01400000 30.32900000 -2.73187339e-01
77.86000000 30.32900000 78.02100000 30.45900000 -1.58131245e+00
77.86800000 30.14700000 77.97400000 30.28500000 1.91700603e+00
77.86800000 30.14700000 77.97900000 30.09500000 -1.12329503e+00
77.92100000 32.36400000 78.66000000 33.20900000 -1.06270031e+00
77.92100000 32.36400000 78.97300000 32.77900000 -8.07229398e-01
77.92100000 32.36400000 78.67600000 30.99700000 -5.89277142e+00
77.97400000 30.28500000 77.97900000 30.09500000 -1.00147439e-01
77.97400000 30.28500000 78.01400000 30.32900000 -2.46368275e-01
77.97400000 30.28500000 78.18700000 30.19100000 -8.70677186e-01
77.97900000 30.09500000 78.18700000 30.19100000 2.84843210e-01
77.97900000 30.09500000 78.68000000 29.84800000 -1.28793419e+00
77.97900000 30.09500000 77.17200000 28.54400000 2.63396312e+00
78.01400000 30.32900000 78.02100000 30.45900000 -2.23667624e+00
78.01400000 30.32900000 78.11500000 30.45200000 -2.05550377e+00
78.01400000 30.32900000 78.15500000 30.34200000 -3.12567863e-01
78.01400000 30.32900000 78.18700000 30.19100000 -1.06609337e+00
78.02100000 30.45900000 78.11500000 30.45200000 -1.46536222e-01
78.02100000 30.45900000 78.67600000 30.99700000 -5.78741063e+00
78.11500000 30.45200000 78.15500000 30.34200000 -2.05746062e+00
78.11500000 30.45200000 78.61700000 30.80600000 -4.10680642e+00
78.11500000 30.45200000 78.36500000 30.40400000 -7.10132361e-01
78.15500000 30.34200000 78.18700000 30.19100000 -1.12244161e+00
78.15500000 30.34200000 78.36800000 30.39400000 -1.02406233e+00
78.15500000 30.34200000 78.36500000 30.40400000 -1.12034419e+00
78.18700000 30.19100000 78.36800000 30.39400000 -2.27269000e+00
78.18700000 30.19100000 78.68000000 29.84800000 -1.08363884e+00
78.36800000 30.39400000 78.61700000 30.80600000 -5.50475685e+00
78.36800000 30.39400000 78.68000000 29.84800000 -3.08366578e+00
78.36800000 30.39400000 79.09000000 30.29800000 -8.88492886e-01
78.60800001 25.45200000 80.94300001 26.89100000 4.07105059e-01
78.60800001 25.45200000 85.92499999 26.71100000 -1.98003873e+00
78.60800001 25.45200000 79.08000000 29.23000000 -1.36729657e-01
78.60800001 25.45200000 91.23700000 25.00000000 -5.35446799e-01
78.61700000 30.80600000 78.75400000 31.03700000 -2.18785797e+00
78.61700000 30.80600000 79.09000000 30.29800000 -4.06129878e+00
78.61700000 30.80600000 78.36500000 30.40400000 -5.34813074e+00
78.61700000 30.80600000 78.67600000 30.99700000 -1.99546948e+00
78.61700000 30.80600000 79.21100000 30.48600000 -1.63613353e+00
78.66000000 33.20900000 78.97300000 32.77900000 -5.04844012e-02
78.68000000 29.84800000 79.09000000 30.29800000 -4.07515285e+00
78.68000000 29.84800000 77.17200000 28.54400000 6.91754834e-04
78.68000000 29.84800000 79.08000000 29.23000000 -1.38617736e+00
78.68000000 29.84800000 79.43000000 29.64000000 3.63757944e-02
78.75400000 31.03700000 79.49300000 30.74300000 2.87002312e-01
78.75400000 31.03700000 78.67600000 30.99700000 -1.86679435e-01
78.75400000 31.03700000 79.21100000 30.48600000 -3.64629755e+00
79.09000000 30.29800000 79.19400000 30.32900000 -7.17064279e-01
79.09000000 30.29800000 79.21100000 30.48600000 -4.09544968e+00
79.09000000 30.29800000 79.43000000 29.64000000 -4.55738670e+00
79.19400000 30.32900000 79.21100000 30.48600000 -2.96685861e+00
79.19400000 30.32900000 79.55900000 30.53100000 -2.06157690e+00
79.19400000 30.32900000 79.43000000 29.64000000 -6.03736857e+00
79.19400000 30.32900000 79.77000000 29.82000000 -2.46148288e+00
79.49300000 30.74300000 79.21100000 30.48600000 -2.69615263e+00
79.49300000 30.74300000 79.55900000 30.53100000 -2.59134868e+00
80.24000000 30.06000000 79.55900000 30.53100000 -6.19003006e-01
80.24000000 30.06000000 80.04100000 29.83800000 -5.69494383e+00
80.24000000 30.06000000 79.77000000 29.82000000 -4.52625838e+00
80.24000000 30.06000000 80.34000000 29.76000000 -5.47294071e+00
80.24000000 30.06000000 80.56000000 29.86000000 -1.70387477e-01
80.94300001 26.89100000 80.14800001 28.96300000 -1.34983850e-01
80.94300001 26.89100000 81.11600000 28.61300000 1.47706603e-01
80.94300001 26.89100000 81.57500000 28.13400000 -6.16621354e-01
80.94300001 26.89100000 82.09500000 28.01000000 8.90906167e-01
80.94300001 26.89100000 82.54000000 27.78600000 -2.60341999e-01
80.94300001 26.89100000 80.58200000 28.75400000 3.03286471e+00
80.94300001 26.89100000 81.61500000 28.04900000 -1.67814706e-01
80.94300001 26.89100000 85.92499999 26.71100000 -1.05666446e+00
80.94300001 26.89100000 79.08000000 29.23000000 9.62230037e-02
88.56900000 27.36500000 88.91000000 27.49000000 -7.65789311e-01
88.56900000 27.36500000 87.70999999 27.35200000 4.23432640e-01
88.56900000 27.36500000 88.70200000 27.02400000 -1.28675932e+00
88.56900000 27.36500000 88.50300000 27.08900000 9.95251478e-01
89.39200000 26.84900000 92.41500000 27.27000000 -2.22073972e+00
89.39200000 26.84900000 89.63500000 27.47200000 -3.08577411e+00
89.39200000 26.84900000 88.73800000 26.75100000 -1.62655728e+00
89.39200000 26.84900000 88.93600000 26.96500000 -2.68503582e-01
89.39200000 26.84900000 91.23700000 25.00000000 -3.20224912e+00
92.43900000 28.43200000 92.41500000 27.27000000 -8.08802386e+00
80.14800001 28.96300000 80.63600000 29.01200000 -1.10201218e+00
80.14800001 28.96300000 80.58200000 28.75400000 -8.58840491e-01
80.14800001 28.96300000 79.08000000 29.23000000 2.67012791e-01
80.14800001 28.96300000 79.51000001 29.21000000 1.78397673e-01
80.14800001 28.96300000 80.18000000 29.10000000 -7.78825398e-01
80.60200000 29.33400000 80.72100000 29.52700000 -3.70967948e+00
80.60200000 29.33400000 80.50100000 29.73400000 -4.38436205e+00
80.60200000 29.33400000 80.62600000 29.17700000 -1.22348249e+00
80.60200000 29.33400000 81.20100000 29.47400000 -3.46509583e+00
80.60200000 29.33400000 80.09000000 29.33000000 -8.49841878e-01
80.60200000 29.33400000 80.18000000 29.10000000 -1.58604241e+00
80.60200000 29.33400000 80.23000000 29.59000000 6.26836762e-02
80.63600000 29.01200000 81.11600000 28.61300000 2.16932191e+00
80.63600000 29.01200000 81.35300000 28.82400000 -1.17436522e+00
80.63600000 29.01200000 80.58200000 28.75400000 1.66625650e+00
80.63600000 29.01200000 80.62600000 29.17700000 -6.74923610e-01
80.63600000 29.01200000 81.20100000 29.47400000 -9.11674335e+00
80.63600000 29.01200000 80.18000000 29.10000000 -8.74092549e-01
80.72100000 29.52700000 80.50100000 29.73400000 -6.31945519e-01
80.72100000 29.52700000 81.20100000 29.47400000 7.90948283e-01
80.72100000 29.52700000 80.56000000 29.86000000 -4.32182325e+00
81.11600000 28.61300000 81.35300000 28.82400000 -6.10744317e-01
81.11600000 28.61300000 81.57500000 28.13400000 -1.03382478e+00
81.11600000 28.61300000 81.63400000 28.58300000 -7.24217197e-01
81.11600000 28.61300000 81.69100000 28.40700000 -6.50746880e-01
81.11600000 28.61300000 80.58200000 28.75400000 -2.46322249e+00
81.35300000 28.82400000 81.63400000 28.58300000 -4.36982156e-01
81.35300000 28.82400000 81.63500000 28.58600000 -4.23945805e-01
81.35300000 28.82400000 81.20100000 29.47400000 -4.95559519e+00
81.35300000 28.82400000 81.71400000 28.65600000 -2.30711393e-01
81.35300000 28.82400000 82.19300000 29.27800000 -5.18751862e+00
81.57500000 28.13400000 81.69100000 28.40700000 4.44831881e-01
81.63400000 28.58300000 81.69100000 28.40700000 -5.30005322e-01
81.63400000 28.58300000 81.71400000 28.65600000 -4.67865596e-01
81.63500000 28.58600000 81.71400000 28.65600000 -4.49120798e-01
81.69100000 28.40700000 82.09500000 28.01000000 4.70999741e-01
81.69100000 28.40700000 82.34700000 28.24900000 6.72464744e-01
81.69100000 28.40700000 81.59500000 28.11700000 3.27438921e-01
81.69100000 28.40700000 81.71400000 28.65600000 -1.20502747e+00
82.09500000 28.01000000 82.24700000 28.03000000 8.96583512e-01
82.09500000 28.01000000 82.34700000 28.24900000 5.39762122e-01
82.09500000 28.01000000 82.54000000 27.78600000 8.30682668e-01
82.09500000 28.01000000 81.59500000 28.11700000 1.08591005e+00
82.09500000 28.01000000 81.61500000 28.04900000 1.07571067e+00
82.24700000 28.03000000 82.34700000 28.24900000 3.69760600e-01
82.24700000 28.03000000 82.54000000 27.78600000 -1.25986860e-01
82.24700000 28.03000000 82.49100000 27.95100000 -2.01590077e-01
82.24700000 28.03000000 82.57300000 28.06300000 -4.64031438e-01
82.34700000 28.24900000 81.71400000 28.65600000 8.88007871e-02
82.34700000 28.24900000 82.81800000 28.98400000 -9.23598401e+00
82.34700000 28.24900000 82.57300000 28.06300000 -1.16694162e-01
82.50400000 27.95100000 82.54000000 27.78600000 -9.13603286e-01
82.50400000 27.95100000 82.57300000 28.06300000 6.80838572e-01
82.54000000 27.78600000 82.78500000 27.56800000 6.63714726e-02
82.54000000 27.78600000 82.49100000 27.95100000 -7.98459857e-01
82.54000000 27.78600000 82.57300000 28.06300000 -4.07986284e-01
82.78500000 27.56800000 82.57300000 28.06300000 -5.25765059e-01
82.78500000 27.56800000 83.41800000 27.50700000 1.47557145e-01
82.78500000 27.56800000 83.55400000 27.87400000 -2.15307356e-01
85.00799999 27.31600000 85.39799999 27.57500000 -2.62116022e+00
85.00799999 27.31600000 84.98499999 27.16600000 9.29507188e-01
85.00799999 27.31600000 85.10799999 27.60800000 -2.58335164e+00
85.00799999 27.31600000 84.43000000 27.67800000 1.83638867e+00
85.21000000 29.44000000 84.41000000 28.37500000 -4.53064949e+00
85.21000000 29.44000000 85.74100000 29.59100000 -1.37753730e-01
85.22199999 28.01500000 85.32899999 28.17100000 -4.24479531e-02
85.22199999 28.01500000 84.38000000 28.22900000 5.74650000e-01
85.22199999 28.01500000 84.41000000 28.37500000 7.74791152e-01
85.22199999 28.01500000 85.10799999 27.60800000 -2.10168036e+00
85.22199999 28.01500000 85.27899999 27.80100000 -1.66824018e+00
85.22199999 28.01500000 85.31399999 28.20700000 -8.58410093e-03
85.22199999 28.01500000 84.43000000 27.67800000 -6.74322685e+00
85.27999999 27.69300000 85.10799999 27.60800000 -6.50528635e-01
85.27999999 27.69300000 85.27899999 27.80100000 5.97731899e-01
85.27999999 27.69300000 85.28799999 27.68200000 6.80135328e-03
85.27999999 27.69300000 85.35799999 27.69700000 4.09626399e-02
85.32899999 28.17100000 85.27899999 27.80100000 -1.76884488e+00
85.32899999 28.17100000 85.52099999 27.69300000 -2.19619181e+00
85.32899999 28.17100000 85.87699999 27.91000000 -1.83400278e-01
85.39799999 27.57500000 85.79399999 27.74500000 7.29070853e-01
85.39799999 27.57500000 84.98499999 27.16600000 -2.41017583e+00
85.39799999 27.57500000 85.10799999 27.60800000 -9.98835077e-02
85.39799999 27.57500000 85.28799999 27.68200000 -8.96954492e-01
85.39799999 27.57500000 85.52099999 27.69300000 -2.35900395e-01
85.39799999 27.57500000 85.35799999 27.69700000 -9.36112231e-01
85.39799999 27.57500000 85.92499999 26.71100000 -3.52509286e+00
85.79399999 27.74500000 86.22999999 27.63500000 9.47368639e-01
85.79399999 27.74500000 85.52099999 27.69300000 7.19972811e-01
85.79399999 27.74500000 85.87699999 27.91000000 -1.75224547e+00
85.79399999 27.74500000 85.92499999 26.71100000 -8.44201021e+00
86.01999999 28.29000000 86.82699999 28.19400000 -5.45408515e-01
86.01999999 28.30000000 85.31399999 28.20700000 9.45731115e-01
86.01999999 28.30000000 86.82699999 28.19400000 -5.57173573e-01
86.22999999 27.63500000 85.87699999 27.91000000 -6.54414139e-01
86.22999999 27.63500000 86.54999999 27.30500000 -5.36518462e-01
86.22999999 27.63500000 86.71199999 27.81400000 -8.48026258e-01
86.22999999 27.63500000 85.92499999 26.71100000 -9.64016804e+00
86.22999999 27.63500000 86.71499999 27.80300000 -7.96372503e-01
86.22999999 27.63500000 86.72499999 27.68300000 -4.06391708e-01
86.81299999 27.95800000 86.71199999 27.81400000 -2.87034941e-01
86.81299999 27.95800000 86.82299999 27.89400000 -1.99026214e-01
86.81299999 27.95800000 86.82699999 28.19400000 -6.62987716e-01
86.81299999 27.95800000 86.92899999 27.97300000 -2.34523762e-01
87.57700000 29.11800000 87.15499999 28.63000000 -9.00623608e-01
87.57700000 29.11800000 88.86400000 29.25000000 -1.88599386e-01
78.70400000 33.19100000 85.74100000 29.59100000 1.34921977e+00
92.41500000 27.27000000 89.63500000 27.47200000 -2.34278771e+00
92.41500000 27.27000000 91.23700000 25.00000000 -8.75562029e+00
80.50100000 29.73400000 80.23000000 29.59000000 -3.63581215e+00
80.50100000 29.73400000 80.34000000 29.76000000 3.02712588e-03
80.50100000 29.73400000 80.56000000 29.86000000 -2.79579910e+00
80.62600000 29.17700000 81.20100000 29.47400000 -6.62766529e+00
80.62600000 29.17700000 80.18000000 29.10000000 -9.60756645e-01
81.20100000 29.47400000 81.80700000 29.96900000 -6.47259550e+00
81.20100000 29.47400000 82.19300000 29.27800000 -7.92067960e-01
81.20100000 29.47400000 80.56000000 29.86000000 4.91474660e-01
81.71400000 28.65600000 82.19300000 29.27800000 -7.32748585e+00
81.71400000 28.65600000 82.81800000 28.98400000 -3.27953151e+00
81.80700000 29.96900000 82.19300000 29.27800000 -2.32628232e+00
82.19300000 29.27800000 82.81800000 28.98400000 -5.64964945e-01
82.49100000 27.95100000 82.57300000 28.06300000 6.59823672e-01
82.81800000 28.98400000 83.74300000 28.80500000 -6.01753081e-02
82.81800000 28.98400000 83.89500000 29.17900000 -4.94814230e-01
82.81800000 28.98400000 82.57300000 28.06300000 -9.97133525e+00
82.81800000 28.98400000 83.71800000 28.78100000 -1.40642957e-01
83.60300000 27.76700000 83.82600000 27.45700000 -7.02444780e-01
83.60300000 27.76700000 84.13000000 27.64800000 -4.22193107e-01
83.60300000 27.76700000 83.41800000 27.50700000 7.39728457e-02
83.60300000 27.76700000 83.55400000 27.87400000 1.57477055e-03
83.60300000 27.76700000 83.97800000 28.19900000 -3.53465005e+00
83.74300000 28.80500000 83.89500000 29.17900000 -3.11008735e+00
83.74300000 28.80500000 83.93600000 28.26000000 -4.39451418e+00
83.74300000 28.80500000 84.41000000 28.37500000 -1.24626108e-01
83.82600000 27.45700000 84.13000000 27.64800000 1.98889817e-01
83.82600000 27.45700000 84.98499999 27.16600000 6.40589799e-01
83.82600000 27.45700000 83.41800000 27.50700000 2.80462277e-01
83.93600000 28.26000000 84.41000000 28.37500000 -1.72564395e+00
83.93600000 28.26000000 83.55400000 27.87400000 -3.62665573e+00
83.93600000 28.26000000 83.71800000 28.78100000 -4.12644704e+00
84.13000000 27.64800000 84.26500000 27.97300000 -2.65711071e+00
84.13000000 27.64800000 84.98499999 27.16600000 2.86524459e+00
84.13000000 27.64800000 83.97800000 28.19900000 -1.65842238e+00
84.13000000 27.64800000 84.43000000 27.67800000 -8.49884291e-01
84.26500000 27.97300000 84.38000000 28.22900000 -3.58076908e+00
84.26500000 27.97300000 83.97800000 28.19900000 1.58773077e-01
84.26500000 27.97300000 84.43000000 27.67800000 -3.61126251e-01
84.38000000 28.22900000 84.41000000 28.37500000 -1.44635303e+00
84.38000000 28.22900000 83.97800000 28.19900000 -1.08113246e+00
84.38000000 28.22900000 84.43000000 27.67800000 -4.19208847e+00
84.41000000 28.37500000 85.31399999 28.20700000 7.07296207e-04
84.41000000 28.37500000 83.97800000 28.19900000 -2.70681110e+00
84.98499999 27.16600000 84.43000000 27.67800000 4.01223413e+00
84.98499999 27.16600000 85.92499999 26.71100000 -2.53572524e+00
85.10799999 27.60800000 85.27899999 27.80100000 -3.76140627e-01
85.10799999 27.60800000 85.28799999 27.68200000 -5.63312698e-01
85.10799999 27.60800000 84.43000000 27.67800000 -2.16529794e+00
85.27899999 27.80100000 85.52099999 27.69300000 -3.40208745e-01
85.27899999 27.80100000 85.35799999 27.69700000 1.98042979e-01
85.28799999 27.68200000 85.35799999 27.69700000 6.82267737e-02
85.52099999 27.69300000 85.87699999 27.91000000 6.13794401e-02
85.52099999 27.69300000 85.35799999 27.69700000 -6.42980956e-02
86.54999999 27.30500000 86.59699999 26.99100000 -4.09949643e+00
86.54999999 27.30500000 85.92499999 26.71100000 -6.86568026e+00
86.54999999 27.30500000 86.72499999 27.68300000 -1.65316973e-01
86.54999999 27.30500000 87.20599999 27.38000000 2.51062116e+00
86.59699999 26.99100000 87.39199999 26.86600000 1.12263450e+00
86.59699999 26.99100000 85.92499999 26.71100000 6.01910822e-01
86.59699999 26.99100000 87.20599999 27.38000000 -2.06384712e+00
86.71199999 27.81400000 86.82299999 27.89400000 -7.00221917e-02
87.39199999 26.86600000 87.70999999 27.35200000 -3.56671485e+00
87.39199999 26.86600000 88.18500000 26.88300000 -1.78812490e+00
87.39199999 26.86600000 88.35000000 26.71100000 1.29907979e-01
87.39199999 26.86600000 85.92499999 26.71100000 6.06907318e-01
87.39199999 26.86600000 87.20599999 27.38000000 -4.13495135e+00
87.70999999 27.35200000 88.40000000 26.98000000 -1.32091996e+00
87.70999999 27.35200000 88.18500000 26.88300000 -3.35813765e+00
87.70999999 27.35200000 86.92899999 27.97300000 -2.38050951e+00
87.70999999 27.35200000 87.20599999 27.38000000 -1.04765004e+00
87.70999999 27.35200000 88.50300000 27.08900000 5.65729568e-01
77.60000000 34.12800000 76.16200000 34.55900000 -1.10301989e+00
88.40000000 26.98000000 88.18500000 26.88300000 3.90122188e-01
88.40000000 26.98000000 88.35000000 26.71100000 -2.96005557e+00
88.40000000 26.98000000 88.56900000 26.88900000 -4.77941453e-01
88.40000000 26.98000000 88.50300000 27.08900000 -2.95540089e+00
88.68000000 27.00000000 88.56900000 26.88900000 -1.47832045e+00
88.68000000 27.00000000 88.70200000 27.02400000 -5.94335064e-01
88.68000000 27.00000000 88.75300000 26.88100000 -1.97919912e+00
88.68000000 27.00000000 88.79100000 27.01000000 -1.41047426e-01
88.68000000 27.00000000 88.50300000 27.08900000 -1.29721858e+00
88.18500000 26.88300000 88.35000000 26.71100000 -1.26091211e+00
88.35000000 26.71100000 88.56900000 26.88900000 -1.09413654e+00
88.35000000 26.71100000 88.73800000 26.75100000 -1.79429550e-01
88.35000000 26.71100000 85.92499999 26.71100000 -2.92973818e-01
88.35000000 26.71100000 91.23700000 25.00000000 -3.23794543e+00
88.56900000 26.88900000 88.73800000 26.75100000 -1.27768666e+00
88.56900000 26.88900000 88.75300000 26.88100000 -2.78035243e-01
88.56900000 26.88900000 88.50300000 27.08900000 -4.88513233e+00
88.70200000 27.02400000 88.79100000 27.01000000 -1.49772081e-01
88.70200000 27.02400000 88.50300000 27.08900000 -5.85279462e-01
88.73800000 26.75100000 88.75300000 26.88100000 -9.01661711e-01
88.73800000 26.75100000 88.93600000 26.96500000 -2.13703490e+00
88.73800000 26.75100000 91.23700000 25.00000000 -1.29341575e+00
88.75300000 26.88100000 88.79100000 27.01000000 -2.28458728e+00
88.75300000 26.88100000 88.93600000 26.96500000 -1.30763212e+00
88.79100000 27.01000000 88.93600000 26.96500000 -9.24462146e-01
77.17200000 28.54400000 79.08000000 29.23000000 -2.91046257e-01
79.21100000 30.48600000 79.55900000 30.53100000 1.14057784e+00
79.55900000 30.53100000 79.77000000 29.82000000 -9.37810496e+00
79.62000000 29.63800000 79.43000000 29.64000000 4.00958656e-01
79.62000000 29.63800000 79.65000000 29.59000000 2.33307773e-01
79.62000000 29.63800000 79.77000000 29.82000000 -2.32718969e+00
80.04100000 29.83800000 79.77000000 29.82000000 -1.55708561e-01
80.04100000 29.83800000 79.90000000 29.78000000 -9.58456180e-01
80.04100000 29.83800000 80.23000000 29.59000000 -1.11546441e+00
80.04100000 29.83800000 80.34000000 29.76000000 7.12361983e-02
82.57300000 28.06300000 83.55400000 27.87400000 5.77364332e-01
82.57300000 28.06300000 83.71800000 28.78100000 -5.49337265e+00
83.41800000 27.50700000 83.55400000 27.87400000 -3.37196532e-01
83.55400000 27.87400000 83.71800000 28.78100000 -7.74165418e+00
83.55400000 27.87400000 83.97800000 28.19900000 -3.18907784e+00
85.92499999 26.71100000 91.23700000 25.00000000 -1.12710312e+00
86.71499999 27.80300000 86.72499999 27.68300000 1.23386421e-01
86.71499999 27.80300000 86.82299999 27.89400000 -1.15980340e-01
86.72499999 27.68300000 86.82299999 27.89400000 -6.78814842e-02
86.72499999 27.68300000 87.20599999 27.38000000 -2.04434982e-01
86.82299999 27.89400000 86.92899999 27.97300000 -3.45698649e-01
86.82299999 27.89400000 87.20599999 27.38000000 -8.98215847e-01
86.82699999 28.19400000 86.92899999 27.97300000 -6.36978351e-01
86.92899999 27.97300000 87.20599999 27.38000000 -1.32300386e+00
79.08000000 29.23000000 79.43000000 29.64000000 7.34050487e-01
79.08000000 29.23000000 79.51000001 29.21000000 3.55735318e-02
79.43000000 29.64000000 79.51000001 29.21000000 9.38363658e-01
79.43000000 29.64000000 79.65000000 29.59000000 6.50597148e-01
79.43000000 29.64000000 79.77000000 29.82000000 -1.38895353e+00
79.51000001 29.21000000 79.65000000 29.59000000 -5.14894357e-01
79.51000001 29.21000000 80.09000000 29.33000000 -5.09564166e-01
79.51000001 29.21000000 80.18000000 29.10000000 8.49461872e-01
79.65000000 29.59000000 79.77000000 29.82000000 -2.45849088e+00
79.65000000 29.59000000 79.90000000 29.78000000 -1.96189717e+00
79.65000000 29.59000000 80.09000000 29.33000000 6.45866157e-01
79.77000000 29.82000000 79.90000000 29.78000000 1.69954987e-01
79.90000000 29.78000000 80.09000000 29.33000000 -1.12401394e+00
79.90000000 29.78000000 80.23000000 29.59000000 2.57848602e-01
80.09000000 29.33000000 80.18000000 29.10000000 8.12873586e-01
80.09000000 29.33000000 80.23000000 29.59000000 -1.78451224e+00
80.23000000 29.59000000 80.34000000 29.76000000 -3.32167371e+00
80.34000000 29.76000000 80.56000000 29.86000000 -1.84283788e+00
73.24900000 34.42000000 73.39100000 33.89500000 -5.24634793e-02
73.24900000 34.42000000 73.65300000 33.97800000 -9.77248081e-02
73.24900000 34.42000000 73.93500000 33.93000000 -1.41379255e-01
73.24900000 34.42000000 74.48400000 34.09500000 -3.39349732e-01
73.24900000 34.42000000 74.97400000 34.35300000 5.13031354e-01
73.39100000 33.89500000 73.65300000 33.97800000 2.48896083e-02
73.39100000 33.89500000 73.75200000 33.87100000 1.02332401e-02
73.39100000 33.89500000 74.34700000 33.39500000 2.69430372e-01
73.65300000 33.97800000 73.75200000 33.87100000 -9.96095090e-03
73.65300000 33.97800000 73.93500000 33.93000000 -2.99103310e-02
73.75200000 33.87100000 73.93500000 33.93000000 -1.17296117e-02
73.75200000 33.87100000 74.34700000 33.39500000 3.91026308e-03
73.93500000 33.93000000 74.34700000 33.39500000 -2.82821691e-01
73.93500000 33.93000000 74.48400000 34.09500000 4.16900098e-01
73.93500000 33.93000000 74.59300000 33.99300000 -6.43934329e-02
74.34700000 33.39500000 74.59300000 33.99300000 9.29393376e-01
74.34700000 33.39500000 75.03700000 33.59500000 2.00500103e-01
74.48400000 34.09500000 74.59300000 33.99300000 -1.34697986e+00
74.48400000 34.09500000 74.81700000 34.10900000 4.45128379e-01
74.48400000 34.09500000 74.83700000 34.13000000 4.93005561e-01
74.48400000 34.09500000 74.97400000 34.35300000 2.93207750e-01
74.59300000 33.99300000 74.81700000 34.10900000 2.99219560e-01
74.59300000 33.99300000 75.03700000 33.59500000 1.32233506e+00
74.81700000 34.10900000 74.83700000 34.13000000 -9.98413345e-02
74.81700000 34.10900000 74.88900000 34.12000000 4.16745830e-02
74.81700000 34.10900000 75.03700000 33.59500000 1.24398198e-02
74.83700000 34.13000000 74.88900000 34.12000000 9.47750491e-02
74.83700000 34.13000000 74.97400000 34.35300000 -6.83024654e-01
74.83700000 34.13000000 75.04500000 34.22700000 -2.64059292e-01
74.88900000 34.12000000 75.03700000 33.59500000 -3.18493337e-01
74.88900000 34.12000000 75.04500000 34.22700000 -3.49290759e-01
74.88900000 34.12000000 75.27200000 34.10000000 2.87193905e-02
74.97400000 34.35300000 75.04500000 34.22700000 -1.31768442e-01
74.97400000 34.35300000 75.32500000 34.29200000 6.62345641e-02
74.97400000 34.35300000 75.76900000 34.42400000 -2.25188302e-02
75.03700000 33.59500000 75.27200000 34.10000000 -1.19768344e+00
75.04500000 34.22700000 75.27200000 34.10000000 6.86713783e-02
75.04500000 34.22700000 75.32500000 34.29200000 -6.26827416e-02
75.27200000 34.10000000 75.32500000 34.29200000 -1.83119599e-01
75.27200000 34.10000000 75.76900000 34.42400000 -4.50282609e-01
75.32500000 34.29200000 75.76900000 34.42400000 -1.77188688e-01
75.76900000 34.42400000 76.16200000 34.55900000 -2.70421587e-01
