79.09800000 31.88700000 79.81400000 31.49800000 2.88780740e-01
79.09800000 31.88700000 80.29300000 31.71100000 -1.98372533e-01
79.09800000 31.88700000 77.92100000 32.36400000 1.44328912e+00
79.09800000 31.88700000 78.75400000 31.03700000 -3.23868975e+00
79.09800000 31.88700000 78.97300000 32.77900000 -2.43401560e+00
79.09800000 31.88700000 78.67600000 30.99700000 -3.91745953e+00
79.81400000 31.49800000 80.29300000 31.71100000 -7.33890151e-01
79.81400000 31.49800000 80.42900000 30.96100000 -2.14664012e-01
79.81400000 31.49800000 78.75400000 31.03700000 -3.61427536e+00
79.81400000 31.49800000 79.49300000 30.74300000 -1.47449994e+00
80.29300000 31.71100000 80.42900000 30.96100000 -4.63162895e-02
80.29300000 31.71100000 81.42800000 30.83700000 -3.14895162e-01
80.29300000 31.71100000 78.97300000 32.77900000 4.14121065e-01
80.42900000 30.96100000 81.17600000 30.29000000 -6.35431513e-01
80.42900000 30.96100000 81.42800000 30.83700000 -1.00173558e-01
80.42900000 30.96100000 79.49300000 30.74300000 -1.71813907e+00
80.42900000 30.96100000 80.24000000 30.06000000 -4.56434662e+00
80.42900000 30.96100000 79.55900000 30.53100000 -3.14755535e+00
81.17600000 30.29000000 81.42800000 30.83700000 -8.91536450e-01
81.17600000 30.29000000 81.85600000 30.71600000 -7.94769871e-01
81.17600000 30.29000000 80.24000000 30.06000000 -2.10233072e+00
81.17600000 30.29000000 81.20100000 29.47400000 -4.85170166e+00
81.17600000 30.29000000 81.80700000 29.96900000 -1.72325766e-01
81.17600000 30.29000000 80.56000000 29.86000000 -4.06507753e+00
81.42800000 30.83700000 81.85600000 30.71600000 -1.12210873e-02
81.85600000 30.71600000 82.83200000 30.38900000 -7.81600170e-02
81.85600000 30.71600000 81.80700000 29.96900000 -1.22668780e+00
82.83200000 30.38900000 83.24000000 29.80000000 -6.60528642e-01
82.83200000 30.38900000 84.03900000 29.72100000 -7.20013608e-01
82.83200000 30.38900000 81.80700000 29.96900000 -7.14416645e-01
82.83200000 30.38900000 82.19300000 29.27800000 -4.99320363e+00
82.83200000 30.38900000 85.74100000 29.59100000 -2.00306067e-01
83.24000000 29.80000000 84.03900000 29.72100000 6.79535295e-02
83.24000000 29.80000000 84.04300000 29.53400000 -1.85383183e-01
83.24000000 29.80000000 82.19300000 29.27800000 -3.37113262e+00
83.24000000 29.80000000 82.81800000 28.98400000 -4.46499938e+00
83.24000000 29.80000000 83.89500000 29.17900000 -1.71066836e+00
84.03900000 29.72100000 84.15600000 29.68000000 9.02229814e-02
84.03900000 29.72100000 84.04300000 29.53400000 -9.78010966e-01
84.03900000 29.72100000 85.74100000 29.59100000 1.27627810e-01
84.15600000 29.68000000 84.04300000 29.53400000 -7.58159702e-01
84.15600000 29.68000000 85.21000000 29.44000000 1.92992080e-01
84.15600000 29.68000000 85.74100000 29.59100000 -2.96163206e-02
85.44200000 28.95900000 85.64000000 29.44100000 -1.20792803e+00
85.44200000 28.95900000 86.38699999 28.68700000 -1.92765601e-01
85.44200000 28.95900000 85.21000000 29.44000000 -7.79378980e-01
85.44200000 28.95900000 86.01999999 28.30000000 -6.05919884e-01
85.44200000 28.95900000 84.41000000 28.37500000 -1.72617809e+00
85.44200000 28.95900000 85.31399999 28.20700000 -3.82881112e+00
85.64000000 29.44100000 86.38699999 28.68700000 -8.40794277e-01
85.64000000 29.44100000 85.21000000 29.44000000 -1.81159132e-01
85.64000000 29.44100000 85.74100000 29.59100000 -1.12390414e-01
85.97499999 28.14900000 85.32899999 28.17100000 4.68159171e-01
85.97499999 28.14900000 86.01999999 28.29000000 -9.49406133e-01
85.97499999 28.14900000 86.01999999 28.30000000 -9.98469849e-01
85.97499999 28.14900000 86.22999999 27.63500000 -2.47616693e+00
85.97499999 28.14900000 86.81299999 27.95800000 -2.62917821e-02
85.97499999 28.14900000 85.31399999 28.20700000 6.17233527e-01
85.97499999 28.14900000 85.87699999 27.91000000 -2.20083859e+00
85.97499999 28.14900000 86.71199999 27.81400000 4.37280537e-01
85.97499999 28.14900000 86.82699999 28.19400000 -7.19300228e-01
86.38699999 28.68700000 86.96699999 28.39200000 -3.86426780e-01
86.38699999 28.68700000 87.05999999 28.58700000 -4.40996447e-01
86.38699999 28.68700000 87.08600000 29.32000000 -8.30069888e-01
86.38699999 28.68700000 86.93999999 28.35700000 -3.81642996e-01
86.38699999 28.68700000 86.01999999 28.30000000 -2.06976238e+00
86.38699999 28.68700000 86.82699999 28.19400000 -4.36062257e-01
86.38699999 28.68700000 85.74100000 29.59100000 -9.54274101e-01
86.94099999 28.35700000 86.82699999 28.19400000 -2.88809000e-01
86.94099999 28.35700000 86.92899999 27.97300000 -4.01962570e-01
86.96699999 28.39200000 87.05999999 28.58700000 -2.75543934e-01
86.96699999 28.39200000 87.76900000 28.53800000 -5.80982687e-01
86.96699999 28.39200000 86.92899999 27.97300000 -4.54783470e-01
86.96699999 28.39200000 87.15499999 28.63000000 -3.72904128e-01
87.05999999 28.58700000 87.08600000 29.32000000 -8.49347572e-01
87.05999999 28.58700000 87.15499999 28.63000000 -9.65887717e-02
87.08600000 29.32000000 85.74100000 29.59100000 -5.56985110e-01
87.18400000 29.26900000 87.57700000 29.11800000 -1.01086012e-01
87.18400000 29.26900000 87.15499999 28.63000000 -7.26892815e-01
87.76900000 28.53800000 88.56000000 28.24400000 -1.80043704e+00
87.76900000 28.53800000 88.86500000 29.24900000 -6.71702363e-01
87.76900000 28.53800000 87.57700000 29.11800000 -9.39337091e-01
87.76900000 28.53800000 87.70999999 27.35200000 -5.38566711e+00
87.76900000 28.53800000 86.92899999 27.97300000 -7.93260925e-01
87.76900000 28.53800000 87.15499999 28.63000000 -4.06071893e-01
87.76900000 28.53800000 88.86400000 29.25000000 -6.71808296e-01
88.56000000 28.24400000 88.86500000 29.24900000 -3.09699909e+00
88.56000000 28.24400000 89.15400000 27.72100000 -1.11209574e+00
88.56000000 28.24400000 89.30500000 27.93100000 1.07266621e+00
88.56000000 28.24400000 89.55600000 28.91100000 -1.34897828e+00
88.56000000 28.24400000 89.62700000 28.31500000 2.21292796e+00
88.56000000 28.24400000 88.56900000 27.36500000 -5.63122117e+00
88.56000000 28.24400000 88.91000000 27.49000000 -3.30937934e+00
88.56000000 28.24400000 87.70999999 27.35200000 -4.82787858e+00
88.86500000 29.24900000 89.55600000 28.91100000 -6.84674593e-01
88.86500000 29.24900000 90.15400000 29.44400000 -1.37021425e-01
88.86500000 29.24900000 89.57300000 28.91400000 -6.87334501e-01
88.90600000 27.43700000 89.15400000 27.72100000 -1.86538661e+00
88.90600000 27.43700000 88.56900000 27.36500000 -6.67968753e-01
88.90600000 27.43700000 89.39200000 26.84900000 -3.58620887e-01
88.90600000 27.43700000 89.63500000 27.47200000 -1.53691659e+00
88.90600000 27.43700000 88.70200000 27.02400000 -2.79856912e+00
88.90600000 27.43700000 88.79100000 27.01000000 -2.86079664e+00
88.90600000 27.43700000 88.93600000 26.96500000 -2.65094727e+00
89.15400000 27.72100000 89.30500000 27.93100000 -1.61367619e+00
89.15400000 27.72100000 88.91000000 27.49000000 -1.58481396e+00
89.15400000 27.72100000 89.63500000 27.47200000 -1.98089174e-01
89.30500000 27.93100000 89.62700000 28.31500000 -2.01277542e+00
89.30500000 27.93100000 89.63500000 27.47200000 -1.66228282e+00
89.55600000 28.91100000 89.62700000 28.31500000 -2.17140151e+00
89.55600000 28.91100000 89.91100000 28.61900000 -3.97874301e-01
89.62700000 28.31500000 89.91100000 28.61900000 -1.68725361e+00
89.62700000 28.31500000 90.55800000 28.41900000 -1.20743368e+00
89.62700000 28.31500000 89.63500000 27.47200000 -4.53239228e+00
89.91100000 28.61900000 90.10700000 28.93200000 -1.15677281e+00
89.91100000 28.61900000 90.55800000 28.41900000 1.81363397e-02
89.91100000 28.61900000 89.57300000 28.91400000 -4.25158377e-01
90.10700000 28.93200000 90.15400000 29.44400000 -1.04534740e+00
90.10700000 28.93200000 90.26700000 29.32400000 -7.91639422e-01
90.10700000 28.93200000 90.55800000 28.41900000 -7.63445683e-01
90.10700000 28.93200000 90.95900000 29.27800000 -2.40204115e-01
90.10700000 28.93200000 89.57300000 28.91400000 1.60929360e-01
90.15400000 29.44400000 90.26700000 29.32400000 -1.59459510e-01
90.15400000 29.44400000 78.70400000 33.19100000 4.14973647e-02
90.15400000 29.44400000 89.57300000 28.91400000 -4.55773533e-01
90.15400000 29.44400000 85.74100000 29.59100000 -3.96046928e-01
90.26700000 29.32400000 90.95900000 29.27800000 2.38138530e-01
90.55800000 28.41900000 91.88900000 28.96000000 -1.39941766e+00
90.55800000 28.41900000 91.91000000 27.97100000 1.54660654e-01
90.55800000 28.41900000 89.63500000 27.47200000 -4.81002703e+00
90.55800000 28.41900000 90.95900000 29.27800000 -2.59237708e+00
91.88900000 28.96000000 91.91000000 27.97100000 -2.42111702e+00
91.88900000 28.96000000 92.39900000 28.42200000 1.42807570e-01
91.88900000 28.96000000 93.07300000 29.04400000 -1.04558681e-01
91.88900000 28.96000000 92.43900000 28.43200000 2.63506820e-01
91.88900000 28.96000000 90.95900000 29.27800000 3.87357993e-01
91.91000000 27.97100000 92.39900000 28.42200000 -1.61855323e+00
91.91000000 27.97100000 92.41500000 27.27000000 -4.68509423e+00
91.91000000 27.97100000 89.63500000 27.47200000 -2.75052811e+00
92.39900000 28.42200000 92.41500000 27.27000000 -8.14552181e+00
93.07300000 29.04400000 92.43900000 28.43200000 -1.50321330e+00
93.07300000 29.04400000 92.41500000 27.27000000 -9.71566038e+00
93.07300000 29.04400000 90.95900000 29.27800000 6.06847775e-01
83.95300000 29.17800000 84.04300000 29.53400000 -1.25549751e+00
83.95300000 29.17800000 85.21000000 29.44000000 -6.46304894e-01
83.95300000 29.17800000 83.74300000 28.80500000 -2.32288563e+00
83.95300000 29.17800000 84.41000000 28.37500000 -3.36934967e+00
84.04300000 29.53400000 85.21000000 29.44000000 1.43799444e-01
84.04300000 29.53400000 83.89500000 29.17900000 -1.24896488e+00
86.93999999 28.35700000 86.82699999 28.19400000 -2.87712697e-01
75.36300000 32.56500000 75.88100000 32.30400000 -3.23465770e-01
75.36300000 32.56500000 75.93800000 31.47900000 -5.89023047e-01
75.36300000 32.56500000 75.99300000 32.53600000 -9.60497006e-02
75.36300000 32.56500000 74.34700000 33.39500000 -9.31003581e-01
75.36300000 32.56500000 75.03700000 33.59500000 7.51340748e-02
75.88100000 32.30400000 75.93800000 31.47900000 3.30456411e-01
75.88100000 32.30400000 75.99300000 32.53600000 1.04449575e-02
75.88100000 32.30400000 76.29400000 31.89700000 -3.71907136e-01
75.88100000 32.30400000 76.30700000 32.24800000 -1.46056194e+00
75.93800000 31.47900000 76.29400000 31.89700000 1.07972269e+00
75.93800000 31.47900000 76.30700000 31.53800000 1.70090741e+00
75.93800000 31.47900000 77.12600000 28.48200000 -3.57921495e-01
75.93800000 31.47900000 77.63000000 30.27600000 -6.82669302e-01
75.93800000 31.47900000 77.17200000 28.54400000 -3.43675694e-01
75.93800000 31.47900000 73.39100000 33.89500000 -7.71626008e-01
75.93800000 31.47900000 74.34700000 33.39500000 -1.67041128e+00
75.99300000 32.53600000 76.30700000 32.24800000 -1.16560858e+00
75.99300000 32.53600000 76.68900000 32.69800000 -5.84070925e-01
75.99300000 32.53600000 75.03700000 33.59500000 -1.04602178e+00
76.29400000 31.89700000 76.30700000 31.53800000 3.00470455e-01
76.29400000 31.89700000 76.30700000 32.24800000 -5.91227029e-02
76.29400000 31.89700000 76.67300000 31.91900000 -1.34356782e+00
76.30700000 31.53800000 76.67300000 31.91900000 -4.60435323e-01
76.30700000 31.53800000 76.81500000 31.63400000 7.07422682e-01
76.30700000 31.53800000 77.63000000 30.27600000 -2.85942173e+00
76.30700000 32.24800000 76.67300000 31.91900000 -8.06031812e-01
76.30700000 32.24800000 76.68900000 32.69800000 -1.38562109e+00
76.30700000 32.24800000 77.19200000 32.31700000 -2.52864670e+00
76.67300000 31.91900000 76.81500000 31.63400000 -2.26058996e-01
76.67300000 31.91900000 77.10800000 32.06700000 -4.83025444e+00
76.67300000 31.91900000 77.19200000 32.31700000 -5.05971084e+00
76.68900000 32.69800000 77.17500000 32.63400000 -3.87723078e-01
76.68900000 32.69800000 77.19200000 32.31700000 -1.59562573e+00
76.68900000 32.69800000 77.42500000 32.79800000 -1.11629449e+00
76.68900000 32.69800000 77.60000000 34.12800000 -2.99664752e+00
76.68900000 32.69800000 75.03700000 33.59500000 1.97532182e-02
76.68900000 32.69800000 75.27200000 34.10000000 -6.00823385e-01
76.68900000 32.69800000 75.76900000 34.42400000 -1.50967663e+00
76.68900000 32.69800000 76.16200000 34.55900000 -1.99069100e+00
76.81500000 31.63400000 77.10800000 32.06700000 -8.35213421e+00
76.81500000 31.63400000 77.63000000 30.27600000 -2.67290114e+00
76.81500000 31.63400000 78.02100000 30.45900000 -8.74175297e-01
76.81500000 31.63400000 78.67600000 30.99700000 1.69009278e+00
77.10800000 32.06700000 77.19200000 32.31700000 1.77670395e-01
77.10800000 32.06700000 77.92100000 32.36400000 -2.26156156e+00
77.10800000 32.06700000 78.67600000 30.99700000 3.80141257e+00
77.12600000 28.48200000 78.60800001 25.45200000 -2.31276777e-01
77.12600000 28.48200000 79.08000000 29.23000000 -4.29427157e-01
77.12600000 28.48200000 73.39100000 33.89500000 4.10940332e-01
77.17500000 32.63400000 77.19200000 32.31700000 -1.71631525e+00
77.17500000 32.63400000 77.42500000 32.79800000 -9.68106441e-01
77.19200000 32.31700000 77.42500000 32.79800000 -2.46294768e+00
77.19200000 32.31700000 77.92100000 32.36400000 -1.40489255e+00
77.42500000 32.79800000 77.80800000 33.97200000 1.11604487e+00
77.42500000 32.79800000 77.92100000 32.36400000 -1.61011744e+00
77.42500000 32.79800000 78.66000000 33.20900000 -1.93800359e+00
77.42500000 32.79800000 77.60000000 34.12800000 1.48394072e+00
77.63000000 30.27600000 77.86000000 30.32900000 1.83056167e-01
77.63000000 30.27600000 77.86800000 30.14700000 3.61018560e-01
77.63000000 30.27600000 78.02100000 30.45900000 -1.15166421e+00
77.63000000 30.27600000 77.17200000 28.54400000 -1.90753584e+00
77.80800000 33.97200000 78.66000000 33.20900000 1.17925601e-01
77.86000000 30.32900000 77.86800000 30.14700000 6.29654853e-02
77.86000000 30.32900000 77.97400000 30.28500000 6.23834484e-03
77.86000000 30.32900000 78.01400000 30.32900000 -2.11053708e-01
77.86000000 30.32900000 78.02100000 30.45900000 -1.42649713e+00
77.86800000 30.14700000 77.97400000 30.28500000 -7.81382809e-02
77.86800000 30.14700000 77.97900000 30.09500000 3.39494339e-02
77.92100000 32.36400000 78.66000000 33.20900000 1.59748768e+00
77.92100000 32.36400000 78.97300000 32.77900000 1.14224293e+00
77.92100000 32.36400000 78.67600000 30.99700000 -3.43709161e+00
77.97400000 30.28500000 77.97900000 30.09500000 3.71691628e-02
77.97400000 30.28500000 78.01400000 30.32900000 -2.26717618e-01
77.97400000 30.28500000 78.18700000 30.19100000 -9.80647105e-02
77.97900000 30.09500000 78.18700000 30.19100000 -3.45340810e-01
77.97900000 30.09500000 78.68000000 29.84800000 -2.50711871e+00
77.97900000 30.09500000 77.17200000 28.54400000 -1.23909702e+00
78.01400000 30.32900000 78.02100000 30.45900000 -1.04379081e+00
78.01400000 30.32900000 78.11500000 30.45200000 -1.84726784e+00
78.01400000 30.32900000 78.15500000 30.34200000 -3.77099686e-01
78.01400000 30.32900000 78.18700000 30.19100000 7.13752485e-03
78.02100000 30.45900000 78.11500000 30.45200000 -3.52795617e-01
78.02100000 30.45900000 78.67600000 30.99700000 -1.01070797e+01
78.11500000 30.45200000 78.15500000 30.34200000 -8.72202356e-01
78.11500000 30.45200000 78.61700000 30.80600000 -7.33596089e+00
78.11500000 30.45200000 78.36500000 30.40400000 -1.07152780e+00
78.15500000 30.34200000 78.18700000 30.19100000 -3.56981300e-01
78.15500000 30.34200000 78.36800000 30.39400000 -2.26959665e+00
78.15500000 30.34200000 78.36500000 30.40400000 -2.39468681e+00
78.18700000 30.19100000 78.36800000 30.39400000 -3.04929323e+00
78.18700000 30.19100000 78.68000000 29.84800000 -2.17653659e+00
78.36800000 30.39400000 78.61700000 30.80600000 -7.25339386e+00
78.36800000 30.39400000 78.68000000 29.84800000 -2.67858888e+00
78.36800000 30.39400000 79.09000000 30.29800000 -1.94374703e+00
78.60800001 25.45200000 80.94300001 26.89100000 -3.23293654e-01
78.60800001 25.45200000 85.92499999 26.71100000 -4.73527025e-01
78.60800001 25.45200000 79.08000000 29.23000000 -9.91437909e-01
78.60800001 25.45200000 91.23700000 25.00000000 2.11157810e-01
78.61700000 30.80600000 78.75400000 31.03700000 -3.00043856e+00
78.61700000 30.80600000 79.09000000 30.29800000 -1.65052670e+00
78.61700000 30.80600000 78.36500000 30.40400000 -7.13898208e+00
78.61700000 30.80600000 78.67600000 30.99700000 -2.50454025e+00
78.61700000 30.80600000 79.21100000 30.48600000 -2.89914973e+00
78.66000000 33.20900000 78.97300000 32.77900000 -1.10507475e+00
78.68000000 29.84800000 79.09000000 30.29800000 -8.84974547e+00
78.68000000 29.84800000 77.17200000 28.54400000 -8.20501305e-01
78.68000000 29.84800000 79.08000000 29.23000000 -2.41628781e+00
78.68000000 29.84800000 79.43000000 29.64000000 -2.15002391e+00
78.75400000 31.03700000 79.49300000 30.74300000 -1.64470610e+00
78.75400000 31.03700000 78.67600000 30.99700000 -4.88029886e-01
78.75400000 31.03700000 79.21100000 30.48600000 -4.19274233e+00
79.09000000 30.29800000 79.19400000 30.32900000 -1.07893857e+00
79.09000000 30.29800000 79.21100000 30.48600000 -3.17993015e+00
79.09000000 30.29800000 79.43000000 29.64000000 -2.41031727e+00
79.19400000 30.32900000 79.21100000 30.48600000 -1.40548044e+00
79.19400000 30.32900000 79.55900000 30.53100000 -4.05594823e+00
79.19400000 30.32900000 79.43000000 29.64000000 -2.85203579e+00
79.19400000 30.32900000 79.77000000 29.82000000 -1.53641011e+00
79.49300000 30.74300000 79.21100000 30.48600000 -3.43539495e+00
79.49300000 30.74300000 79.55900000 30.53100000 -2.36579512e+00
80.24000000 30.06000000 79.55900000 30.53100000 4.36076495e-02
80.24000000 30.06000000 80.04100000 29.83800000 -4.29558759e+00
80.24000000 30.06000000 79.77000000 29.82000000 -4.32073821e+00
80.24000000 30.06000000 80.34000000 29.76000000 -3.65667738e+00
80.24000000 30.06000000 80.56000000 29.86000000 -3.20200931e-01
80.94300001 26.89100000 80.14800001 28.96300000 -5.39936186e-01
80.94300001 26.89100000 81.11600000 28.61300000 -3.61497892e-02
80.94300001 26.89100000 81.57500000 28.13400000 -1.11881779e+00
80.94300001 26.89100000 82.09500000 28.01000000 3.27285240e-01
80.94300001 26.89100000 82.54000000 27.78600000 -9.74178848e-01
80.94300001 26.89100000 80.58200000 28.75400000 5.34315281e+00
80.94300001 26.89100000 81.61500000 28.04900000 -1.02668070e+00
80.94300001 26.89100000 85.92499999 26.71100000 4.02432245e-02
80.94300001 26.89100000 79.08000000 29.23000000 -3.07360888e-01
88.56900000 27.36500000 88.91000000 27.49000000 -9.63257184e-01
88.56900000 27.36500000 87.70999999 27.35200000 2.07911598e-01
88.56900000 27.36500000 88.70200000 27.02400000 -1.72938398e+00
88.56900000 27.36500000 88.50300000 27.08900000 -1.62129813e+00
89.39200000 26.84900000 92.41500000 27.27000000 -3.40923790e+00
89.39200000 26.84900000 89.63500000 27.47200000 -2.38627939e+00
89.39200000 26.84900000 88.73800000 26.75100000 -1.82014256e+00
89.39200000 26.84900000 88.93600000 26.96500000 -5.28448759e-01
89.39200000 26.84900000 91.23700000 25.00000000 -2.06041411e+00
92.43900000 28.43200000 92.41500000 27.27000000 -8.27433021e+00
80.14800001 28.96300000 80.63600000 29.01200000 5.15095346e-01
80.14800001 28.96300000 80.58200000 28.75400000 1.54399963e+00
80.14800001 28.96300000 79.08000000 29.23000000 -5.15068185e-02
80.14800001 28.96300000 79.51000001 29.21000000 -1.06538710e-02
80.14800001 28.96300000 80.18000000 29.10000000 1.53011329e-01
80.60200000 29.33400000 80.72100000 29.52700000 -2.87600073e+00
80.60200000 29.33400000 80.50100000 29.73400000 -2.81802541e+00
80.60200000 29.33400000 80.62600000 29.17700000 -6.83955679e-01
80.60200000 29.33400000 81.20100000 29.47400000 -3.04274247e+00
80.60200000 29.33400000 80.09000000 29.33000000 -6.63459123e-01
80.60200000 29.33400000 80.18000000 29.10000000 -1.55888111e+00
80.60200000 29.33400000 80.23000000 29.59000000 -3.16838351e-01
80.63600000 29.01200000 81.11600000 28.61300000 1.87852438e-01
80.63600000 29.01200000 81.35300000 28.82400000 1.28025581e-01
80.63600000 29.01200000 80.58200000 28.75400000 7.52525510e-01
80.63600000 29.01200000 80.62600000 29.17700000 -4.92571129e-01
80.63600000 29.01200000 81.20100000 29.47400000 -6.38175714e+00
80.63600000 29.01200000 80.18000000 29.10000000 -1.35274900e-01
80.72100000 29.52700000 80.50100000 29.73400000 -4.62478740e-01
80.72100000 29.52700000 81.20100000 29.47400000 1.21684880e-01
80.72100000 29.52700000 80.56000000 29.86000000 -2.72505318e+00
81.11600000 28.61300000 81.35300000 28.82400000 -1.01911649e+00
81.11600000 28.61300000 81.57500000 28.13400000 -1.33244027e+00
81.11600000 28.61300000 81.63400000 28.58300000 -3.81758786e-01
81.11600000 28.61300000 81.69100000 28.40700000 -1.63460953e-01
81.11600000 28.61300000 80.58200000 28.75400000 2.56411903e-01
81.35300000 28.82400000 81.63400000 28.58300000 -2.80960781e-01
81.35300000 28.82400000 81.63500000 28.58600000 -2.68630146e-01
81.35300000 28.82400000 81.20100000 29.47400000 -5.76330640e+00
81.35300000 28.82400000 81.71400000 28.65600000 -1.24773177e-01
81.35300000 28.82400000 82.19300000 29.27800000 -7.12617740e+00
81.57500000 28.13400000 81.69100000 28.40700000 -6.33056571e-01
81.63400000 28.58300000 81.69100000 28.40700000 -1.85233557e-01
81.63400000 28.58300000 81.71400000 28.65600000 -5.91111583e-01
81.63500000 28.58600000 81.71400000 28.65600000 -5.75199644e-01
81.69100000 28.40700000 82.09500000 28.01000000 -2.32299292e+00
81.69100000 28.40700000 82.34700000 28.24900000 -1.59979634e+00
81.69100000 28.40700000 81.59500000 28.11700000 -7.20990268e-01
81.69100000 28.40700000 81.71400000 28.65600000 -8.30771344e-01
82.09500000 28.01000000 82.24700000 28.03000000 -9.10762014e-02
82.09500000 28.01000000 82.34700000 28.24900000 2.65544612e-01
82.09500000 28.01000000 82.54000000 27.78600000 -2.47265074e+00
82.09500000 28.01000000 81.59500000 28.11700000 -1.76383401e+00
82.09500000 28.01000000 81.61500000 28.04900000 -7.28776824e-01
82.24700000 28.03000000 82.34700000 28.24900000 7.41368990e-02
82.24700000 28.03000000 82.54000000 27.78600000 -2.42214039e+00
82.24700000 28.03000000 82.49100000 27.95100000 -2.02699595e+00
82.24700000 28.03000000 82.57300000 28.06300000 -1.01522832e+00
82.34700000 28.24900000 81.71400000 28.65600000 -1.50543620e+00
82.34700000 28.24900000 82.81800000 28.98400000 -1.00426097e+01
82.34700000 28.24900000 82.57300000 28.06300000 -2.02565031e+00
82.50400000 27.95100000 82.54000000 27.78600000 -1.50142206e+00
82.50400000 27.95100000 82.57300000 28.06300000 9.15245596e-01
82.54000000 27.78600000 82.78500000 27.56800000 -2.01107154e-01
82.54000000 27.78600000 82.49100000 27.95100000 -1.44591594e+00
82.54000000 27.78600000 82.57300000 28.06300000 -8.83924279e-01
82.78500000 27.56800000 82.57300000 28.06300000 -1.39387325e+00
82.78500000 27.56800000 83.41800000 27.50700000 7.61500497e-02
82.78500000 27.56800000 83.55400000 27.87400000 1.20440604e+00
85.00799999 27.31600000 85.39799999 27.57500000 -9.91033084e-01
85.00799999 27.31600000 84.98499999 27.16600000 6.84185887e-01
85.00799999 27.31600000 85.10799999 27.60800000 -1.24151969e+00
85.00799999 27.31600000 84.43000000 27.67800000 -2.78294497e-01
85.21000000 29.44000000 84.41000000 28.37500000 -3.97594201e+00
85.21000000 29.44000000 85.74100000 29.59100000 -3.90625372e-01
85.22199999 28.01500000 85.32899999 28.17100000 -1.21964793e+00
85.22199999 28.01500000 84.38000000 28.22900000 9.24999868e-01
85.22199999 28.01500000 84.41000000 28.37500000 4.51971156e-01
85.22199999 28.01500000 85.10799999 27.60800000 -4.60428834e+00
85.22199999 28.01500000 85.27899999 27.80100000 -2.84963187e+00
85.22199999 28.01500000 85.31399999 28.20700000 -1.49664571e+00
85.22199999 28.01500000 84.43000000 27.67800000 -2.70538512e+00
85.27999999 27.69300000 85.10799999 27.60800000 -2.90677396e-01
85.27999999 27.69300000 85.27899999 27.80100000 -1.00366960e+00
85.27999999 27.69300000 85.28799999 27.68200000 -4.21127332e-02
85.27999999 27.69300000 85.35799999 27.69700000 -4.89166305e-02
85.32899999 28.17100000 85.27899999 27.80100000 -4.49189088e+00
85.32899999 28.17100000 85.52099999 27.69300000 -4.72443146e+00
85.32899999 28.17100000 85.87699999 27.91000000 -9.05290299e-01
85.39799999 27.57500000 85.79399999 27.74500000 -2.42717922e+00
85.39799999 27.57500000 84.98499999 27.16600000 -4.29714008e-01
85.39799999 27.57500000 85.10799999 27.60800000 -1.14215071e-01
85.39799999 27.57500000 85.28799999 27.68200000 -3.19507375e-01
85.39799999 27.57500000 85.52099999 27.69300000 -7.06014785e-01
85.39799999 27.57500000 85.35799999 27.69700000 -4.53400723e-01
85.39799999 27.57500000 85.92499999 26.71100000 -2.16551862e+00
85.79399999 27.74500000 86.22999999 27.63500000 4.12457022e-01
85.79399999 27.74500000 85.52099999 27.69300000 -1.42442127e+00
85.79399999 27.74500000 85.87699999 27.91000000 -1.93524830e+00
85.79399999 27.74500000 85.92499999 26.71100000 -6.13263887e+00
86.01999999 28.29000000 86.82699999 28.19400000 -9.80615494e-01
86.01999999 28.30000000 85.31399999 28.20700000 7.17219604e-01
86.01999999 28.30000000 86.82699999 28.19400000 -9.89781591e-01
86.22999999 27.63500000 85.87699999 27.91000000 1.92723219e-01
86.22999999 27.63500000 86.54999999 27.30500000 5.78076042e-01
86.22999999 27.63500000 86.71199999 27.81400000 -1.26111268e+00
86.22999999 27.63500000 85.92499999 26.71100000 -7.31704548e+00
86.22999999 27.63500000 86.71499999 27.80300000 -1.16927763e+00
86.22999999 27.63500000 86.72499999 27.68300000 -1.24185982e-01
86.81299999 27.95800000 86.71199999 27.81400000 -3.29191619e-01
86.81299999 27.95800000 86.82299999 27.89400000 -6.07686041e-02
86.81299999 27.95800000 86.82699999 28.19400000 -2.56069700e-01
86.81299999 27.95800000 86.92899999 27.97300000 -2.03934831e-01
87.57700000 29.11800000 87.15499999 28.63000000 -3.53923724e-01
87.57700000 29.11800000 88.86400000 29.25000000 -9.48585345e-02
78.70400000 33.19100000 85.74100000 29.59100000 -7.49005671e-01
92.41500000 27.27000000 89.63500000 27.47200000 -1.12118838e+00
92.41500000 27.27000000 91.23700000 25.00000000 -9.32356181e+00
80.50100000 29.73400000 80.23000000 29.59000000 -2.83387335e+00
80.50100000 29.73400000 80.34000000 29.76000000 -3.66330490e-01
80.50100000 29.73400000 80.56000000 29.86000000 -1.94412286e+00
80.62600000 29.17700000 81.20100000 29.47400000 -5.03962021e+00
80.62600000 29.17700000 80.18000000 29.10000000 -5.68122047e-01
81.20100000 29.47400000 81.80700000 29.96900000 -4.43348704e+00
81.20100000 29.47400000 82.19300000 29.27800000 -5.53880397e-01
81.20100000 29.47400000 80.56000000 29.86000000 -2.52037922e-01
81.71400000 28.65600000 82.19300000 29.27800000 -8.65857086e+00
81.71400000 28.65600000 82.81800000 28.98400000 -6.07636507e+00
81.80700000 29.96900000 82.19300000 29.27800000 -3.02130512e+00
82.19300000 29.27800000 82.81800000 28.98400000 2.88691790e-01
82.49100000 27.95100000 82.57300000 28.06300000 1.00845973e+00
82.81800000 28.98400000 83.74300000 28.80500000 -8.37334846e-01
82.81800000 28.98400000 83.89500000 29.17900000 -1.35276882e+00
82.81800000 28.98400000 82.57300000 28.06300000 -1.07261520e+01
82.81800000 28.98400000 83.71800000 28.78100000 -8.58594004e-01
83.60300000 27.76700000 83.82600000 27.45700000 -5.65907166e-01
83.60300000 27.76700000 84.13000000 27.64800000 -2.24071270e-01
83.60300000 27.76700000 83.41800000 27.50700000 3.25700101e-01
83.60300000 27.76700000 83.55400000 27.87400000 -2.52689085e-01
83.60300000 27.76700000 83.97800000 28.19900000 -1.75665762e+00
83.74300000 28.80500000 83.89500000 29.17900000 -2.36657305e+00
83.74300000 28.80500000 83.93600000 28.26000000 -3.74439700e+00
83.74300000 28.80500000 84.41000000 28.37500000 -1.77657555e+00
83.82600000 27.45700000 84.13000000 27.64800000 4.64040343e-01
83.82600000 27.45700000 84.98499999 27.16600000 4.58801164e-02
83.82600000 27.45700000 83.41800000 27.50700000 4.13135435e-03
83.93600000 28.26000000 84.41000000 28.37500000 -1.77964297e+00
83.93600000 28.26000000 83.55400000 27.87400000 -2.10019726e+00
83.93600000 28.26000000 83.71800000 28.78100000 -3.64631845e+00
84.13000000 27.64800000 84.26500000 27.97300000 -1.29313139e+00
84.13000000 27.64800000 84.98499999 27.16600000 3.03121896e-01
84.13000000 27.64800000 83.97800000 28.19900000 -2.04226214e+00
84.13000000 27.64800000 84.43000000 27.67800000 1.71624786e-01
84.26500000 27.97300000 84.38000000 28.22900000 -3.43484907e+00
84.26500000 27.97300000 83.97800000 28.19900000 -4.54274113e-01
84.26500000 27.97300000 84.43000000 27.67800000 -6.37487682e-01
84.38000000 28.22900000 84.41000000 28.37500000 -1.13604803e+00
84.38000000 28.22900000 83.97800000 28.19900000 -1.27037709e+00
84.38000000 28.22900000 84.43000000 27.67800000 -3.96138150e+00
84.41000000 28.37500000 85.31399999 28.20700000 7.77504949e-01
84.41000000 28.37500000 83.97800000 28.19900000 -2.45268492e+00
84.98499999 27.16600000 84.43000000 27.67800000 -2.21032021e-01
84.98499999 27.16600000 85.92499999 26.71100000 -1.33083403e+00
85.10799999 27.60800000 85.27899999 27.80100000 -1.28833435e+00
85.10799999 27.60800000 85.28799999 27.68200000 -2.44905960e-01
85.10799999 27.60800000 84.43000000 27.67800000 1.72584098e-01
85.27899999 27.80100000 85.52099999 27.69300000 -5.12455707e-01
85.27899999 27.80100000 85.35799999 27.69700000 -7.55234814e-01
85.28799999 27.68200000 85.35799999 27.69700000 -6.12381344e-02
85.52099999 27.69300000 85.87699999 27.91000000 -3.35756788e+00
85.52099999 27.69300000 85.35799999 27.69700000 -2.82731325e-01
86.54999999 27.30500000 86.59699999 26.99100000 -2.58350911e+00
86.54999999 27.30500000 85.92499999 26.71100000 -6.10678765e+00
86.54999999 27.30500000 86.72499999 27.68300000 -2.76679099e+00
86.54999999 27.30500000 87.20599999 27.38000000 -3.92245020e-03
86.59699999 26.99100000 87.39199999 26.86600000 -2.51832779e-01
86.59699999 26.99100000 85.92499999 26.71100000 -1.93711900e+00
86.59699999 26.99100000 87.20599999 27.38000000 -1.82826003e+00
86.71199999 27.81400000 86.82299999 27.89400000 -2.85223825e-01
87.39199999 26.86600000 87.70999999 27.35200000 -2.59865363e+00
87.39199999 26.86600000 88.18500000 26.88300000 2.94454955e+00
87.39199999 26.86600000 88.35000000 26.71100000 1.48797507e-01
87.39199999 26.86600000 85.92499999 26.71100000 1.56041551e+00
87.39199999 26.86600000 87.20599999 27.38000000 -6.19131942e+00
87.70999999 27.35200000 88.40000000 26.98000000 -1.55879992e+00
87.70999999 27.35200000 88.18500000 26.88300000 -2.41638017e+00
87.70999999 27.35200000 86.92899999 27.97300000 -2.09802068e+00
87.70999999 27.35200000 87.20599999 27.38000000 1.31776205e+00
87.70999999 27.35200000 88.50300000 27.08900000 -7.15596931e-01
77.60000000 34.12800000 76.16200000 34.55900000 6.84339907e-02
88.40000000 26.98000000 88.18500000 26.88300000 -4.25703059e-02
88.40000000 26.98000000 88.35000000 26.71100000 -2.82938331e-01
88.40000000 26.98000000 88.56900000 26.88900000 -1.61260465e-01
88.40000000 26.98000000 88.50300000 27.08900000 -9.17498822e-01
88.68000000 27.00000000 88.56900000 26.88900000 -5.90346460e-01
88.68000000 27.00000000 88.70200000 27.02400000 -2.68338490e-01
88.68000000 27.00000000 88.75300000 26.88100000 -2.71241861e-01
88.68000000 27.00000000 88.79100000 27.01000000 -1.01805969e-01
88.68000000 27.00000000 88.50300000 27.08900000 -2.78507382e-01
88.18500000 26.88300000 88.35000000 26.71100000 -1.24735891e+00
88.35000000 26.71100000 88.56900000 26.88900000 -5.95398051e-02
88.35000000 26.71100000 88.73800000 26.75100000 -8.12170117e-02
88.35000000 26.71100000 85.92499999 26.71100000 2.08407237e-02
88.35000000 26.71100000 91.23700000 25.00000000 -7.57774023e-01
88.56900000 26.88900000 88.73800000 26.75100000 -3.33987334e-01
88.56900000 26.88900000 88.75300000 26.88100000 1.04431248e-02
88.56900000 26.88900000 88.50300000 27.08900000 -1.05220803e+00
88.70200000 27.02400000 88.79100000 27.01000000 1.42652827e-02
88.70200000 27.02400000 88.50300000 27.08900000 -1.89394838e-01
88.73800000 26.75100000 88.75300000 26.88100000 -3.52014889e-01
88.73800000 26.75100000 88.93600000 26.96500000 -8.33434818e-01
88.73800000 26.75100000 91.23700000 25.00000000 -7.93168244e-01
88.75300000 26.88100000 88.79100000 27.01000000 -7.41786366e-01
88.75300000 26.88100000 88.93600000 26.96500000 -5.08499435e-01
88.79100000 27.01000000 88.93600000 26.96500000 1.40195390e-01
77.17200000 28.54400000 79.08000000 29.23000000 -3.96725339e-01
79.21100000 30.48600000 79.55900000 30.53100000 -5.37464481e-01
79.55900000 30.53100000 79.77000000 29.82000000 -4.40963959e+00
79.62000000 29.63800000 79.43000000 29.64000000 -3.60955247e-01
79.62000000 29.63800000 79.65000000 29.59000000 -3.48765303e-02
79.62000000 29.63800000 79.77000000 29.82000000 -1.78159005e+00
80.04100000 29.83800000 79.77000000 29.82000000 -7.28328653e-01
80.04100000 29.83800000 79.90000000 29.78000000 -8.71429382e-01
80.04100000 29.83800000 80.23000000 29.59000000 -8.98818022e-01
80.04100000 29.83800000 80.34000000 29.76000000 -4.86392864e-01
82.57300000 28.06300000 83.55400000 27.87400000 -9.30790480e-01
82.57300000 28.06300000 83.71800000 28.78100000 -7.16735025e+00
83.41800000 27.50700000 83.55400000 27.87400000 -9.23295368e-02
83.55400000 27.87400000 83.71800000 28.78100000 -5.72359110e+00
83.55400000 27.87400000 83.97800000 28.19900000 -1.58580710e+00
85.92499999 26.71100000 91.23700000 25.00000000 -5.84882459e-02
86.71499999 27.80300000 86.72499999 27.68300000 -2.07070844e-01
86.71499999 27.80300000 86.82299999 27.89400000 -2.91684838e-01
86.72499999 27.68300000 86.82299999 27.89400000 -4.65030118e-01
86.72499999 27.68300000 87.20599999 27.38000000 -1.24784171e+00
86.82299999 27.89400000 86.92899999 27.97300000 -2.00647640e-01
86.82299999 27.89400000 87.20599999 27.38000000 -2.00959137e+00
86.82699999 28.19400000 86.92899999 27.97300000 -2.54673504e-01
86.92899999 27.97300000 87.20599999 27.38000000 -2.24879453e+00
79.08000000 29.23000000 79.43000000 29.64000000 1.97581003e+00
79.08000000 29.23000000 79.51000001 29.21000000 -4.47833155e-02
79.43000000 29.64000000 79.51000001 29.21000000 -6.87986782e+00
79.43000000 29.64000000 79.65000000 29.59000000 -1.21521119e-01
79.43000000 29.64000000 79.77000000 29.82000000 -2.22119413e+00
79.51000001 29.21000000 79.65000000 29.59000000 2.07885626e-01
79.51000001 29.21000000 80.09000000 29.33000000 9.33555803e-01
79.51000001 29.21000000 80.18000000 29.10000000 1.27556520e+00
79.65000000 29.59000000 79.77000000 29.82000000 -1.90838778e+00
79.65000000 29.59000000 79.90000000 29.78000000 -2.02582536e+00
79.65000000 29.59000000 80.09000000 29.33000000 -8.84811767e-01
79.77000000 29.82000000 79.90000000 29.78000000 -1.01128456e-01
79.90000000 29.78000000 80.09000000 29.33000000 -1.42551236e+00
79.90000000 29.78000000 80.23000000 29.59000000 -4.13143083e-01
80.09000000 29.33000000 80.18000000 29.10000000 -5.50891521e-01
80.09000000 29.33000000 80.23000000 29.59000000 -1.31593038e+00
80.23000000 29.59000000 80.34000000 29.76000000 -2.15599100e+00
80.34000000 29.76000000 80.56000000 29.86000000 -1.73880432e+00
73.24900000 34.42000000 73.39100000 33.89500000 3.14254784e-02
73.24900000 34.42000000 73.65300000 33.97800000 1.76376206e-02
73.24900000 34.42000000 73.93500000 33.93000000 -3.56995865e-03
73.24900000 34.42000000 74.48400000 34.09500000 -2.62491298e-01
73.24900000 34.42000000 74.97400000 34.35300000 3.06181692e-01
73.39100000 33.89500000 73.65300000 33.97800000 -9.40441843e-03
73.39100000 33.89500000 73.75200000 33.87100000 -1.85712720e-02
73.39100000 33.89500000 74.34700000 33.39500000 2.36188100e-01
73.65300000 33.97800000 73.75200000 33.87100000 7.21323476e-03
73.65300000 33.97800000 73.93500000 33.93000000 -2.00936232e-02
73.75200000 33.87100000 73.93500000 33.93000000 -5.33184044e-03
73.75200000 33.87100000 74.34700000 33.39500000 2.47540946e-01
73.93500000 33.93000000 74.34700000 33.39500000 2.56423049e-01
73.93500000 33.93000000 74.48400000 34.09500000 1.77617368e-01
73.93500000 33.93000000 74.59300000 33.99300000 -2.57447107e-01
74.34700000 33.39500000 74.59300000 33.99300000 1.26619724e+00
74.34700000 33.39500000 75.03700000 33.59500000 1.24215221e+00
74.48400000 34.09500000 74.59300000 33.99300000 -7.89507099e-01
74.48400000 34.09500000 74.81700000 34.10900000 2.75998221e-01
74.48400000 34.09500000 74.83700000 34.13000000 3.67610670e-01
74.48400000 34.09500000 74.97400000 34.35300000 5.53617071e-01
74.59300000 33.99300000 74.81700000 34.10900000 5.26990857e-01
74.59300000 33.99300000 75.03700000 33.59500000 1.89575900e-01
74.81700000 34.10900000 74.83700000 34.13000000 -3.02467437e-03
74.81700000 34.10900000 74.88900000 34.12000000 9.08140524e-02
74.81700000 34.10900000 75.03700000 33.59500000 -5.39924135e-01
74.83700000 34.13000000 74.88900000 34.12000000 5.15996170e-02
74.83700000 34.13000000 74.97400000 34.35300000 -2.51622828e-01
74.83700000 34.13000000 75.04500000 34.22700000 3.76429798e-02
74.88900000 34.12000000 75.03700000 33.59500000 -6.80155328e-01
74.88900000 34.12000000 75.04500000 34.22700000 -4.79858972e-02
74.88900000 34.12000000 75.27200000 34.10000000 1.39300493e-01
74.97400000 34.35300000 75.04500000 34.22700000 -1.39983829e-01
74.97400000 34.35300000 75.32500000 34.29200000 1.06412848e-02
74.97400000 34.35300000 75.76900000 34.42400000 -1.03277101e-01
75.03700000 33.59500000 75.27200000 34.10000000 -9.17094927e-01
75.04500000 34.22700000 75.27200000 34.10000000 -3.73547079e-02
75.04500000 34.22700000 75.32500000 34.29200000 -5.55527847e-02
75.27200000 34.10000000 75.32500000 34.29200000 -3.04272287e-01
75.27200000 34.10000000 75.76900000 34.42400000 -5.10906027e-01
75.32500000 34.29200000 75.76900000 34.42400000 -1.92557540e-01
75.76900000 34.42400000 76.16200000 34.55900000 -2.03771666e-01
