79.09800000 31.88700000 79.81400000 31.49800000 1.61381321e-01
79.09800000 31.88700000 80.29300000 31.71100000 -5.06735507e-01
79.09800000 31.88700000 77.92100000 32.36400000 2.10358970e+00
79.09800000 31.88700000 78.75400000 31.03700000 -2.21949732e+00
79.09800000 31.88700000 78.97300000 32.77900000 -3.17959959e+00
79.09800000 31.88700000 78.67600000 30.99700000 -2.71125169e+00
79.81400000 31.49800000 80.29300000 31.71100000 -9.13451482e-01
79.81400000 31.49800000 80.42900000 30.96100000 -7.87078490e-02
79.81400000 31.49800000 78.75400000 31.03700000 -3.13130176e+00
79.81400000 31.49800000 79.49300000 30.74300000 -1.47781452e+00
80.29300000 31.71100000 80.42900000 30.96100000 3.39112714e-02
80.29300000 31.71100000 81.42800000 30.83700000 1.52398482e-01
80.29300000 31.71100000 78.97300000 32.77900000 4.99736078e-01
80.42900000 30.96100000 81.17600000 30.29000000 -9.64963574e-01
80.42900000 30.96100000 81.42800000 30.83700000 3.47132097e-02
80.42900000 30.96100000 79.49300000 30.74300000 -1.88860919e+00
80.42900000 30.96100000 80.24000000 30.06000000 -4.88554760e+00
80.42900000 30.96100000 79.55900000 30.53100000 -3.11752469e+00
81.17600000 30.29000000 81.42800000 30.83700000 -1.07906071e+00
81.17600000 30.29000000 81.85600000 30.71600000 -8.14748644e-01
81.17600000 30.29000000 80.24000000 30.06000000 -2.56841868e+00
81.17600000 30.29000000 81.20100000 29.47400000 -6.13738045e+00
81.17600000 30.29000000 81.80700000 29.96900000 5.07049410e-01
81.17600000 30.29000000 80.56000000 29.86000000 -4.63244035e+00
81.42800000 30.83700000 81.85600000 30.71600000 1.88742809e-02
81.85600000 30.71600000 82.83200000 30.38900000 -3.72016034e-01
81.85600000 30.71600000 81.80700000 29.96900000 -2.13102375e+00
82.83200000 30.38900000 83.24000000 29.80000000 -6.07802176e-01
82.83200000 30.38900000 84.03900000 29.72100000 -4.18600508e-01
82.83200000 30.38900000 81.80700000 29.96900000 -9.65971059e-01
82.83200000 30.38900000 82.19300000 29.27800000 -5.49705845e+00
82.83200000 30.38900000 85.74100000 29.59100000 3.09699872e-01
83.24000000 29.80000000 84.03900000 29.72100000 -1.22300704e-01
83.24000000 29.80000000 84.04300000 29.53400000 -2.81603138e-01
83.24000000 29.80000000 82.19300000 29.27800000 -3.31457725e+00
83.24000000 29.80000000 82.81800000 28.98400000 -3.76643916e+00
83.24000000 29.80000000 83.89500000 29.17900000 -1.34726292e+00
84.03900000 29.72100000 84.15600000 29.68000000 2.72456990e-02
84.03900000 29.72100000 84.04300000 29.53400000 -4.93927478e-01
84.03900000 29.72100000 85.74100000 29.59100000 6.29338738e-03
84.15600000 29.68000000 84.04300000 29.53400000 -4.13921456e-01
84.15600000 29.68000000 85.21000000 29.44000000 4.62655059e-01
84.15600000 29.68000000 85.74100000 29.59100000 -7.47840331e-02
85.44200000 28.95900000 85.64000000 29.44100000 -1.26682874e+00
85.44200000 28.95900000 86.38699999 28.68700000 1.42784430e-02
85.44200000 28.95900000 85.21000000 29.44000000 -5.93919153e-01
85.44200000 28.95900000 86.01999999 28.30000000 3.54798381e-01
85.44200000 28.95900000 84.41000000 28.37500000 -1.85453431e+00
85.44200000 28.95900000 85.31399999 28.20700000 -1.98496833e+00
85.64000000 29.44100000 86.38699999 28.68700000 -9.36224409e-01
85.64000000 29.44100000 85.21000000 29.44000000 -2.78312711e-01
85.64000000 29.44100000 85.74100000 29.59100000 -3.59052601e-01
85.97499999 28.14900000 85.32899999 28.17100000 6.60930671e-01
85.97499999 28.14900000 86.01999999 28.29000000 -6.44314037e-01
85.97499999 28.14900000 86.01999999 28.30000000 -6.67961460e-01
85.97499999 28.14900000 86.22999999 27.63500000 -2.11996682e+00
85.97499999 28.14900000 86.81299999 27.95800000 -3.99304765e-02
85.97499999 28.14900000 85.31399999 28.20700000 8.21060047e-01
85.97499999 28.14900000 85.87699999 27.91000000 -1.23437560e+00
85.97499999 28.14900000 86.71199999 27.81400000 4.52716271e-01
85.97499999 28.14900000 86.82699999 28.19400000 -4.53238875e-01
86.38699999 28.68700000 86.96699999 28.39200000 -3.50792812e-01
86.38699999 28.68700000 87.05999999 28.58700000 -6.98366547e-01
86.38699999 28.68700000 87.08600000 29.32000000 -1.30497308e+00
86.38699999 28.68700000 86.93999999 28.35700000 -2.92453775e-01
86.38699999 28.68700000 86.01999999 28.30000000 -1.68464930e+00
86.38699999 28.68700000 86.82699999 28.19400000 -6.82613358e-02
86.38699999 28.68700000 85.74100000 29.59100000 -1.24033763e+00
86.94099999 28.35700000 86.82699999 28.19400000 -1.21575643e-01
86.94099999 28.35700000 86.92899999 27.97300000 1.43370444e-01
86.96699999 28.39200000 87.05999999 28.58700000 -2.84666767e-01
86.96699999 28.39200000 87.76900000 28.53800000 -1.10765163e+00
86.96699999 28.39200000 86.92899999 27.97300000 1.51263058e-01
86.96699999 28.39200000 87.15499999 28.63000000 -4.83734566e-01
87.05999999 28.58700000 87.08600000 29.32000000 -8.30779434e-01
87.05999999 28.58700000 87.15499999 28.63000000 -1.85936724e-01
87.08600000 29.32000000 85.74100000 29.59100000 -8.35477316e-01
87.18400000 29.26900000 87.57700000 29.11800000 -5.28218917e-02
87.18400000 29.26900000 87.15499999 28.63000000 -7.04777937e-01
87.76900000 28.53800000 88.56000000 28.24400000 -1.05083450e+00
87.76900000 28.53800000 88.86500000 29.24900000 -4.27727147e-01
87.76900000 28.53800000 87.57700000 29.11800000 -7.41945822e-01
87.76900000 28.53800000 87.70999999 27.35200000 -3.63956133e+00
87.76900000 28.53800000 86.92899999 27.97300000 -7.21109662e-01
87.76900000 28.53800000 87.15499999 28.63000000 -5.64729393e-01
87.76900000 28.53800000 88.86400000 29.25000000 -4.27493847e-01
88.56000000 28.24400000 88.86500000 29.24900000 -1.62523168e+00
88.56000000 28.24400000 89.15400000 27.72100000 -7.02242097e-01
88.56000000 28.24400000 89.30500000 27.93100000 1.73177922e-01
88.56000000 28.24400000 89.55600000 28.91100000 -5.92837764e-01
88.56000000 28.24400000 89.62700000 28.31500000 1.01586035e+00
88.56000000 28.24400000 88.56900000 27.36500000 -3.18481353e+00
88.56000000 28.24400000 88.91000000 27.49000000 -1.27889075e+00
88.56000000 28.24400000 87.70999999 27.35200000 -3.67243878e+00
88.86500000 29.24900000 89.55600000 28.91100000 -6.19199096e-01
88.86500000 29.24900000 90.15400000 29.44400000 1.80511041e-02
88.86500000 29.24900000 89.57300000 28.91400000 -6.18465185e-01
88.90600000 27.43700000 89.15400000 27.72100000 -6.43324305e-01
88.90600000 27.43700000 88.56900000 27.36500000 -4.98681463e-01
88.90600000 27.43700000 89.39200000 26.84900000 -1.33756026e+00
88.90600000 27.43700000 89.63500000 27.47200000 -1.06933158e+00
88.90600000 27.43700000 88.70200000 27.02400000 -2.78556026e+00
88.90600000 27.43700000 88.79100000 27.01000000 -2.73414279e+00
88.90600000 27.43700000 88.93600000 26.96500000 -2.69338052e+00
89.15400000 27.72100000 89.30500000 27.93100000 -5.91985553e-01
89.15400000 27.72100000 88.91000000 27.49000000 -5.94774664e-01
89.15400000 27.72100000 89.63500000 27.47200000 -7.80565141e-01
89.30500000 27.93100000 89.62700000 28.31500000 -8.47525492e-01
89.30500000 27.93100000 89.63500000 27.47200000 -1.48396457e+00
89.55600000 28.91100000 89.62700000 28.31500000 -1.51069030e+00
89.55600000 28.91100000 89.91100000 28.61900000 -3.83978085e-01
89.62700000 28.31500000 89.91100000 28.61900000 -9.45401737e-01
89.62700000 28.31500000 90.55800000 28.41900000 -5.94366064e-01
89.62700000 28.31500000 89.63500000 27.47200000 -2.83999770e+00
89.91100000 28.61900000 90.10700000 28.93200000 -8.93136117e-01
89.91100000 28.61900000 90.55800000 28.41900000 4.66807405e-02
89.91100000 28.61900000 89.57300000 28.91400000 -4.00803432e-01
90.10700000 28.93200000 90.15400000 29.44400000 -9.61691101e-01
90.10700000 28.93200000 90.26700000 29.32400000 -7.40119852e-01
90.10700000 28.93200000 90.55800000 28.41900000 -6.75163061e-01
90.10700000 28.93200000 90.95900000 29.27800000 -2.41071860e-01
90.10700000 28.93200000 89.57300000 28.91400000 1.51774723e-01
90.15400000 29.44400000 90.26700000 29.32400000 -1.19265820e-01
90.15400000 29.44400000 78.70400000 33.19100000 4.40709415e-01
90.15400000 29.44400000 89.57300000 28.91400000 -4.88748995e-01
90.15400000 29.44400000 85.74100000 29.59100000 -3.70950137e-01
90.26700000 29.32400000 90.95900000 29.27800000 2.98159279e-01
90.55800000 28.41900000 91.88900000 28.96000000 -9.76023295e-01
90.55800000 28.41900000 91.91000000 27.97100000 4.14823856e-01
90.55800000 28.41900000 89.63500000 27.47200000 -2.97558356e+00
90.55800000 28.41900000 90.95900000 29.27800000 -2.29447817e+00
91.88900000 28.96000000 91.91000000 27.97100000 -2.17515095e+00
91.88900000 28.96000000 92.39900000 28.42200000 4.72351388e-01
91.88900000 28.96000000 93.07300000 29.04400000 -5.59521923e-02
91.88900000 28.96000000 92.43900000 28.43200000 6.12390634e-01
91.88900000 28.96000000 90.95900000 29.27800000 7.07444130e-01
91.91000000 27.97100000 92.39900000 28.42200000 -1.21980515e+00
91.91000000 27.97100000 92.41500000 27.27000000 -4.83031126e+00
91.91000000 27.97100000 89.63500000 27.47200000 -1.76878073e+00
92.39900000 28.42200000 92.41500000 27.27000000 -8.02342026e+00
93.07300000 29.04400000 92.43900000 28.43200000 -1.68772326e+00
93.07300000 29.04400000 92.41500000 27.27000000 -9.41662152e+00
93.07300000 29.04400000 90.95900000 29.27800000 9.94618709e-01
83.95300000 29.17800000 84.04300000 29.53400000 -1.25886724e+00
83.95300000 29.17800000 85.21000000 29.44000000 -5.88841668e-01
83.95300000 29.17800000 83.74300000 28.80500000 -1.74938071e+00
83.95300000 29.17800000 84.41000000 28.37500000 -2.73010961e+00
84.04300000 29.53400000 85.21000000 29.44000000 3.38839985e-01
84.04300000 29.53400000 83.89500000 29.17900000 -1.26452183e+00
86.93999999 28.35700000 86.82699999 28.19400000 -1.19197383e-01
75.36300000 32.56500000 75.88100000 32.30400000 -6.25240064e-01
75.36300000 32.56500000 75.93800000 31.47900000 -5.75376256e-01
75.36300000 32.56500000 75.99300000 32.53600000 -1.90905713e-01
75.36300000 32.56500000 74.34700000 33.39500000 -1.14931158e+00
75.36300000 32.56500000 75.03700000 33.59500000 -8.76531173e-01
75.88100000 32.30400000 75.93800000 31.47900000 2.43441974e-01
75.88100000 32.30400000 75.99300000 32.53600000 -2.12111568e-01
75.88100000 32.30400000 76.29400000 31.89700000 -5.19696312e-01
75.88100000 32.30400000 76.30700000 32.24800000 -5.97944420e-01
75.93800000 31.47900000 76.29400000 31.89700000 1.12154621e+00
75.93800000 31.47900000 76.30700000 31.53800000 1.79280577e+00
75.93800000 31.47900000 77.12600000 28.48200000 -3.25616078e-01
75.93800000 31.47900000 77.63000000 30.27600000 -8.12551344e-01
75.93800000 31.47900000 77.17200000 28.54400000 -3.20066006e-01
75.93800000 31.47900000 73.39100000 33.89500000 2.54556055e-01
75.93800000 31.47900000 74.34700000 33.39500000 -1.71474865e+00
75.99300000 32.53600000 76.30700000 32.24800000 -1.07662129e+00
75.99300000 32.53600000 76.68900000 32.69800000 -5.51974967e-01
75.99300000 32.53600000 75.03700000 33.59500000 -1.39511571e+00
76.29400000 31.89700000 76.30700000 31.53800000 -2.05257016e-02
76.29400000 31.89700000 76.30700000 32.24800000 -3.41979076e-01
76.29400000 31.89700000 76.67300000 31.91900000 -1.11859670e+00
76.30700000 31.53800000 76.67300000 31.91900000 -1.01177642e+00
76.30700000 31.53800000 76.81500000 31.63400000 -2.18889853e-01
76.30700000 31.53800000 77.63000000 30.27600000 -2.45766374e+00
76.30700000 32.24800000 76.67300000 31.91900000 -1.05187584e+00
76.30700000 32.24800000 76.68900000 32.69800000 -1.61926332e+00
76.30700000 32.24800000 77.19200000 32.31700000 -2.98695337e+00
76.67300000 31.91900000 76.81500000 31.63400000 5.29308039e-01
76.67300000 31.91900000 77.10800000 32.06700000 -4.66248132e+00
76.67300000 31.91900000 77.19200000 32.31700000 -4.66573682e+00
76.68900000 32.69800000 77.17500000 32.63400000 -2.87467117e-01
76.68900000 32.69800000 77.19200000 32.31700000 -1.67265910e+00
76.68900000 32.69800000 77.42500000 32.79800000 -3.97975083e-01
76.68900000 32.69800000 77.60000000 34.12800000 -2.58199497e+00
76.68900000 32.69800000 75.03700000 33.59500000 -6.08095541e-01
76.68900000 32.69800000 75.27200000 34.10000000 -1.17278108e+00
76.68900000 32.69800000 75.76900000 34.42400000 -1.72381988e+00
76.68900000 32.69800000 76.16200000 34.55900000 -2.00711710e+00
76.81500000 31.63400000 77.10800000 32.06700000 -6.45772723e+00
76.81500000 31.63400000 77.63000000 30.27600000 -3.32255390e+00
76.81500000 31.63400000 78.02100000 30.45900000 -1.39957859e+00
76.81500000 31.63400000 78.67600000 30.99700000 1.69223844e+00
77.10800000 32.06700000 77.19200000 32.31700000 -2.92827900e-02
77.10800000 32.06700000 77.92100000 32.36400000 -2.51508226e+00
77.10800000 32.06700000 78.67600000 30.99700000 4.44766736e+00
77.12600000 28.48200000 78.60800001 25.45200000 -6.34147394e-01
77.12600000 28.48200000 79.08000000 29.23000000 -1.46384751e-01
77.12600000 28.48200000 73.39100000 33.89500000 6.81559121e-01
77.17500000 32.63400000 77.19200000 32.31700000 -1.10915611e+00
77.17500000 32.63400000 77.42500000 32.79800000 -7.56259408e-01
77.19200000 32.31700000 77.42500000 32.79800000 -1.83326428e+00
77.19200000 32.31700000 77.92100000 32.36400000 -1.71982401e+00
77.42500000 32.79800000 77.80800000 33.97200000 3.60495736e-01
77.42500000 32.79800000 77.92100000 32.36400000 -1.78589783e+00
77.42500000 32.79800000 78.66000000 33.20900000 -2.85472080e+00
77.42500000 32.79800000 77.60000000 34.12800000 7.89320048e-01
77.63000000 30.27600000 77.86000000 30.32900000 -9.19796656e-02
77.63000000 30.27600000 77.86800000 30.14700000 3.45809498e-01
77.63000000 30.27600000 78.02100000 30.45900000 -1.47044538e+00
77.63000000 30.27600000 77.17200000 28.54400000 -1.93949219e+00
77.80800000 33.97200000 78.66000000 33.20900000 3.18885740e-01
77.86000000 30.32900000 77.86800000 30.14700000 -1.65114418e-01
77.86000000 30.32900000 77.97400000 30.28500000 1.52277582e-02
77.86000000 30.32900000 78.01400000 30.32900000 -2.37328857e-01
77.86000000 30.32900000 78.02100000 30.45900000 -1.44345571e+00
77.86800000 30.14700000 77.97400000 30.28500000 -3.89037356e-01
77.86800000 30.14700000 77.97900000 30.09500000 4.38622896e-02
77.92100000 32.36400000 78.66000000 33.20900000 9.74821975e-01
77.92100000 32.36400000 78.97300000 32.77900000 7.66337141e-01
77.92100000 32.36400000 78.67600000 30.99700000 -2.52267880e+00
77.97400000 30.28500000 77.97900000 30.09500000 -1.79459639e-01
77.97400000 30.28500000 78.01400000 30.32900000 -2.81070996e-01
77.97400000 30.28500000 78.18700000 30.19100000 -6.63131825e-02
77.97900000 30.09500000 78.18700000 30.19100000 -5.56491180e-01
77.97900000 30.09500000 78.68000000 29.84800000 -2.52313383e+00
77.97900000 30.09500000 77.17200000 28.54400000 -2.11138450e+00
78.01400000 30.32900000 78.02100000 30.45900000 -1.01955640e+00
78.01400000 30.32900000 78.11500000 30.45200000 -1.84254999e+00
78.01400000 30.32900000 78.15500000 30.34200000 -4.09466319e-01
78.01400000 30.32900000 78.18700000 30.19100000 1.71088130e-02
78.02100000 30.45900000 78.11500000 30.45200000 -3.64719769e-01
78.02100000 30.45900000 78.67600000 30.99700000 -9.45105061e+00
78.11500000 30.45200000 78.15500000 30.34200000 -8.41384498e-01
78.11500000 30.45200000 78.61700000 30.80600000 -6.79659756e+00
78.11500000 30.45200000 78.36500000 30.40400000 -1.03196897e+00
78.15500000 30.34200000 78.18700000 30.19100000 -4.64214915e-01
78.15500000 30.34200000 78.36800000 30.39400000 -2.14674024e+00
78.15500000 30.34200000 78.36500000 30.40400000 -2.25820045e+00
78.18700000 30.19100000 78.36800000 30.39400000 -3.06922638e+00
78.18700000 30.19100000 78.68000000 29.84800000 -2.24274419e+00
78.36800000 30.39400000 78.61700000 30.80600000 -6.86973475e+00
78.36800000 30.39400000 78.68000000 29.84800000 -2.89859467e+00
78.36800000 30.39400000 79.09000000 30.29800000 -1.62696297e+00
78.60800001 25.45200000 80.94300001 26.89100000 3.68679135e-02
78.60800001 25.45200000 85.92499999 26.71100000 -1.40296404e+00
78.60800001 25.45200000 79.08000000 29.23000000 -1.04555656e+00
78.60800001 25.45200000 91.23700000 25.00000000 3.04151058e-01
78.61700000 30.80600000 78.75400000 31.03700000 -2.71888798e+00
78.61700000 30.80600000 79.09000000 30.29800000 -1.84122336e+00
78.61700000 30.80600000 78.36500000 30.40400000 -6.76056478e+00
78.61700000 30.80600000 78.67600000 30.99700000 -2.43449338e+00
78.61700000 30.80600000 79.21100000 30.48600000 -2.94040697e+00
78.66000000 33.20900000 78.97300000 32.77900000 -1.47782337e+00
78.68000000 29.84800000 79.09000000 30.29800000 -8.65009994e+00
78.68000000 29.84800000 77.17200000 28.54400000 -7.82066202e-01
78.68000000 29.84800000 79.08000000 29.23000000 -2.41471511e+00
78.68000000 29.84800000 79.43000000 29.64000000 -2.17975902e+00
78.75400000 31.03700000 79.49300000 30.74300000 -1.76240123e+00
78.75400000 31.03700000 78.67600000 30.99700000 -3.21332489e-01
78.75400000 31.03700000 79.21100000 30.48600000 -4.41681582e+00
79.09000000 30.29800000 79.19400000 30.32900000 -9.18440419e-01
79.09000000 30.29800000 79.21100000 30.48600000 -2.99871417e+00
79.09000000 30.29800000 79.43000000 29.64000000 -2.83697916e+00
79.19400000 30.32900000 79.21100000 30.48600000 -1.42614013e+00
79.19400000 30.32900000 79.55900000 30.53100000 -3.87086691e+00
79.19400000 30.32900000 79.43000000 29.64000000 -3.20207424e+00
79.19400000 30.32900000 79.77000000 29.82000000 -1.81029252e+00
79.49300000 30.74300000 79.21100000 30.48600000 -2.95222411e+00
79.49300000 30.74300000 79.55900000 30.53100000 -2.25359834e+00
80.24000000 30.06000000 79.55900000 30.53100000 -2.14902781e-01
80.24000000 30.06000000 80.04100000 29.83800000 -4.50451329e+00
80.24000000 30.06000000 79.77000000 29.82000000 -4.39805199e+00
80.24000000 30.06000000 80.34000000 29.76000000 -3.62387788e+00
80.24000000 30.06000000 80.56000000 29.86000000 -2.43726431e-01
80.94300001 26.89100000 80.14800001 28.96300000 -5.98845764e-01
80.94300001 26.89100000 81.11600000 28.61300000 -1.11676145e-01
80.94300001 26.89100000 81.57500000 28.13400000 -1.12345986e+00
80.94300001 26.89100000 82.09500000 28.01000000 3.77672722e-01
80.94300001 26.89100000 82.54000000 27.78600000 -5.28415518e-01
80.94300001 26.89100000 80.58200000 28.75400000 5.25408603e+00
80.94300001 26.89100000 81.61500000 28.04900000 -7.57396920e-01
80.94300001 26.89100000 85.92499999 26.71100000 -4.04358587e-01
80.94300001 26.89100000 79.08000000 29.23000000 -5.54332754e-01
88.56900000 27.36500000 88.91000000 27.49000000 -7.35807026e-01
88.56900000 27.36500000 87.70999999 27.35200000 -6.79584146e-01
88.56900000 27.36500000 88.70200000 27.02400000 -1.50454686e+00
88.56900000 27.36500000 88.50300000 27.08900000 -1.47219126e+00
89.39200000 26.84900000 92.41500000 27.27000000 -3.41222877e+00
89.39200000 26.84900000 89.63500000 27.47200000 -2.00360697e+00
89.39200000 26.84900000 88.73800000 26.75100000 -1.26692901e+00
89.39200000 26.84900000 88.93600000 26.96500000 -4.76668279e-02
89.39200000 26.84900000 91.23700000 25.00000000 -2.86344683e+00
92.43900000 28.43200000 92.41500000 27.27000000 -8.12816449e+00
80.14800001 28.96300000 80.63600000 29.01200000 5.32348544e-01
80.14800001 28.96300000 80.58200000 28.75400000 1.54400073e+00
80.14800001 28.96300000 79.08000000 29.23000000 2.12584373e-02
80.14800001 28.96300000 79.51000001 29.21000000 4.00279432e-02
80.14800001 28.96300000 80.18000000 29.10000000 1.49488698e-01
80.60200000 29.33400000 80.72100000 29.52700000 -2.54328092e+00
80.60200000 29.33400000 80.50100000 29.73400000 -2.82995245e+00
80.60200000 29.33400000 80.62600000 29.17700000 -6.92380540e-01
80.60200000 29.33400000 81.20100000 29.47400000 -2.45220957e+00
80.60200000 29.33400000 80.09000000 29.33000000 -5.12302424e-01
80.60200000 29.33400000 80.18000000 29.10000000 -1.41529418e+00
80.60200000 29.33400000 80.23000000 29.59000000 -1.95999570e-01
80.63600000 29.01200000 81.11600000 28.61300000 2.35832893e-01
80.63600000 29.01200000 81.35300000 28.82400000 2.26275938e-01
80.63600000 29.01200000 80.58200000 28.75400000 8.01920797e-01
80.63600000 29.01200000 80.62600000 29.17700000 -5.01880795e-01
80.63600000 29.01200000 81.20100000 29.47400000 -5.57722156e+00
80.63600000 29.01200000 80.18000000 29.10000000 -5.59334516e-02
80.72100000 29.52700000 80.50100000 29.73400000 -3.94548591e-01
80.72100000 29.52700000 81.20100000 29.47400000 1.92514820e-01
80.72100000 29.52700000 80.56000000 29.86000000 -2.79952657e+00
81.11600000 28.61300000 81.35300000 28.82400000 -8.97081653e-01
81.11600000 28.61300000 81.57500000 28.13400000 -1.34599926e+00
81.11600000 28.61300000 81.63400000 28.58300000 -2.98537550e-01
81.11600000 28.61300000 81.69100000 28.40700000 -1.14518142e-01
81.11600000 28.61300000 80.58200000 28.75400000 3.25169394e-01
81.35300000 28.82400000 81.63400000 28.58300000 -2.54870326e-01
81.35300000 28.82400000 81.63500000 28.58600000 -2.42506110e-01
81.35300000 28.82400000 81.20100000 29.47400000 -5.22566327e+00
81.35300000 28.82400000 81.71400000 28.65600000 -1.06204401e-01
81.35300000 28.82400000 82.19300000 29.27800000 -7.24840377e+00
81.57500000 28.13400000 81.69100000 28.40700000 -5.09338700e-01
81.63400000 28.58300000 81.69100000 28.40700000 -2.38564190e-01
81.63400000 28.58300000 81.71400000 28.65600000 -5.55719060e-01
81.63500000 28.58600000 81.71400000 28.65600000 -5.40148288e-01
81.69100000 28.40700000 82.09500000 28.01000000 -2.31227619e+00
81.69100000 28.40700000 82.34700000 28.24900000 -1.82173174e+00
81.69100000 28.40700000 81.59500000 28.11700000 -5.99001243e-01
81.69100000 28.40700000 81.71400000 28.65600000 -8.56491319e-01
82.09500000 28.01000000 82.24700000 28.03000000 -1.11631235e-01
82.09500000 28.01000000 82.34700000 28.24900000 -8.62335303e-02
82.09500000 28.01000000 82.54000000 27.78600000 -2.46389994e+00
82.09500000 28.01000000 81.59500000 28.11700000 -1.72746458e+00
82.09500000 28.01000000 81.61500000 28.04900000 -7.50831106e-01
82.24700000 28.03000000 82.34700000 28.24900000 -2.22580950e-01
82.24700000 28.03000000 82.54000000 27.78600000 -2.37538780e+00
82.24700000 28.03000000 82.49100000 27.95100000 -2.03670435e+00
82.24700000 28.03000000 82.57300000 28.06300000 -1.72793659e+00
82.34700000 28.24900000 81.71400000 28.65600000 -1.59861426e+00
82.34700000 28.24900000 82.81800000 28.98400000 -1.07114384e+01
82.34700000 28.24900000 82.57300000 28.06300000 -1.33640307e+00
82.50400000 27.95100000 82.54000000 27.78600000 -1.68217268e+00
82.50400000 27.95100000 82.57300000 28.06300000 -3.52697193e-01
82.54000000 27.78600000 82.78500000 27.56800000 -2.45815464e-01
82.54000000 27.78600000 82.49100000 27.95100000 -1.60842295e+00
82.54000000 27.78600000 82.57300000 28.06300000 -2.37466787e+00
82.78500000 27.56800000 82.57300000 28.06300000 -2.39274043e+00
82.78500000 27.56800000 83.41800000 27.50700000 -7.56403296e-04
82.78500000 27.56800000 83.55400000 27.87400000 1.03372953e+00
85.00799999 27.31600000 85.39799999 27.57500000 -1.16935434e+00
85.00799999 27.31600000 84.98499999 27.16600000 4.56253343e-01
85.00799999 27.31600000 85.10799999 27.60800000 -1.66156559e+00
85.00799999 27.31600000 84.43000000 27.67800000 6.33809003e-03
85.21000000 29.44000000 84.41000000 28.37500000 -3.77970345e+00
85.21000000 29.44000000 85.74100000 29.59100000 -7.63086428e-01
85.22199999 28.01500000 85.32899999 28.17100000 -8.57451153e-01
85.22199999 28.01500000 84.38000000 28.22900000 1.51474909e+00
85.22199999 28.01500000 84.41000000 28.37500000 1.35434533e+00
85.22199999 28.01500000 85.10799999 27.60800000 -4.21057904e+00
85.22199999 28.01500000 85.27899999 27.80100000 -2.65874235e+00
85.22199999 28.01500000 85.31399999 28.20700000 -9.79964340e-01
85.22199999 28.01500000 84.43000000 27.67800000 -3.32900123e+00
85.27999999 27.69300000 85.10799999 27.60800000 -2.96086703e-01
85.27999999 27.69300000 85.27899999 27.80100000 -9.13961606e-01
85.27999999 27.69300000 85.28799999 27.68200000 -5.62569091e-02
85.27999999 27.69300000 85.35799999 27.69700000 -1.08712876e-01
85.32899999 28.17100000 85.27899999 27.80100000 -3.74302625e+00
85.32899999 28.17100000 85.52099999 27.69300000 -4.20637216e+00
85.32899999 28.17100000 85.87699999 27.91000000 -1.57879996e+00
85.39799999 27.57500000 85.79399999 27.74500000 -2.57888238e+00
85.39799999 27.57500000 84.98499999 27.16600000 -8.03897195e-01
85.39799999 27.57500000 85.10799999 27.60800000 -2.56937549e-01
85.39799999 27.57500000 85.28799999 27.68200000 -4.43124146e-01
85.39799999 27.57500000 85.52099999 27.69300000 -7.14257537e-01
85.39799999 27.57500000 85.35799999 27.69700000 -4.89668879e-01
85.39799999 27.57500000 85.92499999 26.71100000 -2.45708936e+00
85.79399999 27.74500000 86.22999999 27.63500000 1.91578416e-01
85.79399999 27.74500000 85.52099999 27.69300000 -1.61769247e+00
85.79399999 27.74500000 85.87699999 27.91000000 -9.75938162e-01
85.79399999 27.74500000 85.92499999 26.71100000 -6.55155746e+00
86.01999999 28.29000000 86.82699999 28.19400000 -1.48704227e+00
86.01999999 28.30000000 85.31399999 28.20700000 1.91991691e+00
86.01999999 28.30000000 86.82699999 28.19400000 -1.53577961e+00
86.22999999 27.63500000 85.87699999 27.91000000 6.42739472e-02
86.22999999 27.63500000 86.54999999 27.30500000 3.99727080e-01
86.22999999 27.63500000 86.71199999 27.81400000 -2.79621004e-01
86.22999999 27.63500000 85.92499999 26.71100000 -7.91894681e+00
86.22999999 27.63500000 86.71499999 27.80300000 -2.24767646e-01
86.22999999 27.63500000 86.72499999 27.68300000 5.29995370e-01
86.81299999 27.95800000 86.71199999 27.81400000 2.29451674e-01
86.81299999 27.95800000 86.82299999 27.89400000 1.82225319e-02
86.81299999 27.95800000 86.82699999 28.19400000 8.30106268e-02
86.81299999 27.95800000 86.92899999 27.97300000 -3.38182170e-01
87.57700000 29.11800000 87.15499999 28.63000000 -4.48040430e-01
87.57700000 29.11800000 88.86400000 29.25000000 -1.17558545e-01
78.70400000 33.19100000 85.74100000 29.59100000 -2.42935470e-02
92.41500000 27.27000000 89.63500000 27.47200000 -1.14160270e+00
92.41500000 27.27000000 91.23700000 25.00000000 -9.05862789e+00
80.50100000 29.73400000 80.23000000 29.59000000 -2.79025110e+00
80.50100000 29.73400000 80.34000000 29.76000000 -2.68976353e-01
80.50100000 29.73400000 80.56000000 29.86000000 -2.17204900e+00
80.62600000 29.17700000 81.20100000 29.47400000 -4.29585502e+00
80.62600000 29.17700000 80.18000000 29.10000000 -4.54156191e-01
81.20100000 29.47400000 81.80700000 29.96900000 -5.58486994e+00
81.20100000 29.47400000 82.19300000 29.27800000 -5.49181409e-01
81.20100000 29.47400000 80.56000000 29.86000000 -6.31456398e-02
81.71400000 28.65600000 82.19300000 29.27800000 -8.95618373e+00
81.71400000 28.65600000 82.81800000 28.98400000 -6.43469409e+00
81.80700000 29.96900000 82.19300000 29.27800000 -3.18906948e+00
82.19300000 29.27800000 82.81800000 28.98400000 6.27575535e-01
82.49100000 27.95100000 82.57300000 28.06300000 -2.75725532e-01
82.81800000 28.98400000 83.74300000 28.80500000 -1.00316796e+00
82.81800000 28.98400000 83.89500000 29.17900000 -1.57660471e+00
82.81800000 28.98400000 82.57300000 28.06300000 -1.02211923e+01
82.81800000 28.98400000 83.71800000 28.78100000 -1.00787306e+00
83.60300000 27.76700000 83.82600000 27.45700000 -6.12965816e-01
83.60300000 27.76700000 84.13000000 27.64800000 -1.88431410e-01
83.60300000 27.76700000 83.41800000 27.50700000 1.99591353e-01
83.60300000 27.76700000 83.55400000 27.87400000 -2.73278489e-01
83.60300000 27.76700000 83.97800000 28.19900000 -3.28500714e+00
83.74300000 28.80500000 83.89500000 29.17900000 -1.76649442e+00
83.74300000 28.80500000 83.93600000 28.26000000 -3.41934333e+00
83.74300000 28.80500000 84.41000000 28.37500000 -1.53173778e+00
83.82600000 27.45700000 84.13000000 27.64800000 3.11436690e-01
83.82600000 27.45700000 84.98499999 27.16600000 -2.98350410e-01
83.82600000 27.45700000 83.41800000 27.50700000 -1.20054911e-01
83.93600000 28.26000000 84.41000000 28.37500000 -1.60060203e+00
83.93600000 28.26000000 83.55400000 27.87400000 -3.43785608e+00
83.93600000 28.26000000 83.71800000 28.78100000 -3.29205501e+00
84.13000000 27.64800000 84.26500000 27.97300000 -2.29708408e+00
84.13000000 27.64800000 84.98499999 27.16600000 7.93381521e-01
84.13000000 27.64800000 83.97800000 28.19900000 -2.60472860e+00
84.13000000 27.64800000 84.43000000 27.67800000 -1.33652169e-02
84.26500000 27.97300000 84.38000000 28.22900000 -3.22545400e+00
84.26500000 27.97300000 83.97800000 28.19900000 -2.33076230e-01
84.26500000 27.97300000 84.43000000 27.67800000 -5.88846214e-01
84.38000000 28.22900000 84.41000000 28.37500000 -4.82112652e-01
84.38000000 28.22900000 83.97800000 28.19900000 -1.40402287e+00
84.38000000 28.22900000 84.43000000 27.67800000 -3.69488134e+00
84.41000000 28.37500000 85.31399999 28.20700000 7.90799972e-01
84.41000000 28.37500000 83.97800000 28.19900000 -2.12910048e+00
84.98499999 27.16600000 84.43000000 27.67800000 6.51906160e-02
84.98499999 27.16600000 85.92499999 26.71100000 -1.41334257e+00
85.10799999 27.60800000 85.27899999 27.80100000 -1.18957339e+00
85.10799999 27.60800000 85.28799999 27.68200000 -2.55901778e-01
85.10799999 27.60800000 84.43000000 27.67800000 9.72413008e-02
85.27899999 27.80100000 85.52099999 27.69300000 -7.80574277e-01
85.27899999 27.80100000 85.35799999 27.69700000 -7.86648532e-01
85.28799999 27.68200000 85.35799999 27.69700000 -1.02506327e-01
85.52099999 27.69300000 85.87699999 27.91000000 -2.68398603e+00
85.52099999 27.69300000 85.35799999 27.69700000 -4.43828756e-01
86.54999999 27.30500000 86.59699999 26.99100000 -3.23517080e+00
86.54999999 27.30500000 85.92499999 26.71100000 -6.75003341e+00
86.54999999 27.30500000 86.72499999 27.68300000 -2.21983903e+00
86.54999999 27.30500000 87.20599999 27.38000000 7.08326855e-01
86.59699999 26.99100000 87.39199999 26.86600000 -2.88883340e-01
86.59699999 26.99100000 85.92499999 26.71100000 -1.59253023e+00
86.59699999 26.99100000 87.20599999 27.38000000 -1.74200569e+00
86.71199999 27.81400000 86.82299999 27.89400000 7.94698790e-02
87.39199999 26.86600000 87.70999999 27.35200000 -2.22484153e+00
87.39199999 26.86600000 88.18500000 26.88300000 2.50235494e+00
87.39199999 26.86600000 88.35000000 26.71100000 8.04227450e-02
87.39199999 26.86600000 85.92499999 26.71100000 1.57418108e+00
87.39199999 26.86600000 87.20599999 27.38000000 -5.52791644e+00
87.70999999 27.35200000 88.40000000 26.98000000 -1.26181968e+00
87.70999999 27.35200000 88.18500000 26.88300000 -1.70920936e+00
87.70999999 27.35200000 86.92899999 27.97300000 -2.08163588e+00
87.70999999 27.35200000 87.20599999 27.38000000 7.64074823e-01
87.70999999 27.35200000 88.50300000 27.08900000 -1.06543199e+00
77.60000000 34.12800000 76.16200000 34.55900000 1.81297642e-01
88.40000000 26.98000000 88.18500000 26.88300000 -2.48080746e-01
88.40000000 26.98000000 88.35000000 26.71100000 -3.31499235e-01
88.40000000 26.98000000 88.56900000 26.88900000 -2.43030233e-01
88.40000000 26.98000000 88.50300000 27.08900000 -1.63619676e+00
88.68000000 27.00000000 88.56900000 26.88900000 -1.43642096e+00
88.68000000 27.00000000 88.70200000 27.02400000 -5.06729646e-01
88.68000000 27.00000000 88.75300000 26.88100000 -5.99927625e-01
88.68000000 27.00000000 88.79100000 27.01000000 -2.38894888e-01
88.68000000 27.00000000 88.50300000 27.08900000 -1.67622604e-01
88.18500000 26.88300000 88.35000000 26.71100000 -9.30062428e-01
88.35000000 26.71100000 88.56900000 26.88900000 -1.16207744e-01
88.35000000 26.71100000 88.73800000 26.75100000 -1.07195442e-01
88.35000000 26.71100000 85.92499999 26.71100000 -5.78246277e-01
88.35000000 26.71100000 91.23700000 25.00000000 -1.66660903e+00
88.56900000 26.88900000 88.73800000 26.75100000 -2.29314206e-01
88.56900000 26.88900000 88.75300000 26.88100000 -5.40537940e-02
88.56900000 26.88900000 88.50300000 27.08900000 -1.56525405e+00
88.70200000 27.02400000 88.79100000 27.01000000 6.99462087e-02
88.70200000 27.02400000 88.50300000 27.08900000 -9.71485315e-02
88.73800000 26.75100000 88.75300000 26.88100000 -4.83463899e-01
88.73800000 26.75100000 88.93600000 26.96500000 -2.02034468e+00
88.73800000 26.75100000 91.23700000 25.00000000 -9.29202250e-01
88.75300000 26.88100000 88.79100000 27.01000000 -1.87523176e+00
88.75300000 26.88100000 88.93600000 26.96500000 -1.23613611e+00
88.79100000 27.01000000 88.93600000 26.96500000 3.18226805e-01
77.17200000 28.54400000 79.08000000 29.23000000 -1.07933600e-01
79.21100000 30.48600000 79.55900000 30.53100000 -4.66617081e-01
79.55900000 30.53100000 79.77000000 29.82000000 -4.58858038e+00
79.62000000 29.63800000 79.43000000 29.64000000 -2.74274400e-01
79.62000000 29.63800000 79.65000000 29.59000000 -2.19037798e-02
79.62000000 29.63800000 79.77000000 29.82000000 -1.77842471e+00
80.04100000 29.83800000 79.77000000 29.82000000 -6.06165610e-01
80.04100000 29.83800000 79.90000000 29.78000000 -8.09689039e-01
80.04100000 29.83800000 80.23000000 29.59000000 -8.36325100e-01
80.04100000 29.83800000 80.34000000 29.76000000 -4.42974926e-01
82.57300000 28.06300000 83.55400000 27.87400000 -5.38364007e-01
82.57300000 28.06300000 83.71800000 28.78100000 -7.13420294e+00
83.41800000 27.50700000 83.55400000 27.87400000 -2.80851141e-01
83.55400000 27.87400000 83.71800000 28.78100000 -7.07116021e+00
83.55400000 27.87400000 83.97800000 28.19900000 -2.90898020e+00
85.92499999 26.71100000 91.23700000 25.00000000 -4.65663868e-01
86.71499999 27.80300000 86.72499999 27.68300000 9.62434790e-02
86.71499999 27.80300000 86.82299999 27.89400000 1.31945962e-01
86.72499999 27.68300000 86.82299999 27.89400000 3.92368432e-01
86.72499999 27.68300000 87.20599999 27.38000000 -1.54592569e+00
86.82299999 27.89400000 86.92899999 27.97300000 -1.72476573e-01
86.82299999 27.89400000 87.20599999 27.38000000 -1.77647705e+00
86.82699999 28.19400000 86.92899999 27.97300000 -8.92720713e-02
86.92899999 27.97300000 87.20599999 27.38000000 -1.73396033e+00
79.08000000 29.23000000 79.43000000 29.64000000 1.95662985e+00
79.08000000 29.23000000 79.51000001 29.21000000 -4.03893591e-03
79.43000000 29.64000000 79.51000001 29.21000000 -6.88791175e+00
79.43000000 29.64000000 79.65000000 29.59000000 -2.24254460e-02
79.43000000 29.64000000 79.77000000 29.82000000 -2.09643188e+00
79.51000001 29.21000000 79.65000000 29.59000000 1.99110531e-01
79.51000001 29.21000000 80.09000000 29.33000000 9.32210300e-01
79.51000001 29.21000000 80.18000000 29.10000000 1.27419222e+00
79.65000000 29.59000000 79.77000000 29.82000000 -1.92817556e+00
79.65000000 29.59000000 79.90000000 29.78000000 -1.94236969e+00
79.65000000 29.59000000 80.09000000 29.33000000 -7.72911023e-01
79.77000000 29.82000000 79.90000000 29.78000000 -6.90904961e-02
79.90000000 29.78000000 80.09000000 29.33000000 -1.36843431e+00
79.90000000 29.78000000 80.23000000 29.59000000 -3.24548399e-01
80.09000000 29.33000000 80.18000000 29.10000000 -5.01191386e-01
80.09000000 29.33000000 80.23000000 29.59000000 -1.29905449e+00
80.23000000 29.59000000 80.34000000 29.76000000 -2.18680654e+00
80.34000000 29.76000000 80.56000000 29.86000000 -1.99096843e+00
73.24900000 34.42000000 73.39100000 33.89500000 4.16041563e-02
73.24900000 34.42000000 73.65300000 33.97800000 5.31605867e-02
73.24900000 34.42000000 73.93500000 33.93000000 4.24657816e-02
73.24900000 34.42000000 74.48400000 34.09500000 -4.23999294e-02
73.24900000 34.42000000 74.97400000 34.35300000 -6.62367939e-02
73.39100000 33.89500000 73.65300000 33.97800000 -3.38774628e-02
73.39100000 33.89500000 73.75200000 33.87100000 -3.02579234e-02
73.39100000 33.89500000 74.34700000 33.39500000 6.87682026e-01
73.65300000 33.97800000 73.75200000 33.87100000 2.93661415e-02
73.65300000 33.97800000 73.93500000 33.93000000 -1.55923499e-02
73.75200000 33.87100000 73.93500000 33.93000000 3.61900719e-04
73.75200000 33.87100000 74.34700000 33.39500000 6.12604155e-01
73.93500000 33.93000000 74.34700000 33.39500000 5.30149150e-01
73.93500000 33.93000000 74.48400000 34.09500000 -1.89663323e-01
73.93500000 33.93000000 74.59300000 33.99300000 -2.27215047e-01
74.34700000 33.39500000 74.59300000 33.99300000 -3.65499031e-01
74.34700000 33.39500000 75.03700000 33.59500000 -2.47440058e-01
74.48400000 34.09500000 74.59300000 33.99300000 -3.23237458e-02
74.48400000 34.09500000 74.81700000 34.10900000 3.63804639e-02
74.48400000 34.09500000 74.83700000 34.13000000 6.65632229e-02
74.48400000 34.09500000 74.97400000 34.35300000 2.79232096e-01
74.59300000 33.99300000 74.81700000 34.10900000 2.45028412e-01
74.59300000 33.99300000 75.03700000 33.59500000 -4.08538053e-01
74.81700000 34.10900000 74.83700000 34.13000000 2.24407553e-02
74.81700000 34.10900000 74.88900000 34.12000000 2.67746243e-02
74.81700000 34.10900000 75.03700000 33.59500000 -4.73367922e-01
74.83700000 34.13000000 74.88900000 34.12000000 -4.87247395e-04
74.83700000 34.13000000 74.97400000 34.35300000 1.04864029e-01
74.83700000 34.13000000 75.04500000 34.22700000 1.19275544e-01
74.88900000 34.12000000 75.03700000 33.59500000 -4.69341500e-01
74.88900000 34.12000000 75.04500000 34.22700000 1.05890251e-01
74.88900000 34.12000000 75.27200000 34.10000000 9.82076431e-02
74.97400000 34.35300000 75.04500000 34.22700000 -4.41307373e-02
74.97400000 34.35300000 75.32500000 34.29200000 2.55866883e-02
74.97400000 34.35300000 75.76900000 34.42400000 1.10273815e-01
75.03700000 33.59500000 75.27200000 34.10000000 -3.20680935e-01
75.04500000 34.22700000 75.27200000 34.10000000 -2.70557576e-02
75.04500000 34.22700000 75.32500000 34.29200000 6.51160499e-02
75.27200000 34.10000000 75.32500000 34.29200000 -7.45259460e-02
75.27200000 34.10000000 75.76900000 34.42400000 -5.95364641e-02
75.32500000 34.29200000 75.76900000 34.42400000 2.65170877e-02
75.76900000 34.42400000 76.16200000 34.55900000 -4.04071046e-02
