79.09800000 31.88700000 79.81400000 31.49800000 5.40279352e-01
79.09800000 31.88700000 80.29300000 31.71100000 -4.57789834e-01
79.09800000 31.88700000 77.92100000 32.36400000 9.54644056e-01
79.09800000 31.88700000 78.75400000 31.03700000 -3.23392618e+00
79.09800000 31.88700000 78.97300000 32.77900000 -1.54653798e+00
79.09800000 31.88700000 78.67600000 30.99700000 -3.91641145e+00
79.81400000 31.49800000 80.29300000 31.71100000 -9.69234796e-01
79.81400000 31.49800000 80.42900000 30.96100000 2.95054860e-01
79.81400000 31.49800000 78.75400000 31.03700000 -3.95374274e+00
79.81400000 31.49800000 79.49300000 30.74300000 -1.30818700e+00
80.29300000 31.71100000 80.42900000 30.96100000 5.21161228e-01
80.29300000 31.71100000 81.42800000 30.83700000 -3.89624150e-01
80.29300000 31.71100000 78.97300000 32.77900000 6.28046686e-01
80.42900000 30.96100000 81.17600000 30.29000000 -8.53395092e-01
80.42900000 30.96100000 81.42800000 30.83700000 -6.85591182e-01
80.42900000 30.96100000 79.49300000 30.74300000 -2.07309905e+00
80.42900000 30.96100000 80.24000000 30.06000000 -5.57005502e+00
80.42900000 30.96100000 79.55900000 30.53100000 -3.52860203e+00
81.17600000 30.29000000 81.42800000 30.83700000 -1.21102456e+00
81.17600000 30.29000000 81.85600000 30.71600000 -1.09409300e+00
81.17600000 30.29000000 80.24000000 30.06000000 -2.83221212e+00
81.17600000 30.29000000 81.20100000 29.47400000 -5.43989028e+00
81.17600000 30.29000000 81.80700000 29.96900000 -4.83031879e-01
81.17600000 30.29000000 80.56000000 29.86000000 -5.39564226e+00
81.42800000 30.83700000 81.85600000 30.71600000 -1.07030391e-01
81.85600000 30.71600000 82.83200000 30.38900000 -1.10222767e-01
81.85600000 30.71600000 81.80700000 29.96900000 -1.72908594e+00
82.83200000 30.38900000 83.24000000 29.80000000 -1.36584427e+00
82.83200000 30.38900000 84.03900000 29.72100000 -5.19281860e-01
82.83200000 30.38900000 81.80700000 29.96900000 -1.11804864e+00
82.83200000 30.38900000 82.19300000 29.27800000 -4.07013972e+00
82.83200000 30.38900000 85.74100000 29.59100000 2.78952987e-01
83.24000000 29.80000000 84.03900000 29.72100000 -1.48628290e-01
83.24000000 29.80000000 84.04300000 29.53400000 -1.56581382e-01
83.24000000 29.80000000 82.19300000 29.27800000 -2.27677441e+00
83.24000000 29.80000000 82.81800000 28.98400000 -4.18461486e+00
83.24000000 29.80000000 83.89500000 29.17900000 -1.53948410e+00
84.03900000 29.72100000 84.15600000 29.68000000 1.66540381e-02
84.03900000 29.72100000 84.04300000 29.53400000 -8.44461183e-01
84.03900000 29.72100000 85.74100000 29.59100000 3.11883996e-01
84.15600000 29.68000000 84.04300000 29.53400000 -8.18369851e-01
84.15600000 29.68000000 85.21000000 29.44000000 2.63511714e-01
84.15600000 29.68000000 85.74100000 29.59100000 2.88960591e-01
85.44200000 28.95900000 85.64000000 29.44100000 -5.41944103e-01
85.44200000 28.95900000 86.38699999 28.68700000 3.59571156e-01
85.44200000 28.95900000 85.21000000 29.44000000 -4.23492119e-01
85.44200000 28.95900000 86.01999999 28.30000000 -1.16441136e+00
85.44200000 28.95900000 84.41000000 28.37500000 -2.27564613e+00
85.44200000 28.95900000 85.31399999 28.20700000 -8.18163951e-01
85.64000000 29.44100000 86.38699999 28.68700000 -3.68524786e-01
85.64000000 29.44100000 85.21000000 29.44000000 1.35592539e-01
85.64000000 29.44100000 85.74100000 29.59100000 -6.02383731e-02
85.97499999 28.14900000 85.32899999 28.17100000 1.34571268e+00
85.97499999 28.14900000 86.01999999 28.29000000 -4.20198639e-01
85.97499999 28.14900000 86.01999999 28.30000000 -4.44209342e-01
85.97499999 28.14900000 86.22999999 27.63500000 -1.80906661e+00
85.97499999 28.14900000 86.81299999 27.95800000 3.66227277e-01
85.97499999 28.14900000 85.31399999 28.20700000 1.18421169e+00
85.97499999 28.14900000 85.87699999 27.91000000 4.60863430e-02
85.97499999 28.14900000 86.71199999 27.81400000 5.41278605e-01
85.97499999 28.14900000 86.82699999 28.19400000 -2.10313984e-01
86.38699999 28.68700000 86.96699999 28.39200000 -4.33514161e-01
86.38699999 28.68700000 87.05999999 28.58700000 -7.84113165e-01
86.38699999 28.68700000 87.08600000 29.32000000 -1.62542063e+00
86.38699999 28.68700000 86.93999999 28.35700000 -4.06044706e-01
86.38699999 28.68700000 86.01999999 28.30000000 -1.20641541e+00
86.38699999 28.68700000 86.82699999 28.19400000 -4.59470635e-01
86.38699999 28.68700000 85.74100000 29.59100000 -5.48351450e-01
86.94099999 28.35700000 86.82699999 28.19400000 -5.05328630e-01
86.94099999 28.35700000 86.92899999 27.97300000 -5.56873685e-01
86.96699999 28.39200000 87.05999999 28.58700000 -3.66685323e-01
86.96699999 28.39200000 87.76900000 28.53800000 -1.17834322e+00
86.96699999 28.39200000 86.92899999 27.97300000 -6.62885143e-01
86.96699999 28.39200000 87.15499999 28.63000000 -5.66349502e-01
87.05999999 28.58700000 87.08600000 29.32000000 -7.91831233e-01
87.05999999 28.58700000 87.15499999 28.63000000 -2.17223075e-01
87.08600000 29.32000000 85.74100000 29.59100000 -6.11624105e-01
87.18400000 29.26900000 87.57700000 29.11800000 -4.89495588e-01
87.18400000 29.26900000 87.15499999 28.63000000 -6.93140750e-01
87.76900000 28.53800000 88.56000000 28.24400000 -2.52720218e-01
87.76900000 28.53800000 88.86500000 29.24900000 -2.45772750e-01
87.76900000 28.53800000 87.57700000 29.11800000 -1.16345686e+00
87.76900000 28.53800000 87.70999999 27.35200000 -2.67831984e+00
87.76900000 28.53800000 86.92899999 27.97300000 -1.37291325e+00
87.76900000 28.53800000 87.15499999 28.63000000 -8.80406965e-01
87.76900000 28.53800000 88.86400000 29.25000000 -2.46534641e-01
88.56000000 28.24400000 88.86500000 29.24900000 -1.82375024e+00
88.56000000 28.24400000 89.15400000 27.72100000 -1.40498784e-01
88.56000000 28.24400000 89.30500000 27.93100000 2.44987696e-01
88.56000000 28.24400000 89.55600000 28.91100000 -1.02662786e+00
88.56000000 28.24400000 89.62700000 28.31500000 -1.38652862e-01
88.56000000 28.24400000 88.56900000 27.36500000 -3.29858407e+00
88.56000000 28.24400000 88.91000000 27.49000000 -2.39614204e-01
88.56000000 28.24400000 87.70999999 27.35200000 -2.15292273e+00
88.86500000 29.24900000 89.55600000 28.91100000 -1.78385335e-01
88.86500000 29.24900000 90.15400000 29.44400000 1.15085971e-01
88.86500000 29.24900000 89.57300000 28.91400000 -1.75688228e-01
88.90600000 27.43700000 89.15400000 27.72100000 2.26939072e-01
88.90600000 27.43700000 88.56900000 27.36500000 -7.56494032e-01
88.90600000 27.43700000 89.39200000 26.84900000 -3.14607457e+00
88.90600000 27.43700000 89.63500000 27.47200000 -3.59027391e-01
88.90600000 27.43700000 88.70200000 27.02400000 -3.30925976e+00
88.90600000 27.43700000 88.79100000 27.01000000 -3.47970252e+00
88.90600000 27.43700000 88.93600000 26.96500000 -4.04571365e+00
89.15400000 27.72100000 89.30500000 27.93100000 -7.71073954e-01
89.15400000 27.72100000 88.91000000 27.49000000 1.88678553e-01
89.15400000 27.72100000 89.63500000 27.47200000 -2.00957021e-01
89.30500000 27.93100000 89.62700000 28.31500000 -1.09583290e+00
89.30500000 27.93100000 89.63500000 27.47200000 -5.16289363e-01
89.55600000 28.91100000 89.62700000 28.31500000 -1.06524745e+00
89.55600000 28.91100000 89.91100000 28.61900000 -4.69472661e-01
89.62700000 28.31500000 89.91100000 28.61900000 -4.89528597e-01
89.62700000 28.31500000 90.55800000 28.41900000 -2.68557882e-01
89.62700000 28.31500000 89.63500000 27.47200000 -1.69362495e+00
89.91100000 28.61900000 90.10700000 28.93200000 -6.04785343e-01
89.91100000 28.61900000 90.55800000 28.41900000 -2.83978163e-01
89.91100000 28.61900000 89.57300000 28.91400000 -4.79117433e-01
90.10700000 28.93200000 90.15400000 29.44400000 -7.62099523e-01
90.10700000 28.93200000 90.26700000 29.32400000 -5.88383063e-01
90.10700000 28.93200000 90.55800000 28.41900000 -1.09583214e+00
90.10700000 28.93200000 90.95900000 29.27800000 -2.32706206e-01
90.10700000 28.93200000 89.57300000 28.91400000 -4.91084275e-02
90.15400000 29.44400000 90.26700000 29.32400000 -1.24354434e-01
90.15400000 29.44400000 78.70400000 33.19100000 -6.95066496e-01
90.15400000 29.44400000 89.57300000 28.91400000 -5.18757187e-01
90.15400000 29.44400000 85.74100000 29.59100000 -1.22930212e+00
90.26700000 29.32400000 90.95900000 29.27800000 1.21067392e-01
90.55800000 28.41900000 91.88900000 28.96000000 -5.09432656e-01
90.55800000 28.41900000 91.91000000 27.97100000 3.84106506e-01
90.55800000 28.41900000 89.63500000 27.47200000 -2.04075947e+00
90.55800000 28.41900000 90.95900000 29.27800000 -2.04532669e+00
91.88900000 28.96000000 91.91000000 27.97100000 -2.30363113e+00
91.88900000 28.96000000 92.39900000 28.42200000 1.80405293e-01
91.88900000 28.96000000 93.07300000 29.04400000 -1.30662574e-01
91.88900000 28.96000000 92.43900000 28.43200000 2.84802561e-01
91.88900000 28.96000000 90.95900000 29.27800000 6.81865551e-01
91.91000000 27.97100000 92.39900000 28.42200000 -1.28468041e+00
91.91000000 27.97100000 92.41500000 27.27000000 -5.01429863e+00
91.91000000 27.97100000 89.63500000 27.47200000 -1.65391402e+00
92.39900000 28.42200000 92.41500000 27.27000000 -8.06951626e+00
93.07300000 29.04400000 92.43900000 28.43200000 -1.35698753e+00
93.07300000 29.04400000 92.41500000 27.27000000 -9.09321747e+00
93.07300000 29.04400000 90.95900000 29.27800000 8.64468568e-01
83.95300000 29.17800000 84.04300000 29.53400000 -1.83172240e+00
83.95300000 29.17800000 85.21000000 29.44000000 -1.09749446e+00
83.95300000 29.17800000 83.74300000 28.80500000 -3.09354788e+00
83.95300000 29.17800000 84.41000000 28.37500000 -1.57810077e+00
84.04300000 29.53400000 85.21000000 29.44000000 9.79250060e-02
84.04300000 29.53400000 83.89500000 29.17900000 -1.95467497e+00
86.93999999 28.35700000 86.82699999 28.19400000 -5.03867141e-01
75.36300000 32.56500000 75.88100000 32.30400000 -1.51984761e+00
75.36300000 32.56500000 75.93800000 31.47900000 -3.65896322e+00
75.36300000 32.56500000 75.99300000 32.53600000 -1.18524368e+00
75.36300000 32.56500000 74.34700000 33.39500000 -1.13702500e+00
75.36300000 32.56500000 75.03700000 33.59500000 -2.76416578e+00
75.88100000 32.30400000 75.93800000 31.47900000 -1.42468366e+00
75.88100000 32.30400000 75.99300000 32.53600000 -4.05949797e+00
75.88100000 32.30400000 76.29400000 31.89700000 6.82701528e-02
75.88100000 32.30400000 76.30700000 32.24800000 -1.52492305e+00
75.93800000 31.47900000 76.29400000 31.89700000 -1.28810681e+00
75.93800000 31.47900000 76.30700000 31.53800000 7.76708743e-01
75.93800000 31.47900000 77.12600000 28.48200000 -1.99697270e+00
75.93800000 31.47900000 77.63000000 30.27600000 1.08135506e-03
75.93800000 31.47900000 77.17200000 28.54400000 -1.89372516e+00
75.93800000 31.47900000 73.39100000 33.89500000 1.03120535e+00
75.93800000 31.47900000 74.34700000 33.39500000 -4.62453857e+00
75.99300000 32.53600000 76.30700000 32.24800000 -1.89413890e-01
75.99300000 32.53600000 76.68900000 32.69800000 -3.31723604e+00
75.99300000 32.53600000 75.03700000 33.59500000 -2.22079781e+00
76.29400000 31.89700000 76.30700000 31.53800000 -2.23066548e+00
76.29400000 31.89700000 76.30700000 32.24800000 -4.89314019e+00
76.29400000 31.89700000 76.67300000 31.91900000 -1.30453312e+00
76.30700000 31.53800000 76.67300000 31.91900000 -5.78636404e+00
76.30700000 31.53800000 76.81500000 31.63400000 -1.21534415e+00
76.30700000 31.53800000 77.63000000 30.27600000 5.85167422e-01
76.30700000 32.24800000 76.67300000 31.91900000 9.28625941e-02
76.30700000 32.24800000 76.68900000 32.69800000 -4.65784818e+00
76.30700000 32.24800000 77.19200000 32.31700000 -1.23525310e+00
76.67300000 31.91900000 76.81500000 31.63400000 -2.43301266e+00
76.67300000 31.91900000 77.10800000 32.06700000 -4.83903835e+00
76.67300000 31.91900000 77.19200000 32.31700000 -5.70606340e+00
76.68900000 32.69800000 77.17500000 32.63400000 -2.61934244e-01
76.68900000 32.69800000 77.19200000 32.31700000 -4.74928642e-01
76.68900000 32.69800000 77.42500000 32.79800000 -1.33668463e+00
76.68900000 32.69800000 77.60000000 34.12800000 -1.67192214e+00
76.68900000 32.69800000 75.03700000 33.59500000 -3.41075012e-01
76.68900000 32.69800000 75.27200000 34.10000000 -7.84404904e-01
76.68900000 32.69800000 75.76900000 34.42400000 -1.35097321e+00
76.68900000 32.69800000 76.16200000 34.55900000 -1.63471941e+00
76.81500000 31.63400000 77.10800000 32.06700000 -1.03678903e+01
76.81500000 31.63400000 77.63000000 30.27600000 -5.80134872e-01
76.81500000 31.63400000 78.02100000 30.45900000 -1.05467138e-01
76.81500000 31.63400000 78.67600000 30.99700000 -1.54436448e-01
77.10800000 32.06700000 77.19200000 32.31700000 5.34784749e-01
77.10800000 32.06700000 77.92100000 32.36400000 -2.46791674e+00
77.10800000 32.06700000 78.67600000 30.99700000 4.17422421e-01
77.12600000 28.48200000 78.60800001 25.45200000 -2.87591247e-01
77.12600000 28.48200000 79.08000000 29.23000000 -1.02803301e-01
77.12600000 28.48200000 73.39100000 33.89500000 2.27290853e-01
77.17500000 32.63400000 77.19200000 32.31700000 -3.43189273e+00
77.17500000 32.63400000 77.42500000 32.79800000 -1.01695024e+00
77.19200000 32.31700000 77.42500000 32.79800000 -5.06386984e+00
77.19200000 32.31700000 77.92100000 32.36400000 -1.52517891e+00
77.42500000 32.79800000 77.80800000 33.97200000 1.18784000e+00
77.42500000 32.79800000 77.92100000 32.36400000 -8.30261206e-01
77.42500000 32.79800000 78.66000000 33.20900000 1.40288771e+00
77.42500000 32.79800000 77.60000000 34.12800000 1.04464958e+00
77.63000000 30.27600000 77.86000000 30.32900000 8.90579883e-01
77.63000000 30.27600000 77.86800000 30.14700000 3.90393702e-01
77.63000000 30.27600000 78.02100000 30.45900000 -1.13731965e-01
77.63000000 30.27600000 77.17200000 28.54400000 -1.44749900e+00
77.80800000 33.97200000 78.66000000 33.20900000 -2.96421863e-01
77.86000000 30.32900000 77.86800000 30.14700000 2.54110034e-01
77.86000000 30.32900000 77.97400000 30.28500000 -2.07783302e-02
77.86000000 30.32900000 78.01400000 30.32900000 -1.58375903e-01
77.86000000 30.32900000 78.02100000 30.45900000 -1.16497979e+00
77.86800000 30.14700000 77.97400000 30.28500000 3.26119836e-01
77.86800000 30.14700000 77.97900000 30.09500000 1.82363217e-02
77.92100000 32.36400000 78.66000000 33.20900000 -7.15501520e-02
77.92100000 32.36400000 78.97300000 32.77900000 6.96017639e-01
77.92100000 32.36400000 78.67600000 30.99700000 -2.69350787e+00
77.97400000 30.28500000 77.97900000 30.09500000 2.41676605e-01
77.97400000 30.28500000 78.01400000 30.32900000 -1.67203034e-01
77.97400000 30.28500000 78.18700000 30.19100000 -1.92315153e-01
77.97900000 30.09500000 78.18700000 30.19100000 -6.06602437e-02
77.97900000 30.09500000 78.68000000 29.84800000 -2.65964924e+00
77.97900000 30.09500000 77.17200000 28.54400000 6.72249098e-01
78.01400000 30.32900000 78.02100000 30.45900000 -9.73612703e-01
78.01400000 30.32900000 78.11500000 30.45200000 -1.67726810e+00
78.01400000 30.32900000 78.15500000 30.34200000 -3.43358880e-01
78.01400000 30.32900000 78.18700000 30.19100000 -8.75669694e-02
78.02100000 30.45900000 78.11500000 30.45200000 -3.62267706e-01
78.02100000 30.45900000 78.67600000 30.99700000 -9.33815474e+00
78.11500000 30.45200000 78.15500000 30.34200000 -8.65036784e-01
78.11500000 30.45200000 78.61700000 30.80600000 -6.97628744e+00
78.11500000 30.45200000 78.36500000 30.40400000 -1.08449875e+00
78.15500000 30.34200000 78.18700000 30.19100000 -3.02150160e-01
78.15500000 30.34200000 78.36800000 30.39400000 -2.22895149e+00
78.15500000 30.34200000 78.36500000 30.40400000 -2.35853018e+00
78.18700000 30.19100000 78.36800000 30.39400000 -2.90211249e+00
78.18700000 30.19100000 78.68000000 29.84800000 -2.36484678e+00
78.36800000 30.39400000 78.61700000 30.80600000 -6.53989971e+00
78.36800000 30.39400000 78.68000000 29.84800000 -2.84824258e+00
78.36800000 30.39400000 79.09000000 30.29800000 -2.16956327e+00
78.60800001 25.45200000 80.94300001 26.89100000 5.13779670e-01
78.60800001 25.45200000 85.92499999 26.71100000 -2.90620919e+00
78.60800001 25.45200000 79.08000000 29.23000000 -2.45240061e-01
78.60800001 25.45200000 91.23700000 25.00000000 -5.98847126e-01
78.61700000 30.80600000 78.75400000 31.03700000 -2.60176876e+00
78.61700000 30.80600000 79.09000000 30.29800000 -1.55698183e+00
78.61700000 30.80600000 78.36500000 30.40400000 -6.43142100e+00
78.61700000 30.80600000 78.67600000 30.99700000 -2.01387216e+00
78.61700000 30.80600000 79.21100000 30.48600000 -1.91029094e+00
78.66000000 33.20900000 78.97300000 32.77900000 -3.07449660e-01
78.68000000 29.84800000 79.09000000 30.29800000 -7.98877304e+00
78.68000000 29.84800000 77.17200000 28.54400000 -4.45899859e-02
78.68000000 29.84800000 79.08000000 29.23000000 -2.32543043e+00
78.68000000 29.84800000 79.43000000 29.64000000 -1.92633330e+00
78.75400000 31.03700000 79.49300000 30.74300000 -7.49006381e-01
78.75400000 31.03700000 78.67600000 30.99700000 -5.35251574e-01
78.75400000 31.03700000 79.21100000 30.48600000 -2.72969521e+00
79.09000000 30.29800000 79.19400000 30.32900000 -1.06208993e+00
79.09000000 30.29800000 79.21100000 30.48600000 -3.38934791e+00
79.09000000 30.29800000 79.43000000 29.64000000 -2.18944712e+00
79.19400000 30.32900000 79.21100000 30.48600000 -1.62732244e+00
79.19400000 30.32900000 79.55900000 30.53100000 -4.42649359e+00
79.19400000 30.32900000 79.43000000 29.64000000 -3.00407447e+00
79.19400000 30.32900000 79.77000000 29.82000000 -1.41086181e+00
79.49300000 30.74300000 79.21100000 30.48600000 -3.95552334e+00
79.49300000 30.74300000 79.55900000 30.53100000 -1.86924758e+00
80.24000000 30.06000000 79.55900000 30.53100000 -3.89460946e-01
80.24000000 30.06000000 80.04100000 29.83800000 -4.87882266e+00
80.24000000 30.06000000 79.77000000 29.82000000 -4.41143027e+00
80.24000000 30.06000000 80.34000000 29.76000000 -4.23058961e+00
80.24000000 30.06000000 80.56000000 29.86000000 -6.69088333e-01
80.94300001 26.89100000 80.14800001 28.96300000 -2.98177986e-01
80.94300001 26.89100000 81.11600000 28.61300000 2.34389362e-01
80.94300001 26.89100000 81.57500000 28.13400000 -8.51265170e-01
80.94300001 26.89100000 82.09500000 28.01000000 5.63601126e-01
80.94300001 26.89100000 82.54000000 27.78600000 -1.32550633e-01
80.94300001 26.89100000 80.58200000 28.75400000 5.31036577e+00
80.94300001 26.89100000 81.61500000 28.04900000 -1.46150932e-01
80.94300001 26.89100000 85.92499999 26.71100000 -1.73703897e+00
80.94300001 26.89100000 79.08000000 29.23000000 -5.91594365e-03
88.56900000 27.36500000 88.91000000 27.49000000 -1.19042834e+00
88.56900000 27.36500000 87.70999999 27.35200000 -4.32721502e-01
88.56900000 27.36500000 88.70200000 27.02400000 -9.90553409e-01
88.56900000 27.36500000 88.50300000 27.08900000 3.22280752e-01
89.39200000 26.84900000 92.41500000 27.27000000 -3.43244439e+00
89.39200000 26.84900000 89.63500000 27.47200000 -4.32728771e+00
89.39200000 26.84900000 88.73800000 26.75100000 -7.23644992e-01
89.39200000 26.84900000 88.93600000 26.96500000 6.24178613e-01
89.39200000 26.84900000 91.23700000 25.00000000 -4.99753029e+00
92.43900000 28.43200000 92.41500000 27.27000000 -8.15222544e+00
80.14800001 28.96300000 80.63600000 29.01200000 5.05321843e-01
80.14800001 28.96300000 80.58200000 28.75400000 1.54183519e+00
80.14800001 28.96300000 79.08000000 29.23000000 5.65958484e-01
80.14800001 28.96300000 79.51000001 29.21000000 4.14637672e-01
80.14800001 28.96300000 80.18000000 29.10000000 1.63992595e-01
80.60200000 29.33400000 80.72100000 29.52700000 -2.32712669e+00
80.60200000 29.33400000 80.50100000 29.73400000 -2.45530644e+00
80.60200000 29.33400000 80.62600000 29.17700000 -7.72767307e-01
80.60200000 29.33400000 81.20100000 29.47400000 -3.38522501e+00
80.60200000 29.33400000 80.09000000 29.33000000 -4.07525969e-01
80.60200000 29.33400000 80.18000000 29.10000000 -1.14006443e+00
80.60200000 29.33400000 80.23000000 29.59000000 -2.08644599e-01
80.63600000 29.01200000 81.11600000 28.61300000 2.71934422e-01
80.63600000 29.01200000 81.35300000 28.82400000 -3.81386820e-01
80.63600000 29.01200000 80.58200000 28.75400000 1.20285614e+00
80.63600000 29.01200000 80.62600000 29.17700000 -5.57552385e-01
80.63600000 29.01200000 81.20100000 29.47400000 -7.26571395e+00
80.63600000 29.01200000 80.18000000 29.10000000 2.09165777e-01
80.72100000 29.52700000 80.50100000 29.73400000 -4.65330439e-01
80.72100000 29.52700000 81.20100000 29.47400000 -1.73334554e-01
80.72100000 29.52700000 80.56000000 29.86000000 -2.80978922e+00
81.11600000 28.61300000 81.35300000 28.82400000 -1.87419659e+00
81.11600000 28.61300000 81.57500000 28.13400000 -1.22102502e+00
81.11600000 28.61300000 81.63400000 28.58300000 -9.32886264e-01
81.11600000 28.61300000 81.69100000 28.40700000 -2.27289594e-01
81.11600000 28.61300000 80.58200000 28.75400000 2.81417949e-01
81.35300000 28.82400000 81.63400000 28.58300000 -1.40201679e-01
81.35300000 28.82400000 81.63500000 28.58600000 -1.20583115e-01
81.35300000 28.82400000 81.20100000 29.47400000 -5.88540443e+00
81.35300000 28.82400000 81.71400000 28.65600000 6.01232346e-02
81.35300000 28.82400000 82.19300000 29.27800000 -8.17584567e+00
81.57500000 28.13400000 81.69100000 28.40700000 -1.76926763e-01
81.63400000 28.58300000 81.69100000 28.40700000 -1.03433013e+00
81.63400000 28.58300000 81.71400000 28.65600000 -1.88305935e+00
81.63500000 28.58600000 81.71400000 28.65600000 -1.81926197e+00
81.69100000 28.40700000 82.09500000 28.01000000 -2.47234508e+00
81.69100000 28.40700000 82.34700000 28.24900000 -1.63198163e+00
81.69100000 28.40700000 81.59500000 28.11700000 -3.77866118e-01
81.69100000 28.40700000 81.71400000 28.65600000 -3.24288405e+00
82.09500000 28.01000000 82.24700000 28.03000000 -8.01209999e-02
82.09500000 28.01000000 82.34700000 28.24900000 5.33746299e-01
82.09500000 28.01000000 82.54000000 27.78600000 -2.53698760e+00
82.09500000 28.01000000 81.59500000 28.11700000 -1.93668619e+00
82.09500000 28.01000000 81.61500000 28.04900000 -6.44016556e-01
82.24700000 28.03000000 82.34700000 28.24900000 2.12717376e-01
82.24700000 28.03000000 82.54000000 27.78600000 -2.47502985e+00
82.24700000 28.03000000 82.49100000 27.95100000 -2.07291317e+00
82.24700000 28.03000000 82.57300000 28.06300000 -9.69320097e-01
82.34700000 28.24900000 81.71400000 28.65600000 -2.02755110e+00
82.34700000 28.24900000 82.81800000 28.98400000 -1.13109028e+01
82.34700000 28.24900000 82.57300000 28.06300000 -2.24786089e+00
82.50400000 27.95100000 82.54000000 27.78600000 -1.47894891e+00
82.50400000 27.95100000 82.57300000 28.06300000 1.13200051e+00
82.54000000 27.78600000 82.78500000 27.56800000 -1.13094218e-01
82.54000000 27.78600000 82.49100000 27.95100000 -1.42728334e+00
82.54000000 27.78600000 82.57300000 28.06300000 -8.42034293e-01
82.78500000 27.56800000 82.57300000 28.06300000 -1.35557513e+00
82.78500000 27.56800000 83.41800000 27.50700000 -1.09500161e-01
82.78500000 27.56800000 83.55400000 27.87400000 1.07585691e+00
85.00799999 27.31600000 85.39799999 27.57500000 -3.46386621e+00
85.00799999 27.31600000 84.98499999 27.16600000 9.37100237e-01
85.00799999 27.31600000 85.10799999 27.60800000 -4.55671662e+00
85.00799999 27.31600000 84.43000000 27.67800000 1.18309796e+00
85.21000000 29.44000000 84.41000000 28.37500000 -4.05295496e+00
85.21000000 29.44000000 85.74100000 29.59100000 7.01495720e-02
85.22199999 28.01500000 85.32899999 28.17100000 2.29523322e-01
85.22199999 28.01500000 84.38000000 28.22900000 8.57828013e-01
85.22199999 28.01500000 84.41000000 28.37500000 6.76204779e-01
85.22199999 28.01500000 85.10799999 27.60800000 -3.37826919e+00
85.22199999 28.01500000 85.27899999 27.80100000 -2.31527536e+00
85.22199999 28.01500000 85.31399999 28.20700000 2.89487571e-01
85.22199999 28.01500000 84.43000000 27.67800000 -6.29384883e+00
85.27999999 27.69300000 85.10799999 27.60800000 -3.81590107e-01
85.27999999 27.69300000 85.27899999 27.80100000 3.32220530e-01
85.27999999 27.69300000 85.28799999 27.68200000 5.80827706e-02
85.27999999 27.69300000 85.35799999 27.69700000 -1.69900132e-01
85.32899999 28.17100000 85.27899999 27.80100000 -2.33028615e+00
85.32899999 28.17100000 85.52099999 27.69300000 -2.67446250e+00
85.32899999 28.17100000 85.87699999 27.91000000 1.66172444e-02
85.39799999 27.57500000 85.79399999 27.74500000 -6.02968293e-01
85.39799999 27.57500000 84.98499999 27.16600000 -3.13250548e+00
85.39799999 27.57500000 85.10799999 27.60800000 1.96442285e-02
85.39799999 27.57500000 85.28799999 27.68200000 -1.32617709e+00
85.39799999 27.57500000 85.52099999 27.69300000 -9.36684234e-01
85.39799999 27.57500000 85.35799999 27.69700000 -1.18237154e+00
85.39799999 27.57500000 85.92499999 26.71100000 -5.61070261e+00
85.79399999 27.74500000 86.22999999 27.63500000 1.10983287e+00
85.79399999 27.74500000 85.52099999 27.69300000 1.62970399e-01
85.79399999 27.74500000 85.87699999 27.91000000 -1.84764954e+00
85.79399999 27.74500000 85.92499999 26.71100000 -1.02347313e+01
86.01999999 28.29000000 86.82699999 28.19400000 -7.38063057e-02
86.01999999 28.30000000 85.31399999 28.20700000 1.56455528e+00
86.01999999 28.30000000 86.82699999 28.19400000 -6.64724563e-02
86.22999999 27.63500000 85.87699999 27.91000000 -6.31676922e-01
86.22999999 27.63500000 86.54999999 27.30500000 -5.23230925e-01
86.22999999 27.63500000 86.71199999 27.81400000 -1.44193677e+00
86.22999999 27.63500000 85.92499999 26.71100000 -1.01328513e+01
86.22999999 27.63500000 86.71499999 27.80300000 -1.36935583e+00
86.22999999 27.63500000 86.72499999 27.68300000 -6.59673316e-01
86.81299999 27.95800000 86.71199999 27.81400000 -2.47976414e-01
86.81299999 27.95800000 86.82299999 27.89400000 -6.81818103e-02
86.81299999 27.95800000 86.82699999 28.19400000 -3.77594405e-01
86.81299999 27.95800000 86.92899999 27.97300000 -2.93837915e-01
87.57700000 29.11800000 87.15499999 28.63000000 -7.25199850e-01
87.57700000 29.11800000 88.86400000 29.25000000 -7.56293145e-02
78.70400000 33.19100000 85.74100000 29.59100000 1.46311154e-01
92.41500000 27.27000000 89.63500000 27.47200000 -2.02181885e+00
92.41500000 27.27000000 91.23700000 25.00000000 -9.08980381e+00
80.50100000 29.73400000 80.23000000 29.59000000 -2.32945727e+00
80.50100000 29.73400000 80.34000000 29.76000000 -2.56215169e-01
80.50100000 29.73400000 80.56000000 29.86000000 -2.53411474e+00
80.62600000 29.17700000 81.20100000 29.47400000 -5.68533859e+00
80.62600000 29.17700000 80.18000000 29.10000000 -1.21097794e-01
81.20100000 29.47400000 81.80700000 29.96900000 -5.06503746e+00
81.20100000 29.47400000 82.19300000 29.27800000 -9.72757713e-01
81.20100000 29.47400000 80.56000000 29.86000000 4.34833560e-01
81.71400000 28.65600000 82.19300000 29.27800000 -8.58669934e+00
81.71400000 28.65600000 82.81800000 28.98400000 -5.70541843e+00
81.80700000 29.96900000 82.19300000 29.27800000 -1.69198105e+00
82.19300000 29.27800000 82.81800000 28.98400000 -1.25542532e+00
82.49100000 27.95100000 82.57300000 28.06300000 1.22669009e+00
82.81800000 28.98400000 83.74300000 28.80500000 -1.05757646e+00
82.81800000 28.98400000 83.89500000 29.17900000 -1.58521634e+00
82.81800000 28.98400000 82.57300000 28.06300000 -1.17560774e+01
82.81800000 28.98400000 83.71800000 28.78100000 -1.10162289e+00
83.60300000 27.76700000 83.82600000 27.45700000 -5.42308028e-01
83.60300000 27.76700000 84.13000000 27.64800000 -1.79685484e-01
83.60300000 27.76700000 83.41800000 27.50700000 2.81438300e-01
83.60300000 27.76700000 83.55400000 27.87400000 -2.36393805e-02
83.60300000 27.76700000 83.97800000 28.19900000 -2.60691226e+00
83.74300000 28.80500000 83.89500000 29.17900000 -3.03819033e+00
83.74300000 28.80500000 83.93600000 28.26000000 -3.72243880e+00
83.74300000 28.80500000 84.41000000 28.37500000 2.92134517e-01
83.82600000 27.45700000 84.13000000 27.64800000 2.47758839e-01
83.82600000 27.45700000 84.98499999 27.16600000 -5.36262089e-01
83.82600000 27.45700000 83.41800000 27.50700000 1.34669762e-01
83.93600000 28.26000000 84.41000000 28.37500000 -2.02615144e+00
83.93600000 28.26000000 83.55400000 27.87400000 -2.82813153e+00
83.93600000 28.26000000 83.71800000 28.78100000 -3.48831551e+00
84.13000000 27.64800000 84.26500000 27.97300000 -2.15699297e+00
84.13000000 27.64800000 84.98499999 27.16600000 2.06392032e+00
84.13000000 27.64800000 83.97800000 28.19900000 -5.68249062e-01
84.13000000 27.64800000 84.43000000 27.67800000 -6.50780199e-01
84.26500000 27.97300000 84.38000000 28.22900000 -3.62255204e+00
84.26500000 27.97300000 83.97800000 28.19900000 3.52723422e-01
84.26500000 27.97300000 84.43000000 27.67800000 1.78889425e-01
84.38000000 28.22900000 84.41000000 28.37500000 -1.30905598e+00
84.38000000 28.22900000 83.97800000 28.19900000 -1.52858944e+00
84.38000000 28.22900000 84.43000000 27.67800000 -3.69182915e+00
84.41000000 28.37500000 85.31399999 28.20700000 -1.74723055e-01
84.41000000 28.37500000 83.97800000 28.19900000 -2.97914302e+00
84.98499999 27.16600000 84.43000000 27.67800000 2.17320349e+00
84.98499999 27.16600000 85.92499999 26.71100000 -1.47526769e+00
85.10799999 27.60800000 85.27899999 27.80100000 -9.70110601e-01
85.10799999 27.60800000 85.28799999 27.68200000 -2.53007539e-01
85.10799999 27.60800000 84.43000000 27.67800000 -7.86542918e-01
85.27899999 27.80100000 85.52099999 27.69300000 -2.10367091e-01
85.27899999 27.80100000 85.35799999 27.69700000 2.81077107e-01
85.28799999 27.68200000 85.35799999 27.69700000 -1.58616267e-01
85.52099999 27.69300000 85.87699999 27.91000000 -6.36158079e-01
85.52099999 27.69300000 85.35799999 27.69700000 -5.18376799e-01
86.54999999 27.30500000 86.59699999 26.99100000 -5.37695812e+00
86.54999999 27.30500000 85.92499999 26.71100000 -7.59585136e+00
86.54999999 27.30500000 86.72499999 27.68300000 -8.30305260e-01
86.54999999 27.30500000 87.20599999 27.38000000 2.72739846e+00
86.59699999 26.99100000 87.39199999 26.86600000 1.32470512e+00
86.59699999 26.99100000 85.92499999 26.71100000 7.24338889e-01
86.59699999 26.99100000 87.20599999 27.38000000 -2.32947404e+00
86.71199999 27.81400000 86.82299999 27.89400000 -1.33742780e-01
87.39199999 26.86600000 87.70999999 27.35200000 -1.80272240e+00
87.39199999 26.86600000 88.18500000 26.88300000 2.44294995e+00
87.39199999 26.86600000 88.35000000 26.71100000 -3.19276540e-01
87.39199999 26.86600000 85.92499999 26.71100000 1.37882117e+00
87.39199999 26.86600000 87.20599999 27.38000000 -4.23474114e+00
87.70999999 27.35200000 88.40000000 26.98000000 -1.70220274e+00
87.70999999 27.35200000 88.18500000 26.88300000 -2.14042613e+00
87.70999999 27.35200000 86.92899999 27.97300000 -1.01179135e+00
87.70999999 27.35200000 87.20599999 27.38000000 -1.28992624e-01
87.70999999 27.35200000 88.50300000 27.08900000 -1.06428364e+00
77.60000000 34.12800000 76.16200000 34.55900000 -1.03394768e-01
88.40000000 26.98000000 88.18500000 26.88300000 -7.53682525e-01
88.40000000 26.98000000 88.35000000 26.71100000 -2.29968112e+00
88.40000000 26.98000000 88.56900000 26.88900000 -6.30011446e-01
88.40000000 26.98000000 88.50300000 27.08900000 -2.52064466e+00
88.68000000 27.00000000 88.56900000 26.88900000 -1.98424650e+00
88.68000000 27.00000000 88.70200000 27.02400000 -8.48631415e-01
88.68000000 27.00000000 88.75300000 26.88100000 -1.56787466e+00
88.68000000 27.00000000 88.79100000 27.01000000 -5.35752517e-01
88.68000000 27.00000000 88.50300000 27.08900000 -8.24858872e-01
88.18500000 26.88300000 88.35000000 26.71100000 -1.78961723e+00
88.35000000 26.71100000 88.56900000 26.88900000 -1.10296272e+00
88.35000000 26.71100000 88.73800000 26.75100000 -2.27282339e-01
88.35000000 26.71100000 85.92499999 26.71100000 -4.65849281e-01
88.35000000 26.71100000 91.23700000 25.00000000 -3.06220923e+00
88.56900000 26.88900000 88.73800000 26.75100000 -9.67717460e-01
88.56900000 26.88900000 88.75300000 26.88100000 -6.81028775e-02
88.56900000 26.88900000 88.50300000 27.08900000 -3.41662556e+00
88.70200000 27.02400000 88.79100000 27.01000000 -7.16346245e-02
88.70200000 27.02400000 88.50300000 27.08900000 -5.85375622e-01
88.73800000 26.75100000 88.75300000 26.88100000 -9.94920923e-01
88.73800000 26.75100000 88.93600000 26.96500000 -3.47144286e+00
88.73800000 26.75100000 91.23700000 25.00000000 -1.18042813e+00
88.75300000 26.88100000 88.79100000 27.01000000 -3.33874334e+00
88.75300000 26.88100000 88.93600000 26.96500000 -2.08570641e+00
88.79100000 27.01000000 88.93600000 26.96500000 1.98717045e-01
77.17200000 28.54400000 79.08000000 29.23000000 -1.34100665e-01
79.21100000 30.48600000 79.55900000 30.53100000 -9.94461263e-01
79.55900000 30.53100000 79.77000000 29.82000000 -5.39145696e+00
79.62000000 29.63800000 79.43000000 29.64000000 -1.57609292e-01
79.62000000 29.63800000 79.65000000 29.59000000 1.42993866e-02
79.62000000 29.63800000 79.77000000 29.82000000 -1.95204489e+00
80.04100000 29.83800000 79.77000000 29.82000000 -3.35261439e-01
80.04100000 29.83800000 79.90000000 29.78000000 -7.45257507e-01
80.04100000 29.83800000 80.23000000 29.59000000 -9.94342399e-01
80.04100000 29.83800000 80.34000000 29.76000000 -3.56374206e-01
82.57300000 28.06300000 83.55400000 27.87400000 -1.42526984e+00
82.57300000 28.06300000 83.71800000 28.78100000 -8.85689874e+00
83.41800000 27.50700000 83.55400000 27.87400000 -9.11062726e-02
83.55400000 27.87400000 83.71800000 28.78100000 -5.84874197e+00
83.55400000 27.87400000 83.97800000 28.19900000 -2.63016306e+00
85.92499999 26.71100000 91.23700000 25.00000000 -1.31139376e+00
86.71499999 27.80300000 86.72499999 27.68300000 4.07509882e-01
86.71499999 27.80300000 86.82299999 27.89400000 -1.55699065e-01
86.72499999 27.68300000 86.82299999 27.89400000 1.87001136e-01
86.72499999 27.68300000 87.20599999 27.38000000 -3.75967812e-02
86.82299999 27.89400000 86.92899999 27.97300000 -4.21426767e-01
86.82299999 27.89400000 87.20599999 27.38000000 -2.00151241e-01
86.82699999 28.19400000 86.92899999 27.97300000 -1.57849704e-01
86.92899999 27.97300000 87.20599999 27.38000000 -5.06440462e-01
79.08000000 29.23000000 79.43000000 29.64000000 2.03878120e+00
79.08000000 29.23000000 79.51000001 29.21000000 9.05562016e-02
79.43000000 29.64000000 79.51000001 29.21000000 -6.80666626e+00
79.43000000 29.64000000 79.65000000 29.59000000 6.10948228e-02
79.43000000 29.64000000 79.77000000 29.82000000 -2.05041842e+00
79.51000001 29.21000000 79.65000000 29.59000000 2.75869629e-01
79.51000001 29.21000000 80.09000000 29.33000000 9.67717054e-01
79.51000001 29.21000000 80.18000000 29.10000000 1.29031869e+00
79.65000000 29.59000000 79.77000000 29.82000000 -2.06997679e+00
79.65000000 29.59000000 79.90000000 29.78000000 -1.77352181e+00
79.65000000 29.59000000 80.09000000 29.33000000 -5.89080012e-01
79.77000000 29.82000000 79.90000000 29.78000000 8.88496704e-03
79.90000000 29.78000000 80.09000000 29.33000000 -1.27831801e+00
79.90000000 29.78000000 80.23000000 29.59000000 -3.03984814e-01
80.09000000 29.33000000 80.18000000 29.10000000 -3.86972994e-01
80.09000000 29.33000000 80.23000000 29.59000000 -1.05158777e+00
80.23000000 29.59000000 80.34000000 29.76000000 -1.92570432e+00
80.34000000 29.76000000 80.56000000 29.86000000 -2.26486242e+00
73.24900000 34.42000000 73.39100000 33.89500000 -3.37294123e-02
73.24900000 34.42000000 73.65300000 33.97800000 -6.87514045e-02
73.24900000 34.42000000 73.93500000 33.93000000 -1.05289254e-01
73.24900000 34.42000000 74.48400000 34.09500000 -5.25746695e-01
73.24900000 34.42000000 74.97400000 34.35300000 4.35620262e-01
73.39100000 33.89500000 73.65300000 33.97800000 2.23874935e-02
73.39100000 33.89500000 73.75200000 33.87100000 1.24191339e-02
73.39100000 33.89500000 74.34700000 33.39500000 9.08163245e-02
73.65300000 33.97800000 73.75200000 33.87100000 4.61353765e-03
73.65300000 33.97800000 73.93500000 33.93000000 -1.51422168e-02
73.75200000 33.87100000 73.93500000 33.93000000 1.32771283e-02
73.75200000 33.87100000 74.34700000 33.39500000 -1.70825932e-01
73.93500000 33.93000000 74.34700000 33.39500000 -4.15541136e-01
73.93500000 33.93000000 74.48400000 34.09500000 4.88059989e-01
73.93500000 33.93000000 74.59300000 33.99300000 1.14808888e-01
74.34700000 33.39500000 74.59300000 33.99300000 1.38342561e+00
74.34700000 33.39500000 75.03700000 33.59500000 3.69916769e-01
74.48400000 34.09500000 74.59300000 33.99300000 -1.14330862e+00
74.48400000 34.09500000 74.81700000 34.10900000 4.74307339e-01
74.48400000 34.09500000 74.83700000 34.13000000 4.88621184e-01
74.48400000 34.09500000 74.97400000 34.35300000 2.31585763e-01
74.59300000 33.99300000 74.81700000 34.10900000 3.01262600e-02
74.59300000 33.99300000 75.03700000 33.59500000 1.24218822e+00
74.81700000 34.10900000 74.83700000 34.13000000 -8.74322191e-02
74.81700000 34.10900000 74.88900000 34.12000000 1.26779668e-02
74.81700000 34.10900000 75.03700000 33.59500000 -9.80543703e-02
74.83700000 34.13000000 74.88900000 34.12000000 7.19505226e-02
74.83700000 34.13000000 74.97400000 34.35300000 -5.55975932e-01
74.83700000 34.13000000 75.04500000 34.22700000 -1.98484961e-01
74.88900000 34.12000000 75.03700000 33.59500000 -3.74448132e-01
74.88900000 34.12000000 75.04500000 34.22700000 -2.49926175e-01
74.88900000 34.12000000 75.27200000 34.10000000 7.92750447e-03
74.97400000 34.35300000 75.04500000 34.22700000 -1.31478509e-01
74.97400000 34.35300000 75.32500000 34.29200000 8.46891454e-03
74.97400000 34.35300000 75.76900000 34.42400000 -1.78312893e-01
75.03700000 33.59500000 75.27200000 34.10000000 -1.03426429e+00
75.04500000 34.22700000 75.27200000 34.10000000 2.77802456e-02
75.04500000 34.22700000 75.32500000 34.29200000 -9.06039295e-02
75.27200000 34.10000000 75.32500000 34.29200000 -1.63964193e-01
75.27200000 34.10000000 75.76900000 34.42400000 -3.80984019e-01
75.32500000 34.29200000 75.76900000 34.42400000 -2.14825235e-01
75.76900000 34.42400000 76.16200000 34.55900000 -1.54531227e-01
