79.09800000 31.88700000 79.81400000 31.49800000 -3.53219080e-02
79.09800000 31.88700000 80.29300000 31.71100000 -3.85453554e-01
79.09800000 31.88700000 77.92100000 32.36400000 -2.46637212e+00
79.09800000 31.88700000 78.75400000 31.03700000 -1.67674335e+00
79.09800000 31.88700000 78.97300000 32.77900000 1.91335480e-01
79.09800000 31.88700000 78.67600000 30.99700000 -2.22723851e+00
79.81400000 31.49800000 80.29300000 31.71100000 2.86497614e-02
79.81400000 31.49800000 80.42900000 30.96100000 -2.08385966e-01
79.81400000 31.49800000 78.75400000 31.03700000 -1.59220385e+00
79.81400000 31.49800000 79.49300000 30.74300000 -9.50342213e-01
80.29300000 31.71100000 80.42900000 30.96100000 4.50172099e-01
80.29300000 31.71100000 81.42800000 30.83700000 -3.21845929e-01
80.29300000 31.71100000 78.97300000 32.77900000 1.24576008e-01
80.42900000 30.96100000 81.17600000 30.29000000 -3.91566881e-01
80.42900000 30.96100000 81.42800000 30.83700000 1.50999859e-01
80.42900000 30.96100000 79.49300000 30.74300000 -1.18370315e+00
80.42900000 30.96100000 80.24000000 30.06000000 -4.43769495e+00
80.42900000 30.96100000 79.55900000 30.53100000 -3.31948692e+00
81.17600000 30.29000000 81.42800000 30.83700000 -5.63920122e-01
81.17600000 30.29000000 81.85600000 30.71600000 -5.22461391e-01
81.17600000 30.29000000 80.24000000 30.06000000 -2.00340173e+00
81.17600000 30.29000000 81.20100000 29.47400000 -5.01901057e+00
81.17600000 30.29000000 81.80700000 29.96900000 -1.83665332e-01
81.17600000 30.29000000 80.56000000 29.86000000 -3.94784301e+00
81.42800000 30.83700000 81.85600000 30.71600000 7.02173754e-02
81.85600000 30.71600000 82.83200000 30.38900000 1.47914764e-01
81.85600000 30.71600000 81.80700000 29.96900000 -3.07644267e-01
82.83200000 30.38900000 83.24000000 29.80000000 -2.08957380e-01
82.83200000 30.38900000 84.03900000 29.72100000 -1.10989172e+00
82.83200000 30.38900000 81.80700000 29.96900000 -4.87808779e-01
82.83200000 30.38900000 82.19300000 29.27800000 -3.68463878e+00
82.83200000 30.38900000 85.74100000 29.59100000 1.51182239e-01
83.24000000 29.80000000 84.03900000 29.72100000 3.66056187e-01
83.24000000 29.80000000 84.04300000 29.53400000 8.53175083e-02
83.24000000 29.80000000 82.19300000 29.27800000 -3.14516967e+00
83.24000000 29.80000000 82.81800000 28.98400000 -3.61175363e+00
83.24000000 29.80000000 83.89500000 29.17900000 -1.45849220e+00
84.03900000 29.72100000 84.15600000 29.68000000 1.39126148e-01
84.03900000 29.72100000 84.04300000 29.53400000 -9.00774753e-01
84.03900000 29.72100000 85.74100000 29.59100000 6.68231592e-01
84.15600000 29.68000000 84.04300000 29.53400000 -7.43065350e-01
84.15600000 29.68000000 85.21000000 29.44000000 7.27247445e-01
84.15600000 29.68000000 85.74100000 29.59100000 4.10183561e-01
85.44200000 28.95900000 85.64000000 29.44100000 -1.43640001e+00
85.44200000 28.95900000 86.38699999 28.68700000 -2.41903820e-01
85.44200000 28.95900000 85.21000000 29.44000000 -4.82861729e-01
85.44200000 28.95900000 86.01999999 28.30000000 7.29600618e-01
85.44200000 28.95900000 84.41000000 28.37500000 -3.39900441e+00
85.44200000 28.95900000 85.31399999 28.20700000 -3.51355905e+00
85.64000000 29.44100000 86.38699999 28.68700000 -9.44654999e-01
85.64000000 29.44100000 85.21000000 29.44000000 -1.91465275e-01
85.64000000 29.44100000 85.74100000 29.59100000 -2.03221253e-01
85.97499999 28.14900000 85.32899999 28.17100000 -4.61167516e-01
85.97499999 28.14900000 86.01999999 28.29000000 -1.09647021e+00
85.97499999 28.14900000 86.01999999 28.30000000 -1.14715429e+00
85.97499999 28.14900000 86.22999999 27.63500000 -2.24989880e+00
85.97499999 28.14900000 86.81299999 27.95800000 -3.53145975e-01
85.97499999 28.14900000 85.31399999 28.20700000 -1.12398550e-01
85.97499999 28.14900000 85.87699999 27.91000000 -2.72748735e+00
85.97499999 28.14900000 86.71199999 27.81400000 3.59822800e-02
85.97499999 28.14900000 86.82699999 28.19400000 -8.65013725e-01
86.38699999 28.68700000 86.96699999 28.39200000 -2.76747545e-01
86.38699999 28.68700000 87.05999999 28.58700000 -1.17870537e-01
86.38699999 28.68700000 87.08600000 29.32000000 -4.98405250e-01
86.38699999 28.68700000 86.93999999 28.35700000 -3.12669517e-01
86.38699999 28.68700000 86.01999999 28.30000000 -2.45679583e+00
86.38699999 28.68700000 86.82699999 28.19400000 -5.30390074e-01
86.38699999 28.68700000 85.74100000 29.59100000 -9.69369051e-01
86.94099999 28.35700000 86.82699999 28.19400000 -3.37078563e-01
86.94099999 28.35700000 86.92899999 27.97300000 -4.58869623e-01
86.96699999 28.39200000 87.05999999 28.58700000 -3.85567268e-01
86.96699999 28.39200000 87.76900000 28.53800000 -6.55110270e-01
86.96699999 28.39200000 86.92899999 27.97300000 -5.15629090e-01
86.96699999 28.39200000 87.15499999 28.63000000 -4.86459080e-01
87.05999999 28.58700000 87.08600000 29.32000000 -1.32880030e+00
87.05999999 28.58700000 87.15499999 28.63000000 -7.78611432e-02
87.08600000 29.32000000 85.74100000 29.59100000 -8.53282136e-01
87.18400000 29.26900000 87.57700000 29.11800000 7.83042992e-02
87.18400000 29.26900000 87.15499999 28.63000000 -1.15479307e+00
87.76900000 28.53800000 88.56000000 28.24400000 -2.65747373e+00
87.76900000 28.53800000 88.86500000 29.24900000 -1.32655418e+00
87.76900000 28.53800000 87.57700000 29.11800000 -1.09557466e+00
87.76900000 28.53800000 87.70999999 27.35200000 -4.82955203e+00
87.76900000 28.53800000 86.92899999 27.97300000 -1.16148542e+00
87.76900000 28.53800000 87.15499999 28.63000000 -2.87992479e-01
87.76900000 28.53800000 88.86400000 29.25000000 -1.32779534e+00
88.56000000 28.24400000 88.86500000 29.24900000 -3.67692134e+00
88.56000000 28.24400000 89.15400000 27.72100000 -1.66526961e+00
88.56000000 28.24400000 89.30500000 27.93100000 1.00921604e+00
88.56000000 28.24400000 89.55600000 28.91100000 -6.37045435e-01
88.56000000 28.24400000 89.62700000 28.31500000 3.05313908e+00
88.56000000 28.24400000 88.56900000 27.36500000 -5.48238645e+00
88.56000000 28.24400000 88.91000000 27.49000000 -4.02587219e+00
88.56000000 28.24400000 87.70999999 27.35200000 -4.48360291e+00
88.86500000 29.24900000 89.55600000 28.91100000 -1.15138526e+00
88.86500000 29.24900000 90.15400000 29.44400000 9.20321891e-02
88.86500000 29.24900000 89.57300000 28.91400000 -1.14919627e+00
88.90600000 27.43700000 89.15400000 27.72100000 -1.33647353e+00
88.90600000 27.43700000 88.56900000 27.36500000 -5.22517601e-01
88.90600000 27.43700000 89.39200000 26.84900000 3.19539434e-02
88.90600000 27.43700000 89.63500000 27.47200000 -6.48278097e-01
88.90600000 27.43700000 88.70200000 27.02400000 -2.26726223e+00
88.90600000 27.43700000 88.79100000 27.01000000 -2.49280000e+00
88.90600000 27.43700000 88.93600000 26.96500000 -2.42361980e+00
89.15400000 27.72100000 89.30500000 27.93100000 -1.50388116e+00
89.15400000 27.72100000 88.91000000 27.49000000 -1.08683152e+00
89.15400000 27.72100000 89.63500000 27.47200000 -3.97305241e-01
89.30500000 27.93100000 89.62700000 28.31500000 -1.07302655e+00
89.30500000 27.93100000 89.63500000 27.47200000 -2.41255511e+00
89.55600000 28.91100000 89.62700000 28.31500000 -2.27410901e+00
89.55600000 28.91100000 89.91100000 28.61900000 -8.57731443e-01
89.62700000 28.31500000 89.91100000 28.61900000 -1.21700330e+00
89.62700000 28.31500000 90.55800000 28.41900000 -1.10225232e+00
89.62700000 28.31500000 89.63500000 27.47200000 -4.56762017e+00
89.91100000 28.61900000 90.10700000 28.93200000 -1.03187319e+00
89.91100000 28.61900000 90.55800000 28.41900000 1.00202097e-01
89.91100000 28.61900000 89.57300000 28.91400000 -8.88877864e-01
90.10700000 28.93200000 90.15400000 29.44400000 -1.50729524e+00
90.10700000 28.93200000 90.26700000 29.32400000 -1.13538662e+00
90.10700000 28.93200000 90.55800000 28.41900000 -6.36109626e-01
90.10700000 28.93200000 90.95900000 29.27800000 -2.26699001e-01
90.10700000 28.93200000 89.57300000 28.91400000 3.35383479e-01
90.15400000 29.44400000 90.26700000 29.32400000 -1.20475872e-01
90.15400000 29.44400000 78.70400000 33.19100000 1.47447695e-01
90.15400000 29.44400000 89.57300000 28.91400000 -2.19636256e-01
90.15400000 29.44400000 85.74100000 29.59100000 -1.90526837e-01
90.26700000 29.32400000 90.95900000 29.27800000 3.90113117e-01
90.55800000 28.41900000 91.88900000 28.96000000 -9.84417459e-01
90.55800000 28.41900000 91.91000000 27.97100000 5.05364814e-01
90.55800000 28.41900000 89.63500000 27.47200000 -3.35381438e+00
90.55800000 28.41900000 90.95900000 29.27800000 -2.61612653e+00
91.88900000 28.96000000 91.91000000 27.97100000 -2.03080345e+00
91.88900000 28.96000000 92.39900000 28.42200000 1.11110920e+00
91.88900000 28.96000000 93.07300000 29.04400000 -2.60597974e-01
91.88900000 28.96000000 92.43900000 28.43200000 1.26617837e+00
91.88900000 28.96000000 90.95900000 29.27800000 6.70026951e-01
91.91000000 27.97100000 92.39900000 28.42200000 -1.67736200e+00
91.91000000 27.97100000 92.41500000 27.27000000 -4.95750395e+00
91.91000000 27.97100000 89.63500000 27.47200000 -9.51169960e-01
92.39900000 28.42200000 92.41500000 27.27000000 -8.13315251e+00
93.07300000 29.04400000 92.43900000 28.43200000 -1.66009991e+00
93.07300000 29.04400000 92.41500000 27.27000000 -9.09405822e+00
93.07300000 29.04400000 90.95900000 29.27800000 9.67920035e-01
83.95300000 29.17800000 84.04300000 29.53400000 -1.11095326e+00
83.95300000 29.17800000 85.21000000 29.44000000 -8.29734219e-01
83.95300000 29.17800000 83.74300000 28.80500000 -2.40717413e+00
83.95300000 29.17800000 84.41000000 28.37500000 -2.60202482e+00
84.04300000 29.53400000 85.21000000 29.44000000 4.42277116e-01
84.04300000 29.53400000 83.89500000 29.17900000 -1.10918463e+00
86.93999999 28.35700000 86.82699999 28.19400000 -3.35668776e-01
75.36300000 32.56500000 75.88100000 32.30400000 -3.54036071e+00
75.36300000 32.56500000 75.93800000 31.47900000 -4.56909048e+00
75.36300000 32.56500000 75.99300000 32.53600000 -1.39721074e+00
75.36300000 32.56500000 74.34700000 33.39500000 -6.72380453e-01
75.36300000 32.56500000 75.03700000 33.59500000 6.34425470e-02
75.88100000 32.30400000 75.93800000 31.47900000 1.09253893e+00
75.88100000 32.30400000 75.99300000 32.53600000 -3.32913969e+00
75.88100000 32.30400000 76.29400000 31.89700000 -7.46340107e-01
75.88100000 32.30400000 76.30700000 32.24800000 6.54670768e-01
75.93800000 31.47900000 76.29400000 31.89700000 1.88346851e+00
75.93800000 31.47900000 76.30700000 31.53800000 4.23784618e-01
75.93800000 31.47900000 77.12600000 28.48200000 -4.34045680e+00
75.93800000 31.47900000 77.63000000 30.27600000 -2.52226449e+00
75.93800000 31.47900000 77.17200000 28.54400000 -4.30149479e+00
75.93800000 31.47900000 73.39100000 33.89500000 1.14307224e+00
75.93800000 31.47900000 74.34700000 33.39500000 -4.64478356e+00
75.99300000 32.53600000 76.30700000 32.24800000 -7.65225644e-01
75.99300000 32.53600000 76.68900000 32.69800000 5.81619239e-01
75.99300000 32.53600000 75.03700000 33.59500000 -3.38394261e+00
76.29400000 31.89700000 76.30700000 31.53800000 -8.84703943e-01
76.29400000 31.89700000 76.30700000 32.24800000 -2.39978019e+00
76.29400000 31.89700000 76.67300000 31.91900000 -4.27022463e-01
76.30700000 31.53800000 76.67300000 31.91900000 -1.72024726e+00
76.30700000 31.53800000 76.81500000 31.63400000 -1.05389007e+00
76.30700000 31.53800000 77.63000000 30.27600000 -2.57848989e-01
76.30700000 32.24800000 76.67300000 31.91900000 -1.23126655e+00
76.30700000 32.24800000 76.68900000 32.69800000 -5.88226522e+00
76.30700000 32.24800000 77.19200000 32.31700000 -9.12182645e-01
76.67300000 31.91900000 76.81500000 31.63400000 -6.20110401e-01
76.67300000 31.91900000 77.10800000 32.06700000 -3.15713141e+00
76.67300000 31.91900000 77.19200000 32.31700000 -5.87266993e+00
76.68900000 32.69800000 77.17500000 32.63400000 1.46693802e+00
76.68900000 32.69800000 77.19200000 32.31700000 -9.09686836e-01
76.68900000 32.69800000 77.42500000 32.79800000 2.89837678e+00
76.68900000 32.69800000 77.60000000 34.12800000 -2.07057651e+00
76.68900000 32.69800000 75.03700000 33.59500000 1.58604974e+00
76.68900000 32.69800000 75.27200000 34.10000000 8.28517234e-01
76.68900000 32.69800000 75.76900000 34.42400000 6.24348248e-02
76.68900000 32.69800000 76.16200000 34.55900000 -1.75917379e-01
76.81500000 31.63400000 77.10800000 32.06700000 -5.42798175e+00
76.81500000 31.63400000 77.63000000 30.27600000 -1.17039069e+00
76.81500000 31.63400000 78.02100000 30.45900000 1.83142767e-01
76.81500000 31.63400000 78.67600000 30.99700000 3.30628282e+00
77.10800000 32.06700000 77.19200000 32.31700000 -3.11650917e+00
77.10800000 32.06700000 77.92100000 32.36400000 -7.03930083e-01
77.10800000 32.06700000 78.67600000 30.99700000 2.76763405e+00
77.12600000 28.48200000 78.60800001 25.45200000 -7.67150919e-02
77.12600000 28.48200000 79.08000000 29.23000000 -3.96151005e-01
77.12600000 28.48200000 73.39100000 33.89500000 2.20244411e-01
77.17500000 32.63400000 77.19200000 32.31700000 -3.35294882e+00
77.17500000 32.63400000 77.42500000 32.79800000 6.55003037e-01
77.19200000 32.31700000 77.42500000 32.79800000 -3.56350266e+00
77.19200000 32.31700000 77.92100000 32.36400000 9.93174099e-01
77.42500000 32.79800000 77.80800000 33.97200000 1.94706521e+00
77.42500000 32.79800000 77.92100000 32.36400000 -3.35610697e+00
77.42500000 32.79800000 78.66000000 33.20900000 -2.77618120e+00
77.42500000 32.79800000 77.60000000 34.12800000 2.82836895e+00
77.63000000 30.27600000 77.86000000 30.32900000 -5.10261465e-02
77.63000000 30.27600000 77.86800000 30.14700000 1.73772885e-01
77.63000000 30.27600000 78.02100000 30.45900000 -1.13326455e+00
77.63000000 30.27600000 77.17200000 28.54400000 -1.03523950e+00
77.80800000 33.97200000 78.66000000 33.20900000 -6.41155645e-01
77.86000000 30.32900000 77.86800000 30.14700000 -2.19288605e-01
77.86000000 30.32900000 77.97400000 30.28500000 4.51202516e-02
77.86000000 30.32900000 78.01400000 30.32900000 -6.98537193e-02
77.86000000 30.32900000 78.02100000 30.45900000 -1.23636522e+00
77.86800000 30.14700000 77.97400000 30.28500000 -3.14969533e-01
77.86800000 30.14700000 77.97900000 30.09500000 2.32032740e-02
77.92100000 32.36400000 78.66000000 33.20900000 1.45862660e+00
77.92100000 32.36400000 78.97300000 32.77900000 3.76053955e-03
77.92100000 32.36400000 78.67600000 30.99700000 -5.11336850e+00
77.97400000 30.28500000 77.97900000 30.09500000 -2.38246612e-01
77.97400000 30.28500000 78.01400000 30.32900000 -2.12386665e-01
77.97400000 30.28500000 78.18700000 30.19100000 8.90106941e-02
77.97900000 30.09500000 78.18700000 30.19100000 -2.82617132e-01
77.97900000 30.09500000 78.68000000 29.84800000 -1.41883011e-01
77.97900000 30.09500000 77.17200000 28.54400000 -1.25373125e+00
78.01400000 30.32900000 78.02100000 30.45900000 -1.10317751e+00
78.01400000 30.32900000 78.11500000 30.45200000 -1.53499137e+00
78.01400000 30.32900000 78.15500000 30.34200000 -1.25618903e-01
78.01400000 30.32900000 78.18700000 30.19100000 5.13229876e-02
78.02100000 30.45900000 78.11500000 30.45200000 -6.71458149e-02
78.02100000 30.45900000 78.67600000 30.99700000 -6.51103056e+00
78.11500000 30.45200000 78.15500000 30.34200000 -9.17502242e-01
78.11500000 30.45200000 78.61700000 30.80600000 -3.81394455e+00
78.11500000 30.45200000 78.36500000 30.40400000 -2.61094228e-02
78.15500000 30.34200000 78.18700000 30.19100000 -4.69205553e-01
78.15500000 30.34200000 78.36800000 30.39400000 -9.93055207e-01
78.15500000 30.34200000 78.36500000 30.40400000 -1.11584261e+00
78.18700000 30.19100000 78.36800000 30.39400000 -2.19160377e+00
78.18700000 30.19100000 78.68000000 29.84800000 -1.29815809e-01
78.36800000 30.39400000 78.61700000 30.80600000 -4.77570762e+00
78.36800000 30.39400000 78.68000000 29.84800000 -1.65257201e+00
78.36800000 30.39400000 79.09000000 30.29800000 -6.29299582e-01
78.60800001 25.45200000 80.94300001 26.89100000 -3.12078367e-01
78.60800001 25.45200000 85.92499999 26.71100000 -6.04038899e-01
78.60800001 25.45200000 79.08000000 29.23000000 -7.46852230e-01
78.60800001 25.45200000 91.23700000 25.00000000 1.75325255e-01
78.61700000 30.80600000 78.75400000 31.03700000 -2.91851524e+00
78.61700000 30.80600000 79.09000000 30.29800000 -2.84119797e+00
78.61700000 30.80600000 78.36500000 30.40400000 -4.64202113e+00
78.61700000 30.80600000 78.67600000 30.99700000 -2.45093508e+00
78.61700000 30.80600000 79.21100000 30.48600000 -1.36133812e+00
78.66000000 33.20900000 78.97300000 32.77900000 2.10703595e-02
78.68000000 29.84800000 79.09000000 30.29800000 -4.89933068e+00
78.68000000 29.84800000 77.17200000 28.54400000 -5.97467897e-01
78.68000000 29.84800000 79.08000000 29.23000000 -1.08201244e+00
78.68000000 29.84800000 79.43000000 29.64000000 1.89158487e-02
78.75400000 31.03700000 79.49300000 30.74300000 1.24507766e-01
78.75400000 31.03700000 78.67600000 30.99700000 -3.81279123e-01
78.75400000 31.03700000 79.21100000 30.48600000 -2.67176952e+00
79.09000000 30.29800000 79.19400000 30.32900000 -1.07668983e+00
79.09000000 30.29800000 79.21100000 30.48600000 -3.66004009e+00
79.09000000 30.29800000 79.43000000 29.64000000 -3.56421762e+00
79.19400000 30.32900000 79.21100000 30.48600000 -2.03877771e+00
79.19400000 30.32900000 79.55900000 30.53100000 -5.14615571e-01
79.19400000 30.32900000 79.43000000 29.64000000 -5.36442766e+00
79.19400000 30.32900000 79.77000000 29.82000000 -1.90866303e+00
79.49300000 30.74300000 79.21100000 30.48600000 -1.83601994e+00
79.49300000 30.74300000 79.55900000 30.53100000 -2.38294112e+00
80.24000000 30.06000000 79.55900000 30.53100000 -4.78126841e-03
80.24000000 30.06000000 80.04100000 29.83800000 -4.62699263e+00
80.24000000 30.06000000 79.77000000 29.82000000 -4.09170392e+00
80.24000000 30.06000000 80.34000000 29.76000000 -4.88937226e+00
80.24000000 30.06000000 80.56000000 29.86000000 -1.15634088e+00
80.94300001 26.89100000 80.14800001 28.96300000 -5.32649277e-01
80.94300001 26.89100000 81.11600000 28.61300000 -1.24179630e-01
80.94300001 26.89100000 81.57500000 28.13400000 -9.23854348e-01
80.94300001 26.89100000 82.09500000 28.01000000 2.67219393e-01
80.94300001 26.89100000 82.54000000 27.78600000 -9.43630877e-01
80.94300001 26.89100000 80.58200000 28.75400000 4.00922215e+00
80.94300001 26.89100000 81.61500000 28.04900000 -8.47776894e-01
80.94300001 26.89100000 85.92499999 26.71100000 -1.44260235e-01
80.94300001 26.89100000 79.08000000 29.23000000 -2.74294602e-01
88.56900000 27.36500000 88.91000000 27.49000000 -6.31322500e-01
88.56900000 27.36500000 87.70999999 27.35200000 -1.57617068e+00
88.56900000 27.36500000 88.70200000 27.02400000 -1.97879619e+00
88.56900000 27.36500000 88.50300000 27.08900000 -1.28569623e+00
89.39200000 26.84900000 92.41500000 27.27000000 -1.99799219e+00
89.39200000 26.84900000 89.63500000 27.47200000 -1.24905441e+00
89.39200000 26.84900000 88.73800000 26.75100000 -8.56714400e-01
89.39200000 26.84900000 88.93600000 26.96500000 3.58937130e-01
89.39200000 26.84900000 91.23700000 25.00000000 -1.55989326e+00
92.43900000 28.43200000 92.41500000 27.27000000 -8.26761273e+00
80.14800001 28.96300000 80.63600000 29.01200000 2.20026705e-01
80.14800001 28.96300000 80.58200000 28.75400000 1.19653320e+00
80.14800001 28.96300000 79.08000000 29.23000000 -9.83911156e-02
80.14800001 28.96300000 79.51000001 29.21000000 -6.26544799e-02
80.14800001 28.96300000 80.18000000 29.10000000 -6.24580223e-01
80.60200000 29.33400000 80.72100000 29.52700000 -2.32334960e+00
80.60200000 29.33400000 80.50100000 29.73400000 -3.21730363e+00
80.60200000 29.33400000 80.62600000 29.17700000 -6.45367724e-01
80.60200000 29.33400000 81.20100000 29.47400000 -3.34402425e+00
80.60200000 29.33400000 80.09000000 29.33000000 -3.69403284e-01
80.60200000 29.33400000 80.18000000 29.10000000 -7.27830721e-01
80.60200000 29.33400000 80.23000000 29.59000000 -2.01726176e-01
80.63600000 29.01200000 81.11600000 28.61300000 1.76771095e-01
80.63600000 29.01200000 81.35300000 28.82400000 1.49070580e-01
80.63600000 29.01200000 80.58200000 28.75400000 5.92029110e-01
80.63600000 29.01200000 80.62600000 29.17700000 -4.62703156e-01
80.63600000 29.01200000 81.20100000 29.47400000 -6.49001356e+00
80.63600000 29.01200000 80.18000000 29.10000000 1.24823554e-01
80.72100000 29.52700000 80.50100000 29.73400000 -9.60820156e-01
80.72100000 29.52700000 81.20100000 29.47400000 -4.87624347e-01
80.72100000 29.52700000 80.56000000 29.86000000 -3.61405748e+00
81.11600000 28.61300000 81.35300000 28.82400000 -1.07905055e+00
81.11600000 28.61300000 81.57500000 28.13400000 -8.20537408e-01
81.11600000 28.61300000 81.63400000 28.58300000 -2.39707053e-01
81.11600000 28.61300000 81.69100000 28.40700000 2.99304902e-02
81.11600000 28.61300000 80.58200000 28.75400000 1.73785547e-01
81.35300000 28.82400000 81.63400000 28.58300000 -1.16640199e-01
81.35300000 28.82400000 81.63500000 28.58600000 -1.03390562e-01
81.35300000 28.82400000 81.20100000 29.47400000 -5.62351196e+00
81.35300000 28.82400000 81.71400000 28.65600000 1.32966647e-01
81.35300000 28.82400000 82.19300000 29.27800000 -6.67946058e+00
81.57500000 28.13400000 81.69100000 28.40700000 -4.60057500e-01
81.63400000 28.58300000 81.69100000 28.40700000 -1.98624481e-01
81.63400000 28.58300000 81.71400000 28.65600000 -5.70897150e-01
81.63500000 28.58600000 81.71400000 28.65600000 -5.53510958e-01
81.69100000 28.40700000 82.09500000 28.01000000 -9.18389769e-02
81.69100000 28.40700000 82.34700000 28.24900000 2.54444510e-01
81.69100000 28.40700000 81.59500000 28.11700000 -5.31277437e-01
81.69100000 28.40700000 81.71400000 28.65600000 -8.91775808e-01
82.09500000 28.01000000 82.24700000 28.03000000 8.56764478e-01
82.09500000 28.01000000 82.34700000 28.24900000 -3.04602586e-02
82.09500000 28.01000000 82.54000000 27.78600000 9.06254773e-01
82.09500000 28.01000000 81.59500000 28.11700000 4.55992013e-01
82.09500000 28.01000000 81.61500000 28.04900000 6.08939972e-01
82.24700000 28.03000000 82.34700000 28.24900000 -1.90525541e-01
82.24700000 28.03000000 82.54000000 27.78600000 -6.49749911e-03
82.24700000 28.03000000 82.49100000 27.95100000 -2.08392778e-01
82.24700000 28.03000000 82.57300000 28.06300000 -5.68504868e-01
82.34700000 28.24900000 81.71400000 28.65600000 2.50000121e-01
82.34700000 28.24900000 82.81800000 28.98400000 -9.38397628e+00
82.34700000 28.24900000 82.57300000 28.06300000 -2.91040831e-01
82.50400000 27.95100000 82.54000000 27.78600000 -8.70671039e-01
82.50400000 27.95100000 82.57300000 28.06300000 4.32482045e-01
82.54000000 27.78600000 82.78500000 27.56800000 -5.32087164e-02
82.54000000 27.78600000 82.49100000 27.95100000 -7.50798362e-01
82.54000000 27.78600000 82.57300000 28.06300000 -4.35810633e-01
82.78500000 27.56800000 82.57300000 28.06300000 -6.31162021e-01
82.78500000 27.56800000 83.41800000 27.50700000 -1.96806564e-02
82.78500000 27.56800000 83.55400000 27.87400000 -2.71054981e-01
85.00799999 27.31600000 85.39799999 27.57500000 -9.90515805e-01
85.00799999 27.31600000 84.98499999 27.16600000 5.52927561e-01
85.00799999 27.31600000 85.10799999 27.60800000 -1.11330207e+00
85.00799999 27.31600000 84.43000000 27.67800000 -2.80937005e-01
85.21000000 29.44000000 84.41000000 28.37500000 -4.69013254e+00
85.21000000 29.44000000 85.74100000 29.59100000 -7.31671111e-01
85.22199999 28.01500000 85.32899999 28.17100000 -1.70143540e+00
85.22199999 28.01500000 84.38000000 28.22900000 1.09114505e+00
85.22199999 28.01500000 84.41000000 28.37500000 1.09887549e+00
85.22199999 28.01500000 85.10799999 27.60800000 -4.50096265e+00
85.22199999 28.01500000 85.27899999 27.80100000 -2.77996678e+00
85.22199999 28.01500000 85.31399999 28.20700000 -2.05009007e+00
85.22199999 28.01500000 84.43000000 27.67800000 -3.11462798e+00
85.27999999 27.69300000 85.10799999 27.60800000 -3.13076137e-01
85.27999999 27.69300000 85.27899999 27.80100000 -9.15698257e-01
85.27999999 27.69300000 85.28799999 27.68200000 -3.17665135e-02
85.27999999 27.69300000 85.35799999 27.69700000 -8.86194640e-02
85.32899999 28.17100000 85.27899999 27.80100000 -4.73166323e+00
85.32899999 28.17100000 85.52099999 27.69300000 -4.45024698e+00
85.32899999 28.17100000 85.87699999 27.91000000 -1.23200642e+00
85.39799999 27.57500000 85.79399999 27.74500000 -2.79149925e+00
85.39799999 27.57500000 84.98499999 27.16600000 -5.56320424e-01
85.39799999 27.57500000 85.10799999 27.60800000 -1.74829990e-01
85.39799999 27.57500000 85.28799999 27.68200000 -2.16991776e-01
85.39799999 27.57500000 85.52099999 27.69300000 -7.04062271e-01
85.39799999 27.57500000 85.35799999 27.69700000 -3.07870486e-01
85.39799999 27.57500000 85.92499999 26.71100000 -1.18716858e+00
85.79399999 27.74500000 86.22999999 27.63500000 1.88338639e-01
85.79399999 27.74500000 85.52099999 27.69300000 -1.80439840e+00
85.79399999 27.74500000 85.87699999 27.91000000 -2.05873591e+00
85.79399999 27.74500000 85.92499999 26.71100000 -5.08511380e+00
86.01999999 28.29000000 86.82699999 28.19400000 -1.39159405e+00
86.01999999 28.30000000 85.31399999 28.20700000 -6.45885773e-02
86.01999999 28.30000000 86.82699999 28.19400000 -1.41556622e+00
86.22999999 27.63500000 85.87699999 27.91000000 5.25641610e-01
86.22999999 27.63500000 86.54999999 27.30500000 8.55188593e-01
86.22999999 27.63500000 86.71199999 27.81400000 -1.62409227e+00
86.22999999 27.63500000 85.92499999 26.71100000 -7.39693002e+00
86.22999999 27.63500000 86.71499999 27.80300000 -1.56052970e+00
86.22999999 27.63500000 86.72499999 27.68300000 -8.18502220e-01
86.81299999 27.95800000 86.71199999 27.81400000 -2.75467481e-01
86.81299999 27.95800000 86.82299999 27.89400000 -8.11658172e-02
86.81299999 27.95800000 86.82699999 28.19400000 -2.88640740e-01
86.81299999 27.95800000 86.92899999 27.97300000 -2.84054120e-01
87.57700000 29.11800000 87.15499999 28.63000000 -6.39719459e-01
87.57700000 29.11800000 88.86400000 29.25000000 -4.01696316e-02
78.70400000 33.19100000 85.74100000 29.59100000 2.66409706e-01
92.41500000 27.27000000 89.63500000 27.47200000 -7.82359630e-01
92.41500000 27.27000000 91.23700000 25.00000000 -8.98340325e+00
80.50100000 29.73400000 80.23000000 29.59000000 -2.35110599e+00
80.50100000 29.73400000 80.34000000 29.76000000 -9.61593309e-02
80.50100000 29.73400000 80.56000000 29.86000000 -2.39383521e+00
80.62600000 29.17700000 81.20100000 29.47400000 -5.22561680e+00
80.62600000 29.17700000 80.18000000 29.10000000 -2.14407492e-03
81.20100000 29.47400000 81.80700000 29.96900000 -3.95081979e+00
81.20100000 29.47400000 82.19300000 29.27800000 -1.16221931e-01
81.20100000 29.47400000 80.56000000 29.86000000 -8.44640414e-01
81.71400000 28.65600000 82.19300000 29.27800000 -8.19280400e+00
81.71400000 28.65600000 82.81800000 28.98400000 -4.76872862e+00
81.80700000 29.96900000 82.19300000 29.27800000 -2.81196213e+00
82.19300000 29.27800000 82.81800000 28.98400000 1.50087221e+00
82.49100000 27.95100000 82.57300000 28.06300000 4.08937263e-01
82.81800000 28.98400000 83.74300000 28.80500000 2.60425667e-01
82.81800000 28.98400000 83.89500000 29.17900000 -2.03630187e-01
82.81800000 28.98400000 82.57300000 28.06300000 -9.98646302e+00
82.81800000 28.98400000 83.71800000 28.78100000 2.26230757e-01
83.60300000 27.76700000 83.82600000 27.45700000 -1.16847876e-01
83.60300000 27.76700000 84.13000000 27.64800000 1.32682558e-01
83.60300000 27.76700000 83.41800000 27.50700000 2.86649074e-02
83.60300000 27.76700000 83.55400000 27.87400000 -1.68658181e-01
83.60300000 27.76700000 83.97800000 28.19900000 -2.71778513e+00
83.74300000 28.80500000 83.89500000 29.17900000 -2.43180004e+00
83.74300000 28.80500000 83.93600000 28.26000000 -3.39583346e+00
83.74300000 28.80500000 84.41000000 28.37500000 -1.25335104e+00
83.82600000 27.45700000 84.13000000 27.64800000 -4.89177960e-02
83.82600000 27.45700000 84.98499999 27.16600000 -3.44734227e-01
83.82600000 27.45700000 83.41800000 27.50700000 -7.84519174e-02
83.93600000 28.26000000 84.41000000 28.37500000 -2.14036045e+00
83.93600000 28.26000000 83.55400000 27.87400000 -2.95586727e+00
83.93600000 28.26000000 83.71800000 28.78100000 -3.23992609e+00
84.13000000 27.64800000 84.26500000 27.97300000 -1.71855145e+00
84.13000000 27.64800000 84.98499999 27.16600000 -1.79499026e-02
84.13000000 27.64800000 83.97800000 28.19900000 -2.12556053e+00
84.13000000 27.64800000 84.43000000 27.67800000 -1.72819336e-01
84.26500000 27.97300000 84.38000000 28.22900000 -3.43979489e+00
84.26500000 27.97300000 83.97800000 28.19900000 -2.82883127e-01
84.26500000 27.97300000 84.43000000 27.67800000 -7.07941914e-01
84.38000000 28.22900000 84.41000000 28.37500000 -1.07833158e+00
84.38000000 28.22900000 83.97800000 28.19900000 -1.32183356e+00
84.38000000 28.22900000 84.43000000 27.67800000 -3.97846679e+00
84.41000000 28.37500000 85.31399999 28.20700000 6.72329160e-01
84.41000000 28.37500000 83.97800000 28.19900000 -2.80621229e+00
84.98499999 27.16600000 84.43000000 27.67800000 -2.01955603e-01
84.98499999 27.16600000 85.92499999 26.71100000 -1.14845840e+00
85.10799999 27.60800000 85.27899999 27.80100000 -1.22740780e+00
85.10799999 27.60800000 85.28799999 27.68200000 -2.79811151e-01
85.10799999 27.60800000 84.43000000 27.67800000 3.70257947e-02
85.27899999 27.80100000 85.52099999 27.69300000 -5.12019974e-01
85.27899999 27.80100000 85.35799999 27.69700000 -6.70405097e-01
85.28799999 27.68200000 85.35799999 27.69700000 -9.93182498e-02
85.52099999 27.69300000 85.87699999 27.91000000 -4.03746993e+00
85.52099999 27.69300000 85.35799999 27.69700000 -3.53544799e-01
86.54999999 27.30500000 86.59699999 26.99100000 -1.64111684e+00
86.54999999 27.30500000 85.92499999 26.71100000 -7.96937322e+00
86.54999999 27.30500000 86.72499999 27.68300000 -1.78670408e+00
86.54999999 27.30500000 87.20599999 27.38000000 -1.25558081e+00
86.59699999 26.99100000 87.39199999 26.86600000 -1.46744110e+00
86.59699999 26.99100000 85.92499999 26.71100000 -4.26945325e+00
86.59699999 26.99100000 87.20599999 27.38000000 -1.67672478e+00
86.71199999 27.81400000 86.82299999 27.89400000 -2.65696812e-01
87.39199999 26.86600000 87.70999999 27.35200000 -2.37007432e+00
87.39199999 26.86600000 88.18500000 26.88300000 -1.51143580e+00
87.39199999 26.86600000 88.35000000 26.71100000 -5.29885439e-01
87.39199999 26.86600000 85.92499999 26.71100000 -1.85677695e+00
87.39199999 26.86600000 87.20599999 27.38000000 -5.00121911e+00
87.70999999 27.35200000 88.40000000 26.98000000 -3.71550394e+00
87.70999999 27.35200000 88.18500000 26.88300000 -4.66394217e+00
87.70999999 27.35200000 86.92899999 27.97300000 -2.81197388e+00
87.70999999 27.35200000 87.20599999 27.38000000 3.91361999e-01
87.70999999 27.35200000 88.50300000 27.08900000 -2.96349136e+00
77.60000000 34.12800000 76.16200000 34.55900000 -7.86346139e-01
88.40000000 26.98000000 88.18500000 26.88300000 4.03378866e-01
88.40000000 26.98000000 88.35000000 26.71100000 -6.72316648e-01
88.40000000 26.98000000 88.56900000 26.88900000 -3.30727924e-01
88.40000000 26.98000000 88.50300000 27.08900000 -6.64361953e-01
88.68000000 27.00000000 88.56900000 26.88900000 -4.66032818e-01
88.68000000 27.00000000 88.70200000 27.02400000 -2.00412824e-01
88.68000000 27.00000000 88.75300000 26.88100000 -5.39663697e-01
88.68000000 27.00000000 88.79100000 27.01000000 -1.30009666e-01
88.68000000 27.00000000 88.50300000 27.08900000 -4.58100120e-01
88.18500000 26.88300000 88.35000000 26.71100000 -1.14232972e+00
88.35000000 26.71100000 88.56900000 26.88900000 -6.78343293e-02
88.35000000 26.71100000 88.73800000 26.75100000 -2.30165828e-02
88.35000000 26.71100000 85.92499999 26.71100000 6.30698008e-01
88.35000000 26.71100000 91.23700000 25.00000000 -1.06500278e+00
88.56900000 26.88900000 88.73800000 26.75100000 -6.49564465e-01
88.56900000 26.88900000 88.75300000 26.88100000 -2.36791500e-01
88.56900000 26.88900000 88.50300000 27.08900000 -1.25241542e+00
88.70200000 27.02400000 88.79100000 27.01000000 -7.48677062e-02
88.70200000 27.02400000 88.50300000 27.08900000 -3.33421982e-01
88.73800000 26.75100000 88.75300000 26.88100000 -2.04687203e-01
88.73800000 26.75100000 88.93600000 26.96500000 -6.49746534e-01
88.73800000 26.75100000 91.23700000 25.00000000 -1.01574689e+00
88.75300000 26.88100000 88.79100000 27.01000000 -6.31935914e-01
88.75300000 26.88100000 88.93600000 26.96500000 -4.91682715e-01
88.79100000 27.01000000 88.93600000 26.96500000 -7.81771200e-02
77.17200000 28.54400000 79.08000000 29.23000000 -3.75427391e-01
79.21100000 30.48600000 79.55900000 30.53100000 1.55694759e+00
79.55900000 30.53100000 79.77000000 29.82000000 -6.99807379e+00
79.62000000 29.63800000 79.43000000 29.64000000 1.24236502e-01
79.62000000 29.63800000 79.65000000 29.59000000 7.83581863e-02
79.62000000 29.63800000 79.77000000 29.82000000 -1.86696069e+00
80.04100000 29.83800000 79.77000000 29.82000000 -4.21539347e-01
80.04100000 29.83800000 79.90000000 29.78000000 -8.92193256e-01
80.04100000 29.83800000 80.23000000 29.59000000 -1.28162981e+00
80.04100000 29.83800000 80.34000000 29.76000000 1.71005848e-02
82.57300000 28.06300000 83.55400000 27.87400000 4.24088629e-01
82.57300000 28.06300000 83.71800000 28.78100000 -5.00274197e+00
83.41800000 27.50700000 83.55400000 27.87400000 -4.35271421e-01
83.55400000 27.87400000 83.71800000 28.78100000 -6.76158942e+00
83.55400000 27.87400000 83.97800000 28.19900000 -2.37246519e+00
85.92499999 26.71100000 91.23700000 25.00000000 1.29242945e-01
86.71499999 27.80300000 86.72499999 27.68300000 -1.70875882e-01
86.71499999 27.80300000 86.82299999 27.89400000 -2.58452571e-01
86.72499999 27.68300000 86.82299999 27.89400000 -3.18890733e-01
86.72499999 27.68300000 87.20599999 27.38000000 -1.76660170e+00
86.82299999 27.89400000 86.92899999 27.97300000 -2.33179781e-01
86.82299999 27.89400000 87.20599999 27.38000000 -2.09043532e+00
86.82699999 28.19400000 86.92899999 27.97300000 -3.38684196e-01
86.92899999 27.97300000 87.20599999 27.38000000 -2.07392854e+00
79.08000000 29.23000000 79.43000000 29.64000000 2.29387335e-01
79.08000000 29.23000000 79.51000001 29.21000000 -6.22056726e-02
79.43000000 29.64000000 79.51000001 29.21000000 6.05623983e-01
79.43000000 29.64000000 79.65000000 29.59000000 2.93751014e-01
79.43000000 29.64000000 79.77000000 29.82000000 -1.39383273e+00
79.51000001 29.21000000 79.65000000 29.59000000 -5.32831488e-01
79.51000001 29.21000000 80.09000000 29.33000000 -8.92663736e-01
79.51000001 29.21000000 80.18000000 29.10000000 6.23047744e-01
79.65000000 29.59000000 79.77000000 29.82000000 -2.02367504e+00
79.65000000 29.59000000 79.90000000 29.78000000 -1.89894934e+00
79.65000000 29.59000000 80.09000000 29.33000000 -2.55081399e-01
79.77000000 29.82000000 79.90000000 29.78000000 3.92520910e-02
79.90000000 29.78000000 80.09000000 29.33000000 -1.58287517e+00
79.90000000 29.78000000 80.23000000 29.59000000 -1.26589168e-01
80.09000000 29.33000000 80.18000000 29.10000000 -5.06395150e-02
80.09000000 29.33000000 80.23000000 29.59000000 -1.46969413e+00
80.23000000 29.59000000 80.34000000 29.76000000 -2.41709910e+00
80.34000000 29.76000000 80.56000000 29.86000000 -1.70231110e+00
73.24900000 34.42000000 73.39100000 33.89500000 3.39037793e-03
73.24900000 34.42000000 73.65300000 33.97800000 2.32691417e-03
73.24900000 34.42000000 73.93500000 33.93000000 2.26995369e-02
73.24900000 34.42000000 74.48400000 34.09500000 -2.07988063e-01
73.24900000 34.42000000 74.97400000 34.35300000 2.30987621e-01
73.39100000 33.89500000 73.65300000 33.97800000 4.21900394e-03
73.39100000 33.89500000 73.75200000 33.87100000 5.03014609e-03
73.39100000 33.89500000 74.34700000 33.39500000 1.27391110e-01
73.65300000 33.97800000 73.75200000 33.87100000 6.14548717e-04
73.65300000 33.97800000 73.93500000 33.93000000 3.22492891e-02
73.75200000 33.87100000 73.93500000 33.93000000 3.39564720e-02
73.75200000 33.87100000 74.34700000 33.39500000 1.95887622e-01
73.93500000 33.93000000 74.34700000 33.39500000 2.57518496e-01
73.93500000 33.93000000 74.48400000 34.09500000 -1.67623847e-01
73.93500000 33.93000000 74.59300000 33.99300000 -5.40498031e-01
74.34700000 33.39500000 74.59300000 33.99300000 9.82351433e-02
74.34700000 33.39500000 75.03700000 33.59500000 2.59554470e-01
74.48400000 34.09500000 74.59300000 33.99300000 -1.52802924e-02
74.48400000 34.09500000 74.81700000 34.10900000 5.74679761e-02
74.48400000 34.09500000 74.83700000 34.13000000 1.02489813e-01
74.48400000 34.09500000 74.97400000 34.35300000 1.53659537e-01
74.59300000 33.99300000 74.81700000 34.10900000 3.79373049e-01
74.59300000 33.99300000 75.03700000 33.59500000 -4.12155130e-01
74.81700000 34.10900000 74.83700000 34.13000000 3.55326805e-02
74.81700000 34.10900000 74.88900000 34.12000000 8.27788631e-02
74.81700000 34.10900000 75.03700000 33.59500000 -7.06550773e-01
74.83700000 34.13000000 74.88900000 34.12000000 2.26531356e-02
74.83700000 34.13000000 74.97400000 34.35300000 -5.75493515e-02
74.83700000 34.13000000 75.04500000 34.22700000 1.85811488e-01
74.88900000 34.12000000 75.03700000 33.59500000 -7.24709890e-01
74.88900000 34.12000000 75.04500000 34.22700000 1.14826617e-01
74.88900000 34.12000000 75.27200000 34.10000000 4.08377540e-01
74.97400000 34.35300000 75.04500000 34.22700000 -1.01668958e-01
74.97400000 34.35300000 75.32500000 34.29200000 1.56372495e-01
74.97400000 34.35300000 75.76900000 34.42400000 2.73688984e-01
75.03700000 33.59500000 75.27200000 34.10000000 -4.20230321e-01
75.04500000 34.22700000 75.27200000 34.10000000 5.40692059e-02
75.04500000 34.22700000 75.32500000 34.29200000 1.17521022e-01
75.27200000 34.10000000 75.32500000 34.29200000 -2.90472228e-01
75.27200000 34.10000000 75.76900000 34.42400000 -3.46052598e-01
75.32500000 34.29200000 75.76900000 34.42400000 5.33406333e-03
75.76900000 34.42400000 76.16200000 34.55900000 -2.71819358e-01
