79.098 31.887 -2.9719093617756163 -16.306669065042556
79.814 31.498 -3.059980117944495 -16.257383875598098
80.293 31.711 -3.1419929679919547 -16.22299453166783
80.429 30.961 -3.12260272479685 -16.21302377088529
81.176 30.29 -3.193128685784269 -16.156630618938042
81.428 30.837 -3.260568513043331 -16.136986440295217
81.856 30.716 -3.3151062152424524 -16.102907405536737
82.832 30.389 -3.4340235024024897 -16.02183677783708
83.24 29.8 -3.4528367452052775 -15.98656728173586
84.039 29.721 1.5237656376142892 -13.998786240585668
84.156 29.68 1.470170329447296 -14.09791896224379
85.442 28.959 0.6185653254650201 -15.183566893785326
85.64 29.441 1.0531812787023882 -15.35005369661594
85.975 28.149 -0.2230851856941357 -15.631317418634069
86.387 28.687 0.2352962551498883 -15.976496090395576
86.941 28.357 -0.1531878087646163 -16.439338643456246
86.967 28.392 -0.1235133182904728 -16.46102307544992
87.06 28.587 0.0487553219170453 -16.53855884256018
87.086 29.32 0.7404781796966441 -16.560227723724783
87.184 29.269 0.6782201861377257 -16.64187204974565
87.769 28.538 -0.0972489140934934 -17.12821771677817
88.56 28.244 3.013003309539312 -17.02193954952629
88.865 29.249 5.519866778409098 -17.711730576468135
88.906 27.437 0.9145966020924156 -17.804418744435075
89.154 27.721 1.599186140589436 -18.364873065990334
89.305 27.931 2.1091614084807215 -18.70594957735674
89.556 28.911 4.554379044080077 -19.27261593874855
89.627 28.315 3.0323273057379065 -19.43284137985556
89.911 28.619 3.7559156059398138 -20.073442278499066
90.107 28.932 4.515045997773803 -20.51526043580081
90.154 29.444 5.80261767252204 -20.62117113464969
90.267 29.324 5.478927016338128 -20.875750573843295
90.558 28.419 3.1375319266386676 -21.530972758465023
91.889 28.96 4.246789517712801 -24.52054645301528
91.91 27.971 1.7491497291221854 -24.56761298478836
92.399 28.422 2.7842143075148025 -25.66264433848779
93.073 29.044 4.199226877706313 -27.168871075683885
83.953 29.178 1.0122411773254716 -13.925882207599969
84.043 29.534 1.3436179336104763 -14.002176359541831
86.94 28.357 -0.1530515352993363 -16.43850455920844
75.363 32.565 -9.99253004491555 -7.497096051227965
75.881 32.304 -11.031302929376992 -9.11868039551117
75.938 31.479 -14.190168567312384 -9.297074164220485
75.993 32.536 -10.15366754786949 -9.469199781690676
76.294 31.897 -12.624835662141557 -10.411037610026394
76.307 31.538 -13.997965516617404 -10.45170870526723
76.307 32.248 -11.284298510155 -10.451708705267224
76.673 31.919 -12.579232121978 -11.59652786994866
76.689 32.698 -9.603240729985837 -11.646564153733214
76.815 31.634 -13.683461673249388 -12.040567837934166
77.108 32.067 -12.063145156990188 -12.956554359772705
77.126 28.482 0.0 0.0
77.175 32.634 -9.904703247913211 -13.165965295391956
77.192 32.317 -11.11821045151836 -13.219096561158755
77.425 32.798 -9.309897657138448 -13.947188163172944
77.613 34.13 -4.243678406493602 -14.534493648223911
77.63 30.276 -2.6842479081678308 -16.399746736334855
77.808 33.972 -4.876022697064132 -15.143501475522235
77.86 30.329 -2.7196929664589966 -16.385873440499292
77.868 30.147 -2.713042676308234 -16.38538613794414
77.921 32.364 -11.036412438123936 -15.496333881180185
77.974 30.285 -2.7342479659439456 -16.378899225482062
77.979 30.095 -2.726721574301922 -16.378591854340435
78.014 30.329 -2.741926258561989 -16.376436764037177
78.021 30.459 -2.7485807770895168 -16.376005012634227
78.115 30.452 -2.761891247549439 -16.370183530659908
78.155 30.342 -2.7628439720919795 -16.367692939173192
78.187 30.191 -2.7607815602440553 -16.36569472218684
78.368 30.394 -2.7959057240737883 -16.354296226993608
78.608 25.452 0.0 0.0
78.617 30.806 -2.8507173189977437 -16.338348747143836
78.66 33.209 -7.92640700269538 -17.802246843402372
78.68 29.848 -2.8155550020365916 -16.33426491724132
78.754 31.037 -2.88136976674853 -16.32944281621265
79.09 30.298 -2.895411582652348 -16.307205366408585
79.194 30.329 -2.91184570993044 -16.30020865490779
79.493 30.743 -2.975309030587015 -16.279794036897336
80.24 30.06 -3.0474923501427544 -16.226855447846592
80.943 26.891 0.0 0.0
88.569 27.365 0.7789089597381529 -17.042301041569097
89.392 26.849 -0.6485446649539979 -18.902405017675058
92.439 28.432 2.800847305036483 -25.75213582814176
80.148 28.963 0.0 0.0
80.602 29.334 -3.058785848892962 -16.20020837823404
80.636 29.012 -3.0455409143971406 -16.19767237667068
80.721 29.527 -3.0860504256241086 -16.191307420545265
81.116 28.613 -3.088071543485116 -16.16126175240859
81.353 28.824 -3.132574613485097 -16.14286556662023
81.575 28.134 -3.1209942970406304 -16.125383154141943
81.634 28.583 -3.1561372548376516 -16.120696197938173
81.635 28.586 -3.1564537290418953 -16.12061661066912
81.691 28.407 -3.1530820235277783 -16.116151886961692
82.095 28.01 -3.182089303989272 -16.08348618989581
82.247 28.03 -3.2033956644604427 -16.070989012568567
82.347 28.249 -3.2306168417608077 -16.062705496572615
82.504 27.951 -3.232118031852792 -16.049601672784178
82.54 27.786 0.0 0.0
82.785 27.568 0.0 0.0
85.008 27.316 -0.8993002452248626 -14.818009727052686
85.21 29.44 1.1081822231137128 -14.988260889267057
85.222 28.015 -0.2563006459491014 -14.998368978228068
85.28 27.693 -0.5713527167568957 -15.04721545896184
85.329 28.171 -0.1203503073193786 -15.088470299370396
85.398 27.575 -0.6985776780742854 -15.146545132017424
85.794 27.745 -0.5853743281645982 -15.47941679859525
86.02 28.29 -0.0944803744865969 -15.669058612483292
86.02 28.3 -0.084948173999032 -15.669058612483292
86.23 27.635 -0.7456074969044157 -15.84505600881884
86.813 27.958 -0.5147727450520678 -16.332535245898015
87.577 29.118 0.4789612909584955 -16.968790950080123
88.91 27.49 1.0485781017216858 -17.81346100517554
78.973 32.779 -2.993943670141016 -16.315012443931995
78.704 33.191 -8.002637647592454 -17.93945109153853
92.415 27.27 -0.1199389499086339 -25.698442437711417
80.501 29.734 -3.0667289246451164 -16.207708147747322
80.582 28.754 -3.023741241114114 -16.201697479089333
80.626 29.177 -3.0533748501075775 -16.198418851614626
81.201 29.474 -3.149757733383243 -16.154695750509752
81.595 28.117 -3.1226132701278115 -16.123796270888803
81.615 28.049 0.0 0.0
81.714 28.656 -3.1713517516306857 -16.114313700847173
81.807 29.969 -3.263526955170006 -16.106854560793305
82.193 29.278 -3.2748436934770213 -16.075441757311935
82.491 27.951 -3.2304111252268717 -16.050691280224
82.818 28.984 -3.3413073773372086 -16.02303259871441
83.603 27.767 -0.3050671653592461 -13.62885781316962
83.743 28.805 0.6781055847015074 -13.747729220200473
83.826 27.457 0.0 0.0
83.895 29.179 1.020063175923443 -13.876696646467048
83.936 28.26 0.1316614615942027 -13.911467226136146
84.13 27.648 -0.4787536484696663 -14.075894534349963
84.265 27.973 -0.1821309880497899 -14.19022049163164
84.38 28.229 0.0501750048342333 -14.287547157587737
84.41 28.375 0.1867486704644758 -14.31292727239203
84.985 27.166 -1.0401673599545729 -14.79861297456388
85.108 27.608 -0.6317979875039469 -14.902315632966271
85.279 27.801 -0.4679579025473227 -15.046373408749607
85.288 27.682 -0.5828473484285682 -15.053951695626983
85.314 28.207 -0.0840655429991035 -15.075842437230929
85.521 27.693 -0.6009650286987083 -15.250015298276574
85.877 27.91 -0.4384638335991597 -15.54909215266653
86.55 27.305 -1.1007729104767288 -16.112832422557837
86.597 26.991 -1.4053030325062874 -16.152119952094072
86.712 27.814 -0.6381401815092593 -16.248203128159258
87.392 26.866 -0.3429238794270053 -14.376089363576153
87.71 27.352 0.8565793247649977 -15.09708733123036
89.635 27.472 0.8941171709110001 -19.45089308465822
77.6 34.128 -4.24947814586281 -14.493887062441209
88.4 26.98 -0.1766037383974094 -16.659887834168867
88.68 27.0 -0.1634444008434671 -17.293391379452018
88.185 26.883 -0.3952452344805386 -16.173176769789894
88.35 26.711 0.0 0.0
88.569 26.889 -0.4303322060056598 -17.042301041569097
88.702 27.024 -0.1055078710484046 -17.34314935501942
88.738 26.751 -0.8037888109959496 -17.424565978022105
88.753 26.881 -0.4757031896775124 -17.458487542540848
88.791 27.01 -0.1533708424338306 -17.544416811950356
88.936 26.965 -0.2879644589761036 -17.872233581765876
77.172 28.544 0.0 0.0
78.365 30.404 -2.7959213979872386 -16.35448648278511
78.676 30.997 -2.8680786742540603 -16.33452479521367
79.211 30.486 -2.92190445465151 -16.299059854229977
79.559 30.531 -2.9743374989564018 -16.27522804812405
79.62 29.638 -2.9379930978149424 -16.270988763736202
80.041 29.838 -3.00759767925414 -16.2412281281045
82.573 28.063 -3.248481634867569 -16.043804542159876
83.418 27.507 0.0 0.0
83.554 27.874 -0.1966157320154046 -13.587233560448947
83.718 28.781 0.6579001026559138 -13.726508182744324
83.978 28.199 0.0681856011007877 -13.947078482306273
84.43 27.678 -0.4844750347580454 -14.329845169374249
85.358 27.697 -0.5770697935211984 -15.112881233027348
85.925 26.711 0.0 0.0
86.715 27.803 -0.6489891971704338 -16.250708771418275
86.725 27.683 -0.7643276243637553 -16.259060593810258
86.823 27.894 -0.5768922866226368 -16.340882203584922
86.827 28.194 -0.2925070381789174 -16.344220847297844
86.929 27.973 -0.5160820370032363 -16.429329302046582
87.155 28.63 0.0763802167768086 -16.61771705527807
87.206 27.38 -1.1157473788982144 -16.660193684703696
88.503 27.089 0.0866539413328029 -16.892973700674887
79.08 29.23 0.0 0.0
79.43 29.64 -2.9114000165178973 -16.28413232947511
79.51 29.21 0.0 0.0
79.65 29.59 -2.939752704203048 -16.26889710395386
79.77 29.82 -2.9684282329513616 -16.260485868473143
79.9 29.78 -2.9846889194273087 -16.251293207953097
80.09 29.33 -2.987569196024658 -16.23770730132245
80.18 29.1 -2.9876973041985773 -16.23120953946519
80.23 29.59 -3.020971728836486 -16.22758236565781
80.34 29.76 -3.0455351060231557 -16.219559086989932
80.56 29.86 -3.0819164834606654 -16.203333209905686
73.249 34.42 -2.802901829723775 -0.8743375549683956
73.391 33.895 -4.8163104802159 -1.3193342403093289
73.653 33.978 -4.50268646414758 -2.1403611720044693
73.752 33.871 -4.914892458795505 -2.450585815365905
73.935 33.93 -4.693705660409248 -3.0240114169135843
74.347 33.395 -6.757877873458545 -4.314880551369162
74.484 34.095 -4.082342447379567 -4.744079730864803
74.593 33.993 -4.47834974415794 -5.085540114596443
74.817 34.109 -4.0458665725053065 -5.787197725406771
74.837 34.13 -3.966558751686862 -5.849841583255286
74.889 34.12 -4.007886311168516 -6.012712258773747
74.974 34.353 -3.1204424731606237 -6.2789324452171345
75.037 33.595 -6.027743690538439 -6.47623969914477
75.045 34.227 -3.607574686711972 -6.501294033231367
75.272 34.1 -4.109281697898393 -7.212156083072587
75.325 34.292 -3.3776908811228568 -7.378112388891275
75.769 34.424 -2.90746521655539 -8.768126165762427
76.162 34.559 -2.4269966307852173 -9.998039577689866
90.959 29.278 5.234645785702424 -22.432959952549535
89.573 28.914 4.559214483719495 -19.31098248070155
85.741 29.591 1.182972414256357 -15.434908304284274
88.864 29.25 5.5225550225619005 -17.709469775950428
91.237 25.0 0.0 0.0
