79.098 31.887 -7.326 -14.847 2.502 1.864
79.814 31.498 -6.506 -14.581 2.109 1.943
80.293 31.711 -5.132 -15.324 1.758 1.64
80.429 30.961 -4.466 -13.477 2.02 1.701
81.176 30.29 -7.061 -13.859 0.36 0.269
81.428 30.837 -3.298 -16.586 0.365 0.265
81.856 30.716 -2.568 -16.836 1.787 2.279
82.832 30.389 -4.78 -14.753 0.657 0.568
83.24 29.8 -4.199 -13.841 1.521 1.402
84.039 29.721 -3.993 -11.515 1.015 2.092
84.156 29.68 -0.656 -13.487 0.461 0.337
85.442 28.959 -1.42 -11.571 0.494 0.691
85.64 29.441 -0.621 -12.122 2.168 1.97
85.975 28.149 -1.033 -9.718 1.026 0.718
86.387 28.687 -1.27 -11.452 1.483 1.878
86.941 28.357 0.872 -11.758 0.546 0.412
86.967 28.392 -1.632 -11.624 0.37 0.371
87.06 28.587 -1.037 -12.087 0.8 1.15
87.086 29.32 0.455 -13.443 0.591 0.949
87.184 29.269 1.824 -15.307 0.318 0.252
87.769 28.538 5.505 -8.856 4.014 2.283
88.56 28.244 0.461 -11.787 0.294 0.697
88.865 29.249 3.301 -15.715 0.367 0.347
88.906 27.437 2.344 -6.354 0.683 0.619
89.154 27.721 0.85 -8.798 0.268 0.565
89.305 27.931 1.498 -7.621 3.086 3.13
89.556 28.911 2.059 -13.255 0.334 0.412
89.627 28.315 4.595 -11.23 1.116 1.228
89.911 28.619 3.923 -10.04 1.457 1.065
90.107 28.932 2.43 -14.101 1.354 1.415
90.154 29.444 5.735 -15.591 0.979 1.408
90.267 29.324 5.787 -15.844 0.996 2.011
90.558 28.419 2.499 -14.023 0.996 0.364
91.889 28.96 6.408 -19.721 1.629 2.028
91.91 27.971 2.714 -18.035 0.473 0.255
92.399 28.422 5.288 -21.505 0.346 0.503
93.073 29.044 5.702 -24.924 1.452 1.48
83.953 29.178 -4.937 -11.811 1.59 1.13
84.043 29.534 -0.905 -11.404 0.68 0.53
86.94 28.357 0.087 -11.236 0.54 0.45
75.363 32.565 0.243 -3.834 1.54 1.37
75.881 32.304 -2.083 -3.994 0.78 0.77
75.938 31.479 -2.276 -3.93 0.91 0.89
75.993 32.536 -4.435 -5.914 0.78 0.76
76.294 31.897 -2.23 -4.944 0.89 0.88
76.307 31.538 -0.674 -3.364 1.02 0.98
76.307 32.248 -5.056 -5.944 0.75 0.75
76.673 31.919 -2.01 -0.498 1.36 1.29
76.689 32.698 -7.093 -11.409 0.91 0.89
76.815 31.634 -3.13 -3.21 0.77 0.76
77.108 32.067 -7.349 -10.445 0.91 0.89
77.126 28.482 0.911 -3.706 1.28 1.25
77.175 32.634 -9.811 -15.82 1.44 1.39
77.192 32.317 -7.847 -9.751 1.36 1.35
77.425 32.798 -6.445 -17.52 1.8 1.67
77.613 34.13 -6.332 -16.016 0.68 0.65
77.63 30.276 -0.918 -3.158 0.81 0.76
77.808 33.972 -6.566 -17.991 1.25 1.12
77.86 30.329 -0.003 -2.644 0.79 0.72
77.868 30.147 1.283 -5.743 1.31 1.12
77.921 32.364 -9.971 -17.038 1.86 1.66
77.974 30.285 -0.318 -4.043 0.77 0.71
77.979 30.095 -0.584 0.778 1.18 1.1
78.014 30.329 -1.582 -3.095 0.74 0.73
78.021 30.459 -1.994 -3.536 0.73 0.71
78.115 30.452 0.574 -5.553 1.38 1.28
78.155 30.342 -0.507 -3.246 1.16 1.12
78.187 30.191 -1.125 -2.318 0.92 0.89
78.368 30.394 -2.01 -4.131 0.88 0.84
78.608 25.452 0.164 -2.447 0.88 0.84
78.617 30.806 -3.794 -7.877 1.14 1.11
78.66 33.209 -5.756 -18.192 0.7 0.65
78.68 29.848 2.645 -2.242 1.55 1.45
78.754 31.037 -3.363 -11.416 1.14 1.1
79.09 30.298 -1.974 -5.707 1.29 1.12
79.194 30.329 -4.152 -5.015 1.16 1.1
79.493 30.743 -7.394 -13.533 1.26 1.11
80.24 30.06 -2.625 -11.573 2.35 2.31
80.943 26.891 0.799 -2.984 1.04 1.01
88.569 27.365 2.17 -7.927 2.41 2.31
89.392 26.849 4.184 -6.281 1.56 1.48
92.439 28.432 3.656 -23.016 2.13 1.86
80.148 28.963 0.236 -1.1 0.9 0.8
80.602 29.334 -0.363 -3.602 0.9 0.8
80.636 29.012 0.417 1.298 0.9 0.9
80.721 29.527 -0.731 -4.8 0.9 0.8
81.116 28.613 2.648 -0.993 1.5 1.5
81.353 28.824 0.051 1.612 0.9 0.9
81.575 28.134 0.854 1.608 0.9 0.9
81.634 28.583 -2.406 -1.69 0.9 0.9
81.635 28.586 -0.606 -2.19 0.9 0.9
81.691 28.407 0.92 0.811 0.9 0.9
82.095 28.01 -3.127 -1.976 0.9 0.9
82.247 28.03 -0.962 0.729 0.9 0.9
82.347 28.249 -0.022 1.432 0.9 0.9
82.504 27.951 2.042 2.237 1.0 0.9
82.54 27.786 -1.319 1.64 1.0 0.9
82.785 27.568 -2.651 1.538 1.0 0.9
85.008 27.316 -1.119 0.529 1.0 0.9
85.21 29.44 -3.942 -13.258 2.3 1.2
85.222 28.015 1.023 -6.958 1.0 0.9
85.28 27.693 0.015 -4.853 3.4 1.8
85.329 28.171 -0.362 -7.05 1.0 1.0
85.398 27.575 1.051 -0.845 1.0 0.9
85.794 27.745 -1.809 -3.13 1.0 0.9
86.02 28.29 -0.416 -11.614 3.6 1.9
86.02 28.3 1.986 -14.214 2.4 1.4
86.23 27.635 -1.257 -8.198 1.1 1.0
86.813 27.958 -2.425 -9.865 1.2 0.6
87.577 29.118 3.986 -13.3 2.3 1.4
88.91 27.49 1.182 -11.194 2.8 1.9
78.973 32.779 -7.781 -15.77 0.55 0.38
78.704 33.191 -10.215 -18.087 2.6 1.0
92.415 27.27 0.616 -13.759 0.4 0.4
80.501 29.734 -4.152 -5.394 1.203 1.435
80.582 28.754 1.618 -0.957 0.805 1.083
80.626 29.177 -1.811 -0.609 0.888 0.776
81.201 29.474 -1.74 -9.084 1.234 0.841
81.595 28.117 -0.712 0.699 0.855 0.753
81.615 28.049 -1.587 0.672 1.073 1.385
81.714 28.656 -2.146 -2.375 0.657 0.495
81.807 29.969 -4.194 -13.816 0.566 0.509
82.193 29.278 -3.692 -9.828 0.436 0.439
82.491 27.951 -0.677 -1.927 0.542 0.54
82.818 28.984 -2.67 -11.223 0.599 0.636
83.603 27.767 -0.973 -1.017 0.383 0.342
83.743 28.805 -1.939 -9.819 1.234 0.655
83.826 27.457 -1.89 0.708 0.753 0.649
83.895 29.179 -1.918 -11.493 0.634 0.391
83.936 28.26 -1.534 -4.867 0.364 0.39
84.13 27.648 -0.918 -0.681 0.673 0.82
84.265 27.973 -0.704 -1.499 0.533 0.587
84.38 28.229 -1.741 -4.678 0.664 0.563
84.41 28.375 -1.926 -7.697 1.054 0.906
84.985 27.166 -0.901 -0.311 0.348 0.346
85.108 27.608 -1.131 -0.976 0.268 0.264
85.279 27.801 -1.27 -2.6 0.33 0.391
85.288 27.682 1.807 1.077 0.671 0.774
85.314 28.207 -1.298 -8.809 0.636 0.339
85.521 27.693 -1.768 -1.825 0.984 1.008
85.877 27.91 -1.821 -7.028 0.319 0.344
86.55 27.305 -2.567 -5.198 0.919 0.851
86.597 26.991 -1.331 -3.351 1.771 0.93
86.712 27.814 -1.38 -10.909 0.866 0.676
87.392 26.866 0.09 -0.355 0.58 0.339
87.71 27.352 -0.672 -4.465 1.44 0.4
89.635 27.472 0.87 -8.166 0.719 0.709
77.6 34.128 -8.949 -14.91 0.3 0.29
88.4 26.98 -2.233 -0.226 0.5 0.4
88.68 27.0 -1.718 -0.834 0.8 0.6
88.185 26.883 -4.542 0.049 1.4 1.0
88.35 26.711 -3.826 -1.423 1.9 1.5
88.569 26.889 -5.613 -0.415 1.5 1.1
88.702 27.024 -3.289 -4.157 1.4 0.9
88.738 26.751 4.166 0.996 1.1 0.8
88.753 26.881 3.798 -0.065 1.0 0.6
88.791 27.01 0.119 -3.72 1.7 1.4
88.936 26.965 2.158 -3.22 1.1 0.7
77.172 28.544 0.921 -3.333 2.52 1.49
78.365 30.404 -1.709 -6.805 2.4 1.47
78.676 30.997 -6.886 -12.172 2.35 1.46
79.211 30.486 -11.435 -8.705 3.33 2.19
79.559 30.531 -4.787 -7.237 4.18 2.36
79.62 29.638 1.559 -4.164 4.11 3.04
80.041 29.838 -1.542 -8.633 2.69 1.62
82.573 28.063 -4.643 -2.206 2.25 1.51
83.418 27.507 1.339 -0.357 2.19 1.48
83.554 27.874 -1.96 -2.022 2.15 1.45
83.718 28.781 -1.136 -10.951 1.87 1.38
83.978 28.199 -0.367 -1.513 2.22 1.48
84.43 27.678 -1.249 -0.527 2.22 1.47
85.358 27.697 0.132 -3.606 2.16 1.45
85.925 26.711 0.625 0.076 2.53 1.48
86.715 27.803 1.361 -9.708 2.05 1.36
86.725 27.683 -0.567 -10.048 2.22 1.34
86.823 27.894 -1.148 -11.339 2.05 1.2
86.827 28.194 -1.787 -16.08 5.41 2.51
86.929 27.973 1.232 -9.962 3.73 3.55
87.155 28.63 -1.63 -16.769 4.15 2.1
87.206 27.38 1.94 -5.545 2.15 1.39
88.503 27.089 -2.566 -6.698 8.47 4.18
79.08 29.23 -0.493 -2.176 0.74 0.67
79.43 29.64 -1.851 0.565 0.93 0.83
79.51 29.21 -2.252 0.812 0.78 0.67
79.65 29.59 0.747 0.448 0.72 0.65
79.77 29.82 -2.306 -0.384 0.73 0.64
79.9 29.78 -1.759 -3.126 0.77 0.69
80.09 29.33 -2.829 -1.83 0.81 0.73
80.18 29.1 0.657 -1.091 0.8 0.69
80.23 29.59 -1.378 -2.133 0.74 0.65
80.34 29.76 0.407 -4.874 0.84 0.74
80.56 29.86 1.143 -9.967 0.8 0.71
73.249 34.42 -6.384 -5.52 0.65 0.9
73.391 33.895 -5.892 -5.148 0.65 0.67
73.653 33.978 -4.703 -2.519 0.26 0.26
73.752 33.871 -2.68 -1.605 0.26 0.25
73.935 33.93 -4.325 -2.273 0.38 0.41
74.347 33.395 -1.803 -2.691 0.26 0.28
74.484 34.095 -4.427 -3.189 0.45 0.45
74.593 33.993 -6.303 -3.445 0.94 0.94
74.817 34.109 -1.021 -2.444 1.26 1.28
74.837 34.13 -4.716 -5.468 0.16 0.16
74.889 34.12 -4.595 -4.847 1.36 1.39
74.974 34.353 -4.229 -6.517 0.61 0.59
75.037 33.595 -0.353 -4.233 1.22 1.22
75.045 34.227 -2.8 -7.331 0.76 0.82
75.272 34.1 -3.171 -4.35 0.6 0.61
75.325 34.292 -5.197 -6.598 0.74 0.72
75.769 34.424 -7.068 -5.756 0.59 0.56
76.162 34.559 -4.87 -10.285 0.22 0.2
90.959 29.278 7.599 -20.282 3.6 3.5
89.573 28.914 3.015 -16.873 2.0 1.8
85.741 29.591 0.213 -16.234 3.7 3.4
88.864 29.25 3.168 -17.618 1.8 1.5
91.237 25.0 -1.303 -3.389 0.8 0.8
