79.098	31.887	-7.326	-14.847	2.502	1.864	0.000	3	1	J308
79.814	31.498	-6.506	-14.581	2.109	1.943	0.000	3	1	J311
80.293	31.711	-5.132	-15.324	1.758	1.640	0.000	3	1	J314
80.429	30.961	-4.466	-13.477	2.020	1.701	0.000	3	1	J318
81.176	30.290	-7.061	-13.859	0.360	0.269	0.000	3	1	J045
81.428	30.837	-3.298	-16.586	0.365	0.265	0.000	3	1	XZBG
81.856	30.716	-2.568	-16.836	1.787	2.279	0.000	3	1	J320
82.832	30.389	-4.780	-14.753	0.657	0.568	0.000	3	1	J046
83.240	29.800	-4.199	-13.841	1.521	1.402	0.000	3	1	J326
84.039	29.721	-3.993	-11.515	1.015	2.092	0.000	4	1	J332
84.156	29.680	-0.656	-13.487	0.461	0.337	0.000	4	1	XZZB
85.442	28.959	-1.420	-11.571	0.494	0.691	0.000	4	1	J040
85.640	29.441	-0.621	-12.122	2.168	1.970	0.000	4	1	J337
85.975	28.149	-1.033	-9.718	1.026	0.718	0.000	4	1	J041
86.387	28.687	-1.270	-11.452	1.483	1.878	0.000	4	1	J339
86.941	28.357	0.872	-11.758	0.546	0.412	0.000	4	1	XZZF
86.967	28.392	-1.632	-11.624	0.370	0.371	0.000	4	1	JB54
87.060	28.587	-1.037	-12.087	0.800	1.150	0.000	4	1	J030
87.086	29.320	0.455	-13.443	0.591	0.949	0.000	4	1	J038
87.184	29.269	1.824	-15.307	0.318	0.252	0.000	4	1	XZAR
87.769	28.538	5.505	-8.856	4.014	2.283	0.000	4	1	J346
88.560	28.244	0.461	-11.787	0.294	0.697	0.000	5	1	J029
88.865	29.249	3.301	-15.715	0.367	0.347	0.000	5	1	XZRK
88.906	27.437	2.344	-6.354	0.683	0.619	0.000	5	1	XZYD
89.154	27.721	0.850	-8.798	0.268	0.565	0.000	5	1	J042
89.305	27.931	1.498	-7.621	3.086	3.130	0.000	5	1	J352
89.556	28.911	2.059	-13.255	0.334	0.412	0.000	5	1	J039
89.627	28.315	4.595	-11.230	1.116	1.228	0.000	5	1	J353
89.911	28.619	3.923	-10.040	1.457	1.065	0.000	5	1	J356
90.107	28.932	2.430	-14.101	1.354	1.415	0.000	5	1	J357
90.154	29.444	5.735	-15.591	0.979	1.408	0.000	5	1	J358
90.267	29.324	5.787	-15.844	0.996	2.011	0.000	5	1	J359
90.558	28.419	2.499	-14.023	0.996	0.364	0.000	5	1	J033
91.889	28.960	6.408	-19.721	1.629	2.028	0.000	5	1	J367
91.910	27.971	2.714	-18.035	0.473	0.255	0.000	5	1	J034
92.399	28.422	5.288	-21.505	0.346	0.503	0.000	5	1	J032
93.073	29.044	5.702	-24.924	1.452	1.480	0.000	5	1	J375
83.953	29.178	-4.937	-11.811	1.590	1.130	0.000	4	1	MST2
84.043	29.534	-0.905	-11.404	0.680	0.530	0.000	4	1	YARE
86.940	28.357	0.087	-11.236	0.540	0.450	0.000	4	1	ZHXZ
75.363	32.565	0.243	-3.834	1.540	1.370	0.000	2	1	HIRA
75.881	32.304	-2.083	-3.994	0.780	0.770	0.000	2	1	NURP
75.938	31.479	-2.276	-3.930	0.910	0.890	0.000	1	1	BOHA
75.993	32.536	-4.435	-5.914	0.780	0.760	0.000	2	1	DALH
76.294	31.897	-2.230	-4.944	0.890	0.880	0.000	2	1	JWLM
76.307	31.538	-0.674	-3.364	1.020	0.980	0.000	2	1	UNAN
76.307	32.248	-5.056	-5.944	0.750	0.750	0.000	2	1	NADI
76.673	31.919	-2.010	-0.498	1.360	1.290	0.000	2	1	CHBG
76.689	32.698	-7.093	-11.409	0.910	0.890	0.000	2	1	UDAI
76.815	31.634	-3.130	-3.210	0.770	0.760	0.000	2	1	REWL
77.108	32.067	-7.349	-10.445	0.910	0.890	0.000	2	1	KULU
77.126	28.482	0.911	-3.706	1.280	1.250	0.000	1	1	DELH
77.175	32.634	-9.811	-15.820	1.440	1.390	0.000	2	1	JIPA
77.192	32.317	-7.847	-9.751	1.360	1.350	0.000	2	1	KOT1
77.425	32.798	-6.445	-17.520	1.800	1.670	0.000	2	1	SRCH
77.613	34.130	-6.332	-16.016	0.680	0.650	0.000	2	1	SABU
77.630	30.276	-0.918	-3.158	0.810	0.760	0.000	3	1	QASI
77.808	33.972	-6.566	-17.991	1.250	1.120	0.000	2	1	SHAK
77.860	30.329	-0.003	-2.644	0.790	0.720	0.000	3	1	SABA
77.868	30.147	1.283	-5.743	1.310	1.120	0.000	3	1	MOHA
77.921	32.364	-9.971	-17.038	1.860	1.660	0.000	2	1	KAZA
77.974	30.285	-0.318	-4.043	0.770	0.710	0.000	3	1	WILD
77.979	30.095	-0.584	0.778	1.180	1.100	0.000	3	1	RAJA
78.014	30.329	-1.582	-3.095	0.740	0.730	0.000	3	1	WIH2
78.021	30.459	-1.994	-3.536	0.730	0.710	0.000	3	1	HATI
78.115	30.452	0.574	-5.553	1.380	1.280	0.000	3	1	BATA
78.155	30.342	-0.507	-3.246	1.160	1.120	0.000	3	1	DHOU
78.187	30.191	-1.125	-2.318	0.920	0.890	0.000	3	1	DOIW
78.368	30.394	-2.010	-4.131	0.880	0.840	0.000	3	1	CHMB
78.608	25.452	0.164	-2.447	0.880	0.840	0.000	1	1	JHAN
78.617	30.806	-3.794	-7.877	1.140	1.110	0.000	3	1	BHAT
78.660	33.209	-5.756	-18.192	0.700	0.650	0.000	2	1	NYOM
78.680	29.848	2.645	-2.242	1.550	1.450	0.000	3	1	LAN2
78.754	31.037	-3.363	-11.416	1.140	1.100	0.000	3	1	HARS
79.090	30.298	-1.974	-5.707	1.290	1.120	0.000	3	1	GHOL
79.194	30.329	-4.152	-5.015	1.160	1.100	0.000	3	1	POKH
79.493	30.743	-7.394	-13.533	1.260	1.110	0.000	3	1	BADR
80.240	30.060	-2.625	-11.573	2.350	2.310	0.000	3	1	MUNS
80.943	26.891	0.799	-2.984	1.040	1.010	0.000	1	1	LUCK
88.569	27.365	2.170	-7.927	2.410	2.310	0.000	5	1	GBSK
89.392	26.849	4.184	-6.281	1.560	1.480	0.000	5	1	RBIT
92.439	28.432	3.656	-23.016	2.130	1.860	0.000	5	1	LOZ1
80.148	28.963	0.236	-1.100	0.900	0.800	0.000	3	1	MAH0
80.602	29.334	-0.363	-3.602	0.900	0.800	0.000	3	1	DAD2
80.636	29.012	0.417	1.298	0.900	0.900	0.000	3	1	SHP0
80.721	29.527	-0.731	-4.800	0.900	0.800	0.000	3	1	SHB0
81.116	28.613	2.648	-0.993	1.500	1.500	0.000	3	1	LMK1
81.353	28.824	0.051	1.612	0.900	0.900	0.000	3	1	GUT0
81.575	28.134	0.854	1.608	0.900	0.900	0.000	1	1	NPJ0
81.634	28.583	-2.406	-1.690	0.900	0.900	0.000	3	1	SKA0
81.635	28.586	-0.606	-2.190	0.900	0.900	0.000	3	1	SKT0
81.691	28.407	0.920	0.811	0.900	0.900	0.000	3	1	SPS2
82.095	28.010	-3.127	-1.976	0.900	0.900	0.000	3	1	KUS0
82.247	28.030	-0.962	0.729	0.900	0.900	0.000	3	1	AMP0
82.347	28.249	-0.022	1.432	0.900	0.900	0.000	3	1	MUL0
82.504	27.951	2.042	2.237	1.000	0.900	0.000	3	1	CHP0
82.540	27.786	-1.319	1.640	1.000	0.900	0.000	1	1	BMT0
82.785	27.568	-2.651	1.538	1.000	0.900	0.000	1	1	KRN2
85.008	27.316	-1.119	0.529	1.000	0.900	0.000	4	1	HET0
85.210	29.440	-3.942	-13.258	2.300	1.200	0.000	4	1	WT12
85.222	28.015	1.023	-6.958	1.000	0.900	0.000	4	1	RAM0
85.280	27.693	0.015	-4.853	3.400	1.800	0.000	4	1	AIRP
85.329	28.171	-0.362	-7.050	1.000	1.000	0.000	4	1	SYA0
85.398	27.575	1.051	-0.845	1.000	0.900	0.000	4	1	PKI0
85.794	27.745	-1.809	-3.130	1.000	0.900	0.000	4	1	BAL0
86.020	28.290	-0.416	-11.614	3.600	1.900	0.000	4	1	WT11
86.020	28.300	1.986	-14.214	2.400	1.400	0.000	4	1	WT16
86.230	27.635	-1.257	-8.198	1.100	1.000	0.000	4	1	JIRI
86.813	27.958	-2.425	-9.865	1.200	0.600	0.000	4	1	EVE1
87.577	29.118	3.986	-13.300	2.300	1.400	0.000	4	1	LAZE
88.910	27.490	1.182	-11.194	2.800	1.900	0.000	5	1	WT15
91.661	26.153	-1.265	-5.312	0.140	0.120	0.000	6	1	GWHT
78.973	32.779	-7.781	-15.770	0.550	0.380	0.000	3	1	IAOH
78.704	33.191	-10.215	-18.087	2.600	1.000	0.000	2	1	MUTH
91.440	25.230	-1.462	-3.517	0.800	0.600	0.000	6	1	MOPE
91.740	26.140	-1.409	-7.996	0.800	0.600	0.000	6	1	GHTY
91.840	25.410	-1.019	-5.690	0.800	0.600	0.000	6	1	MUNN
91.860	25.570	-1.784	-4.688	0.400	0.400	0.000	6	1	CSOS
92.415	27.270	0.616	-13.759	0.400	0.400	0.000	5	1	BOMD
80.501	29.734	-4.152	-5.394	1.203	1.435	0.000	3	1	DRCL
80.582	28.754	1.618	-0.957	0.805	1.083	0.000	3	1	DNGD
80.626	29.177	-1.811	-0.609	0.888	0.776	0.000	3	1	GNTW
81.201	29.474	-1.740	-9.084	1.234	0.841	0.000	3	1	BYNA
81.595	28.117	-0.712	0.699	0.855	0.753	0.000	1	1	NPGJ
81.615	28.049	-1.587	0.672	1.073	1.385	0.000	1	1	NEPJ
81.714	28.656	-2.146	-2.375	0.657	0.495	0.000	3	1	BMCL
81.807	29.969	-4.194	-13.816	0.566	0.509	0.000	3	1	SMK0
82.193	29.278	-3.692	-9.828	0.436	0.439	0.000	3	1	JMLA
82.491	27.951	-0.677	-1.927	0.542	0.540	0.000	3	1	GRHI
82.818	28.984	-2.670	-11.223	0.599	0.636	0.000	3	1	DLPA
83.603	27.767	-0.973	-1.017	0.383	0.342	0.000	4	1	KLDN
83.743	28.805	-1.939	-9.819	1.234	0.655	0.000	4	1	JMSM
83.826	27.457	-1.890	0.708	0.753	0.649	0.000	4	1	BELT
83.895	29.179	-1.918	-11.493	0.634	0.391	0.000	4	1	MSTG
83.936	28.260	-1.534	-4.867	0.364	0.390	0.000	4	1	SRNK
84.130	27.648	-0.918	-0.681	0.673	0.820	0.000	4	1	KAWA
84.265	27.973	-0.704	-1.499	0.533	0.587	0.000	4	1	DMAU
84.380	28.229	-1.741	-4.678	0.664	0.563	0.000	4	1	BESI
84.410	28.375	-1.926	-7.697	1.054	0.906	0.000	4	1	GHER
84.985	27.166	-0.901	-0.311	0.348	0.346	0.000	4	1	SIM8
85.108	27.608	-1.131	-0.976	0.268	0.264	0.000	4	1	DAMA
85.279	27.801	-1.270	-2.600	0.330	0.391	0.000	4	1	KKN4
85.288	27.682	1.807	1.077	0.671	0.774	0.000	4	1	KIRT
85.314	28.207	-1.298	-8.809	0.636	0.339	0.000	4	1	CHLM
85.521	27.693	-1.768	-1.825	0.984	1.008	0.000	4	1	NAGA
85.877	27.910	-1.821	-7.028	0.319	0.344	0.000	4	1	GUMB
86.550	27.305	-2.567	-5.198	0.919	0.851	0.000	4	1	RMJT
86.597	26.991	-1.331	-3.351	1.771	0.930	0.000	4	1	RMTE
86.712	27.814	-1.380	-10.909	0.866	0.676	0.000	4	1	SYBC
87.267	26.484	-0.500	-0.437	1.021	1.244	0.000	6	1	BIRP
87.272	26.520	-0.512	-2.605	0.693	0.987	0.000	6	1	BRN2
87.281	26.439	-0.442	-1.136	0.638	0.638	0.000	6	1	BRNG
87.392	26.866	0.090	-0.355	0.580	0.339	0.000	5	1	ODRE
87.710	27.352	-0.672	-4.465	1.440	0.400	0.000	5	1	TPLJ
89.635	27.472	0.870	-8.166	0.719	0.709	0.000	5	1	TIMP
92.013	26.246	-0.839	-6.492	1.260	1.120	0.000	6	1	BURA
92.080	26.126	1.062	-6.897	1.210	1.070	0.000	6	1	KHET
92.204	26.117	-1.003	-7.186	1.370	1.240	0.000	6	1	JAGI
92.248	26.196	0.585	-6.941	1.040	0.920	0.000	6	1	KUMO
92.484	26.156	-3.838	-5.129	2.290	2.080	0.000	6	1	AMSO
92.629	26.073	3.344	-5.166	2.270	1.880	0.000	6	1	RAJA
92.650	26.163	2.739	-4.194	2.720	2.340	0.000	6	1	KAMP
92.725	25.526	1.177	-7.856	2.470	1.700	0.000	6	1	UMRA
92.825	25.717	1.257	-4.447	2.470	1.920	0.000	6	1	PANI
77.600	34.128	-8.949	-14.910	0.300	0.290	0.000	2	1	RSCL
91.885	25.566	-1.940	-4.237	0.290	0.260	0.000	6	1	SHIL
92.780	26.618	-0.033	-8.313	0.130	0.120	0.000	6	1	TZPR
88.400	26.980	-2.233	-0.226	0.500	0.400	0.000	5	1	MUNG
88.680	27.000	-1.718	-0.834	0.800	0.600	0.000	5	1	NIMC
88.185	26.883	-4.542	0.049	1.400	1.000	0.000	5	1	MIRK
88.350	26.711	-3.826	-1.423	1.900	1.500	0.000	5	1	NBUV
88.569	26.889	-5.613	-0.415	1.500	1.100	0.000	5	1	BGKT
88.702	27.024	-3.289	-4.157	1.400	0.900	0.000	5	1	AMBK
88.738	26.751	4.166	0.996	1.100	0.800	0.000	5	1	BRDH
88.753	26.881	3.798	-0.065	1.000	0.600	0.000	5	1	PMSM
88.791	27.010	0.119	-3.720	1.700	1.400	0.000	5	1	SAMS
88.936	26.965	2.158	-3.220	1.100	0.700	0.000	5	1	JITI
77.172	28.544	0.921	-3.333	2.520	1.490	0.000	1	1	JNUC
78.365	30.404	-1.709	-6.805	2.400	1.470	0.000	3	1	CHAM
78.676	30.997	-6.886	-12.172	2.350	1.460	0.000	3	1	SUKI
79.211	30.486	-11.435	-8.705	3.330	2.190	0.000	3	1	TUNG
79.559	30.531	-4.787	-7.237	4.180	2.360	0.000	3	1	AULI
79.620	29.638	1.559	-4.164	4.110	3.040	0.000	3	1	KTML
80.041	29.838	-1.542	-8.633	2.690	1.620	0.000	3	1	CHAU
82.573	28.063	-4.643	-2.206	2.250	1.510	0.000	3	1	RANJ
83.418	27.507	1.339	-0.357	2.190	1.480	0.000	4	1	BHAI
83.554	27.874	-1.960	-2.022	2.150	1.450	0.000	4	1	TANS
83.718	28.781	-1.136	-10.951	1.870	1.380	0.000	4	1	JOMO
83.978	28.199	-0.367	-1.513	2.220	1.480	0.000	4	1	POKH
84.430	27.678	-1.249	-0.527	2.220	1.470	0.000	4	1	BHAR
85.358	27.697	0.132	-3.606	2.160	1.450	0.000	4	1	AIRP
85.925	26.711	0.625	0.076	2.530	1.480	0.000	1	1	JANK
86.715	27.803	1.361	-9.708	2.050	1.360	0.000	4	1	NAMC
86.725	27.683	-0.567	-10.048	2.220	1.340	0.000	4	1	LUKL
86.823	27.894	-1.148	-11.339	2.050	1.200	0.000	4	1	PHER
86.827	28.194	-1.787	-16.080	5.410	2.510	0.000	4	1	RONG
86.929	27.973	1.232	-9.962	3.730	3.550	0.000	4	1	SCOL
87.155	28.630	-1.630	-16.769	4.150	2.100	0.000	4	1	TING
87.206	27.380	1.940	-5.545	2.150	1.390	0.000	4	1	KHAN
88.503	27.089	-2.566	-6.698	8.470	4.180	0.000	5	1	DELO
91.850	25.531	0.529	-7.850	7.600	3.800	0.000	6	1	SHIL
79.080	29.230	-0.493	-2.176	0.740	0.670	0.000	1	1	RAMR
79.430	29.640	-1.851	0.565	0.930	0.830	0.000	3	1	RANI
79.510	29.210	-2.252	0.812	0.780	0.670	0.000	3	1	HALD
79.650	29.590	0.747	0.448	0.720	0.650	0.000	3	1	ALMO
79.770	29.820	-2.306	-0.384	0.730	0.640	0.000	3	1	BAGR
79.900	29.780	-1.759	-3.126	0.770	0.690	0.000	3	1	KAPK
80.090	29.330	-2.829	-1.830	0.810	0.730	0.000	3	1	CHAM
80.180	29.100	0.657	-1.091	0.800	0.690	0.000	3	1	BANB
80.230	29.590	-1.378	-2.133	0.740	0.650	0.000	3	1	PITH
80.340	29.760	0.407	-4.874	0.840	0.740	0.000	3	1	ASKO
80.560	29.860	1.143	-9.967	0.800	0.710	0.000	3	1	DHAR
73.249	34.420	-6.384	-5.520	0.650	0.900	0.000	1	1	HAZU
73.391	33.895	-5.892	-5.148	0.650	0.670	0.000	2	1	MURE
73.653	33.978	-4.703	-2.519	0.260	0.260	0.000	2	1	ARJA
73.752	33.871	-2.680	-1.605	0.260	0.250	0.000	2	1	RAWL
73.935	33.930	-4.325	-2.273	0.380	0.410	0.000	2	1	DHUL
74.347	33.395	-1.803	-2.691	0.260	0.280	0.000	2	1	RAUJ
74.484	34.095	-4.427	-3.189	0.450	0.450	0.000	2	1	MULG
74.593	33.993	-6.303	-3.445	0.940	0.940	0.000	2	1	RANK
74.817	34.109	-1.021	-2.444	1.260	1.280	0.000	2	1	KNEW
74.837	34.130	-4.716	-5.468	0.160	0.160	0.000	2	1	CONV
74.889	34.120	-4.595	-4.847	1.360	1.390	0.000	2	1	NISH
74.974	34.353	-4.229	-6.517	0.610	0.590	0.000	2	1	NARA
75.037	33.595	-0.353	-4.233	1.220	1.220	0.000	2	1	MAAL
75.045	34.227	-2.800	-7.331	0.760	0.820	0.000	2	1	SUMB
75.272	34.100	-3.171	-4.350	0.600	0.610	0.000	2	1	ARUU
75.325	34.292	-5.197	-6.598	0.740	0.720	0.000	2	1	SON1
75.769	34.424	-7.068	-5.756	0.590	0.560	0.000	2	1	DRAS
76.162	34.559	-4.870	-10.285	0.220	0.200	0.000	2	1	KARG
90.959	29.278	7.599	-20.282	3.600	3.500	0.000	5	1	GGAR
89.573	28.914	3.015	-16.873	2.000	1.800	0.000	5	1	JIAN
85.741	29.591	0.213	-16.234	3.700	3.400	0.000	4	1	SHOT
88.864	29.250	3.168	-17.618	1.800	1.500	0.000	5	1	XIGA
91.237	25.000	-1.303	-3.389	0.800	0.800	0.000	1	1	JAML
92.019	25.179	-1.882	-5.118	0.900	0.900	0.000	6	1	JAFL
