   5.2715075e-01
   2.2450724e+00
   1.3121935e+00
  -4.6329576e+00
  -8.8303585e-01
  -2.6199301e+00
   9.1071487e-01
   5.8477736e-01
  -4.1850601e+00
  -6.4333882e-01
  -1.7447708e+00
   2.2019650e+00
   1.5414687e+00
  -1.4820425e+00
   1.6529868e+00
   2.8594723e+00
  -2.2362613e+00
  -2.6725375e+00
  -1.0720414e+00
   1.9608181e+00
  -4.8699162e+00
  -4.7165426e+00
   2.4326866e+00
  -8.8713873e+00
   7.7162097e-01
  -2.8214410e+00
  -2.9041316e+00
  -4.8113077e-01
  -1.0621069e+00
  -9.2613158e-01
  -4.8849323e+00
   5.2079259e+00
  -4.4289294e-02
   2.2346506e+00
  -2.4201870e+00
  -3.0155417e+00
  -1.6277146e-01
   3.8256915e+00
  -2.5535479e-02
   4.5299235e+00
  -1.5989286e+00
  -3.2460403e+00
   9.9818296e-01
  -2.6789463e-01
   1.0944690e-01
  -5.1222334e-01
   4.1977814e+00
  -1.7236245e+00
  -2.7547026e+00
  -9.3242042e-01
   3.3467361e+00
  -3.1849653e+00
  -6.2663445e-01
  -1.6838772e+00
  -3.6771139e+00
  -1.4706012e+00
  -1.3245929e+00
   3.3412716e-01
  -2.2981292e+00
   2.0115724e-01
  -1.3079362e+00
  -2.3762111e-01
   3.1692838e-01
  -3.1201392e-01
   1.0310018e+00
   1.4250681e-01
   3.2162331e+00
  -4.8045431e+00
   5.0721533e+00
  -1.7942659e+00
  -2.2032132e-01
   7.5903411e+00
  -1.7961653e+00
  -4.3179948e+00
  -1.3608620e+00
  -2.7995385e+00
  -3.0973977e-01
   1.2733104e+00
   1.4779276e+00
  -3.7054863e+00
  -6.0331062e+00
  -3.7341401e+00
  -4.3581958e+00
   4.0057950e+00
   6.0378186e+00
  -7.3412955e+00
  -3.2407036e+00
  -1.7167952e+00
  -6.4720338e-01
   2.7297126e-01
   4.1712154e+00
  -3.7615268e+00
  -2.3248222e-01
  -5.0915612e+00
  -2.2005690e+00
   2.3992572e+00
   2.3824986e-01
  -2.8590002e+00
   6.0475427e-01
   1.1052858e+00
  -1.6549305e+00
  -2.3374414e-02
  -2.1698727e+00
  -3.1364171e+00
   1.3434806e+00
   1.6113093e+00
  -2.7228667e-01
  -1.3043104e+00
   7.9153274e-02
  -1.5973369e+00
  -6.3504255e-01
   5.6411900e-01
  -2.5744188e+00
  -3.2904516e+00
  -4.3089926e+00
  -2.7494887e-01
  -3.8613549e+00
  -1.4258197e+00
  -7.4267276e-01
  -1.3371471e-02
   1.5762733e+00
  -3.1592752e-01
   2.2078133e-01
   1.4108378e+01
   2.7390049e+00
   5.5247472e+00
   1.8614726e+00
   6.7240741e-01
   1.3633867e+00
  -3.6647358e+00
  -4.3214170e+00
  -2.0196137e+00
   5.0537577e-01
  -1.5339396e+00
   2.5854971e-01
  -1.3040688e+00
  -1.0587409e+00
  -4.6827494e+00
  -1.2192759e+00
  -8.1291556e+00
  -2.7307907e-01
  -9.6793033e+00
  -1.6628110e+00
   1.2362492e+00
   6.1092849e-01
  -3.1021781e+00
  -2.2831372e+00
  -2.8835920e+00
   4.2344575e-01
   5.1367486e+00
  -1.8181827e+00
  -7.8227361e-01
  -4.3864900e+00
   2.2085349e+00
  -2.8279946e-01
  -6.2704562e-02
  -2.7554084e+00
   6.7021301e-01
  -2.4792088e+00
  -7.5276705e-01
   1.6592369e+00
   6.4794749e-01
   4.7156968e-01
   3.5171110e-01
   1.2034540e+00
   8.2278069e-01
  -3.6713786e-01
  -3.7304949e+00
  -8.1298614e-01
  -1.6268360e+00
  -1.2590933e+00
   2.5620521e-01
   1.2014077e+00
  -2.4004312e+00
  -3.1353861e-01
  -2.2284686e+00
  -5.5257172e+00
  -2.9174844e+00
   2.1765115e+00
  -8.2338100e+00
  -1.0353865e+01
  -1.7279860e+00
  -1.7073292e+00
   1.0693966e-02
  -3.9559011e+00
  -1.0839382e+00
   3.3697823e+00
   5.2964867e+00
   7.3621923e-01
  -8.3649409e+00
   8.6257353e-01
   9.6218223e-01
   3.0365153e-01
   4.9402603e-01
  -4.7555248e+00
   1.4876143e+00
  -1.4442049e+00
  -7.5575432e-01
   1.7419748e+00
  -6.0867732e+00
   1.7921318e+00
  -6.4250683e+00
  -2.3070601e+00
  -4.8521798e-01
  -2.6812250e+00
   4.3412567e-01
   2.1712540e+00
   1.0033093e+00
   3.2809533e+00
  -1.1332272e+00
  -3.3029247e-01
   6.7768186e-01
   3.0898407e+00
   3.4493798e-01
  -1.5573106e+00
  -2.0933781e+00
   4.2689572e-01
  -4.9537454e+00
   1.7514104e+00
   2.5089931e+00
  -3.2937054e+00
  -4.8142574e+00
  -1.0587729e-01
  -1.5514706e+00
  -1.8241113e+00
   4.1885584e+00
   2.9746078e+00
  -4.7641976e-01
  -6.1702385e-01
   1.0633934e+00
  -2.2817800e-01
   2.8071532e+00
  -9.3720434e+00
  -2.5081183e+00
  -4.8883620e+00
  -1.8832392e+00
  -1.0046799e+00
  -1.6668785e+00
  -2.1606984e+00
  -1.9573455e+00
   2.7957481e+00
  -4.1370292e+00
   1.7816243e-01
   3.3312927e-01
   2.4079313e-01
   9.1225844e-01
   1.7383973e-01
  -1.4427879e+00
  -2.8772110e+00
  -6.5205803e-01
  -1.9864118e+00
  -5.0148889e+00
  -5.8667999e+00
  -3.1021417e+00
  -5.6324540e+00
   2.0100167e+00
  -1.5042178e+00
  -5.1774359e+00
  -2.6441191e+00
   3.4547671e+00
  -6.7167570e+00
  -1.8795394e+00
  -7.4501263e+00
  -5.7553182e+00
  -4.5824632e+00
  -1.6822853e+00
  -4.8110943e+00
  -2.1482170e+00
  -5.2174392e-01
  -5.5289160e+00
   4.4483397e+00
  -2.9596318e+00
  -5.6890789e+00
  -5.6998198e+00
   2.0434826e+00
   1.9660134e+00
   2.1739923e+00
   4.1789777e+00
  -1.9551529e+00
   6.1357594e-01
   1.8793271e+00
   2.0977801e+00
  -2.8661684e-01
   1.3901962e+00
  -2.2786076e+00
   2.6357244e+00
  -5.5233183e+00
  -4.3101920e-01
  -5.1024775e+00
  -2.7335113e+00
  -1.5271654e+00
   2.6679852e+00
  -5.9267858e+00
  -9.4187335e+00
   3.9991400e-01
   1.1257691e+00
   3.7050101e-01
   3.0670593e+00
   1.0323290e-01
  -1.2239321e+00
  -1.0192892e+00
  -3.1369979e+00
  -2.6554812e+00
   2.4901637e+00
  -2.1687861e+00
   1.7173578e+00
   3.1968938e+00
  -4.4371867e-01
   1.9678517e+00
  -1.8323424e+00
  -8.5489994e+00
  -7.9721631e-01
   1.8311457e+00
  -3.8757576e-01
  -5.4937186e+00
  -3.0003413e-02
  -3.1481787e+00
  -4.9830983e+00
  -2.2928289e+00
   9.9213950e-01
   5.9318969e-01
   2.1950976e+00
  -1.0173719e+01
  -2.4720560e-02
  -9.1009377e+00
  -7.1883285e-01
  -1.5329800e+00
  -3.0437870e-01
  -1.2282354e+00
  -5.9486952e-01
  -1.0748613e+00
   5.8359820e-01
  -3.4547412e+00
   2.5222525e+00
   4.6095219e+00
  -2.3202004e-01
  -1.6901076e+00
  -1.2659574e+00
   1.0078170e+00
  -8.8557388e-01
   1.1902422e+00
  -3.9778454e+00
  -5.5715403e-01
  -1.2305472e+01
  -8.8479794e-01
  -4.0370364e-02
  -7.1195217e+00
  -8.6723871e-01
  -3.6138522e+00
  -4.1849178e+00
  -2.7983484e+00
   4.1693642e+00
  -8.2722847e-01
   8.7698402e-01
   8.0779951e-01
  -1.4497901e+00
  -4.8764104e-01
  -5.7715352e+00
   2.9421619e+00
  -7.7668486e-01
   3.2638845e+00
   2.3356173e+00
  -5.3460661e+00
  -4.7904990e+00
  -2.5841054e+00
  -8.2938698e-01
  -9.5016145e-01
   2.2865654e+00
  -3.9170790e+00
   2.1183113e-01
  -4.3365100e+00
  -5.3841478e+00
  -1.3097183e+00
  -3.5851678e+00
   8.7798013e-01
   2.1548399e+00
   8.7224495e-01
  -2.6072886e+00
  -2.3607107e+00
  -1.0109021e+00
   1.7983881e+00
  -3.4070588e-01
  -3.5993473e+00
  -2.8478454e+00
  -8.9336607e-01
   2.3231859e+00
  -3.5243760e+00
   1.1824420e+00
  -3.0990252e+00
  -1.2275386e+00
  -8.4790256e+00
   1.8236409e+00
   4.3125319e-01
   3.7839648e-01
   1.6676451e+00
  -6.2001421e+00
   3.5831129e+00
   6.0677873e+00
  -1.5002147e+00
   7.9531459e+00
  -1.5631743e-01
  -8.9927681e+00
  -4.0336625e+00
  -4.3570229e+00
  -2.0906085e+00
  -4.1123117e+00
  -2.3488673e+00
  -5.0018787e+00
  -1.7273927e+00
  -2.8573548e+00
  -7.0121584e+00
  -3.2741903e+00
  -3.3826750e+00
   1.5627760e+00
  -2.4070653e+00
   4.1603210e-01
   6.8074923e-01
  -8.3166090e+00
   1.4199080e+00
  -1.9461941e+00
  -2.6937568e-02
  -1.7884013e+00
  -5.5252232e-01
  -2.8070675e-02
  -1.5733316e+00
  -4.5922522e+00
  -1.2256848e+00
  -1.9289059e-02
   1.2197801e+00
  -3.3407948e+00
  -1.1518546e+00
  -1.8704849e+00
  -5.8326638e+00
  -6.9790061e-01
  -1.7922296e-01
  -9.4208725e-01
  -3.0975324e-01
  -3.3391972e+00
  -2.6323723e-01
  -1.1135319e+00
  -3.0073272e+00
  -1.6643687e+00
  -4.0883484e+00
   8.2829024e-01
  -4.0507943e+00
   9.2115187e-02
   1.1789478e+00
  -1.3772422e+00
   3.5387868e+00
   1.6272940e-01
  -7.8344601e-01
   1.6293564e+00
  -2.8029726e+00
  -3.0800118e+00
  -1.9138210e+00
  -1.6244376e+00
  -6.0592669e+00
  -3.8284913e+00
   4.3955792e+00
   9.8141951e-01
  -3.2764218e+00
   1.2680000e+00
  -1.0572109e-01
  -3.9818754e+00
  -4.5982435e+00
  -3.7277679e+00
  -5.9206620e-01
  -5.5098139e+00
  -3.4126819e+00
  -5.9331324e+00
  -4.9827854e+00
  -2.6397267e+00
  -1.1076279e+00
  -1.9077128e+00
   1.8815964e+00
   1.3824437e+00
  -2.8769898e+00
  -5.3269451e+00
   2.1377498e+00
  -3.6032297e+00
   2.2080852e+00
   1.3973223e+00
  -1.8935958e+00
   1.5648384e+00
  -5.6011202e-01
   8.2733537e+00
  -4.4973030e+00
   3.1711477e+00
   6.6013429e+00
   9.4095412e+00
  -6.9315509e+00
   3.3234842e+00
  -1.4561234e+00
  -1.0804182e+00
  -4.5765122e+00
  -1.9781485e+00
  -4.3459652e+00
  -2.9929985e+00
   1.8126589e+00
  -9.3508626e-01
   6.7735237e+00
  -6.1354380e+00
   3.6058226e+00
  -4.4792247e+00
   6.6156426e-01
   3.5699596e-01
  -2.0210087e+00
  -5.4134764e+00
   6.8749596e-01
   2.5833497e+00
  -2.2101295e+00
  -2.6043333e+00
  -8.6982959e+00
   1.5340504e+00
  -8.1398604e-01
   1.3782661e-01
  -2.9243799e+00
  -1.4129522e+00
  -3.9161719e-01
   2.6913956e+00
  -2.9361250e+00
  -4.3565211e+00
  -3.7287763e+00
   1.2966024e+00
  -2.0052522e+00
  -2.9725665e-01
   2.5263243e+00
  -8.6423762e-01
   6.5984097e-01
  -1.1019616e+00
   3.2442085e+00
  -2.0899530e+00
  -4.2064666e+00
  -1.5818262e+00
   1.4943577e+00
  -1.5712784e+00
  -2.5528113e-01
   3.4545521e-01
   3.7896510e-01
  -1.4407899e+00
  -1.5949215e+00
  -3.0800834e-01
  -1.6753116e+00
  -9.1937628e-01
   8.9729199e-01
   2.2694508e+00
   1.8560657e+00
   2.5581198e+00
   1.7637225e+00
   3.0512208e-01
   2.9085418e-01
  -1.7660583e+00
   1.3949016e+00
   1.5411324e+00
  -3.3675867e-01
  -2.0124167e+00
  -2.4900347e+00
   1.0135440e+00
  -9.1626149e-01
   3.3814082e+00
  -3.7508447e-01
  -1.3825604e+00
   5.1492753e+00
   4.3001327e+00
  -4.7289518e+00
  -3.8024280e+00
   1.9010610e+00
  -7.3218349e-02
  -6.4130671e-01
   9.5186126e-01
   3.3260946e-02
   3.4320539e-02
   1.3402872e+00
   1.2615493e+00
  -9.0617325e-01
  -2.8125505e+00
  -1.3169225e+00
  -2.1465219e+00
  -2.2065729e+00
  -2.7457250e+00
  -4.0153502e+00
  -1.5751537e+00
   6.3396005e-01
