79.09800000 31.88700000 79.81400000 31.49800000 1.78725784e-01
79.09800000 31.88700000 80.29300000 31.71100000 -2.24652280e-01
79.09800000 31.88700000 77.92100000 32.36400000 2.93239191e-01
79.09800000 31.88700000 78.75400000 31.03700000 -1.84231873e+00
79.09800000 31.88700000 78.97300000 32.77900000 -7.44413897e-01
79.09800000 31.88700000 78.67600000 30.99700000 -2.05034799e+00
79.81400000 31.49800000 80.29300000 31.71100000 -3.09133447e-01
79.81400000 31.49800000 80.42900000 30.96100000 -1.48117661e-01
79.81400000 31.49800000 78.75400000 31.03700000 -1.48217200e+00
79.81400000 31.49800000 79.49300000 30.74300000 -1.68731090e+00
80.29300000 31.71100000 80.42900000 30.96100000 -1.30053268e-01
80.29300000 31.71100000 81.42800000 30.83700000 6.97042450e-01
80.29300000 31.71100000 78.97300000 32.77900000 3.09627816e-01
80.42900000 30.96100000 81.17600000 30.29000000 -8.80940530e-01
80.42900000 30.96100000 81.42800000 30.83700000 6.67137187e-01
80.42900000 30.96100000 79.49300000 30.74300000 -8.89618136e-01
80.42900000 30.96100000 80.24000000 30.06000000 -5.16778364e+00
80.42900000 30.96100000 79.55900000 30.53100000 -2.46655479e+00
81.17600000 30.29000000 81.42800000 30.83700000 -9.81014667e-01
81.17600000 30.29000000 81.85600000 30.71600000 -7.34147257e-01
81.17600000 30.29000000 80.24000000 30.06000000 -2.32628624e+00
81.17600000 30.29000000 81.20100000 29.47400000 -6.63089453e+00
81.17600000 30.29000000 81.80700000 29.96900000 1.08230843e+00
81.17600000 30.29000000 80.56000000 29.86000000 -4.21816169e+00
81.42800000 30.83700000 81.85600000 30.71600000 1.89608528e-01
81.85600000 30.71600000 82.83200000 30.38900000 -7.40843742e-01
81.85600000 30.71600000 81.80700000 29.96900000 -2.29097191e+00
82.83200000 30.38900000 83.24000000 29.80000000 -4.94906365e-01
82.83200000 30.38900000 84.03900000 29.72100000 -8.24141139e-01
82.83200000 30.38900000 81.80700000 29.96900000 -8.53610763e-01
82.83200000 30.38900000 82.19300000 29.27800000 -4.26916833e+00
82.83200000 30.38900000 85.74100000 29.59100000 -6.68400291e-02
83.24000000 29.80000000 84.03900000 29.72100000 -9.58123022e-02
83.24000000 29.80000000 84.04300000 29.53400000 -3.52401226e-01
83.24000000 29.80000000 82.19300000 29.27800000 -1.72944793e+00
83.24000000 29.80000000 82.81800000 28.98400000 -1.75192384e+00
83.24000000 29.80000000 83.89500000 29.17900000 -1.83620756e+00
84.03900000 29.72100000 84.15600000 29.68000000 6.79499341e-02
84.03900000 29.72100000 84.04300000 29.53400000 -6.89439874e-01
84.03900000 29.72100000 85.74100000 29.59100000 3.26402352e-02
84.15600000 29.68000000 84.04300000 29.53400000 -6.02893531e-01
84.15600000 29.68000000 85.21000000 29.44000000 2.30689698e-01
84.15600000 29.68000000 85.74100000 29.59100000 -9.97507596e-02
85.44200000 28.95900000 85.64000000 29.44100000 -9.46832003e-01
85.44200000 28.95900000 86.38699999 28.68700000 -1.34433670e-01
85.44200000 28.95900000 85.21000000 29.44000000 -3.42981106e-01
85.44200000 28.95900000 86.01999999 28.30000000 -3.21476657e-01
85.44200000 28.95900000 84.41000000 28.37500000 -1.56222617e+00
85.44200000 28.95900000 85.31399999 28.20700000 -3.70376492e+00
85.64000000 29.44100000 86.38699999 28.68700000 -5.07850845e-01
85.64000000 29.44100000 85.21000000 29.44000000 -1.81019301e-01
85.64000000 29.44100000 85.74100000 29.59100000 -9.58723212e-02
85.97499999 28.14900000 85.32899999 28.17100000 8.04286714e-01
85.97499999 28.14900000 86.01999999 28.29000000 -8.78373731e-01
85.97499999 28.14900000 86.01999999 28.30000000 -9.23454402e-01
85.97499999 28.14900000 86.22999999 27.63500000 -2.98993560e+00
85.97499999 28.14900000 86.81299999 27.95800000 -5.57047164e-02
85.97499999 28.14900000 85.31399999 28.20700000 9.00905221e-01
85.97499999 28.14900000 85.87699999 27.91000000 -2.22812339e+00
85.97499999 28.14900000 86.71199999 27.81400000 3.94828868e-01
85.97499999 28.14900000 86.82699999 28.19400000 -5.49139703e-01
86.38699999 28.68700000 86.96699999 28.39200000 -4.68404427e-01
86.38699999 28.68700000 87.05999999 28.58700000 -3.93368000e-01
86.38699999 28.68700000 87.08600000 29.32000000 -5.84650273e-01
86.38699999 28.68700000 86.93999999 28.35700000 -4.72308878e-01
86.38699999 28.68700000 86.01999999 28.30000000 -1.71100554e+00
86.38699999 28.68700000 86.82699999 28.19400000 -4.83349302e-01
86.38699999 28.68700000 85.74100000 29.59100000 -5.67137318e-01
86.94099999 28.35700000 86.82699999 28.19400000 -1.09896237e-01
86.94099999 28.35700000 86.92899999 27.97300000 -2.35531897e-01
86.96699999 28.39200000 87.05999999 28.58700000 -1.68345819e-01
86.96699999 28.39200000 87.76900000 28.53800000 -3.08708325e-01
86.96699999 28.39200000 86.92899999 27.97300000 -2.45544991e-01
86.96699999 28.39200000 87.15499999 28.63000000 -2.13865009e-01
87.05999999 28.58700000 87.08600000 29.32000000 -7.53373873e-01
87.05999999 28.58700000 87.15499999 28.63000000 -4.58060400e-02
87.08600000 29.32000000 85.74100000 29.59100000 -2.73987110e-01
87.18400000 29.26900000 87.57700000 29.11800000 1.13818681e-01
87.18400000 29.26900000 87.15499999 28.63000000 -6.75662710e-01
87.76900000 28.53800000 88.56000000 28.24400000 -2.02803966e+00
87.76900000 28.53800000 88.86500000 29.24900000 -9.07141908e-01
87.76900000 28.53800000 87.57700000 29.11800000 -6.55520364e-01
87.76900000 28.53800000 87.70999999 27.35200000 -5.60867099e+00
87.76900000 28.53800000 86.92899999 27.97300000 -4.21015518e-01
87.76900000 28.53800000 87.15499999 28.63000000 -1.41822531e-01
87.76900000 28.53800000 88.86400000 29.25000000 -9.08188856e-01
88.56000000 28.24400000 88.86500000 29.24900000 -2.82439838e+00
88.56000000 28.24400000 89.15400000 27.72100000 -1.29953213e+00
88.56000000 28.24400000 89.30500000 27.93100000 1.06328058e+00
88.56000000 28.24400000 89.55600000 28.91100000 -2.24525422e-01
88.56000000 28.24400000 89.62700000 28.31500000 2.68183016e+00
88.56000000 28.24400000 88.56900000 27.36500000 -5.57710741e+00
88.56000000 28.24400000 88.91000000 27.49000000 -3.80396949e+00
88.56000000 28.24400000 87.70999999 27.35200000 -4.77006968e+00
88.86500000 29.24900000 89.55600000 28.91100000 -9.25688366e-01
88.86500000 29.24900000 90.15400000 29.44400000 3.72299793e-01
88.86500000 29.24900000 89.57300000 28.91400000 -9.20612674e-01
88.90600000 27.43700000 89.15400000 27.72100000 -1.25711919e+00
88.90600000 27.43700000 88.56900000 27.36500000 -2.97495824e-01
88.90600000 27.43700000 89.39200000 26.84900000 3.78123474e-01
88.90600000 27.43700000 89.63500000 27.47200000 -3.38044544e-01
88.90600000 27.43700000 88.70200000 27.02400000 -2.54740318e+00
88.90600000 27.43700000 88.79100000 27.01000000 -2.67991952e+00
88.90600000 27.43700000 88.93600000 26.96500000 -2.42828197e+00
89.15400000 27.72100000 89.30500000 27.93100000 -1.39334993e+00
89.15400000 27.72100000 88.91000000 27.49000000 -9.74539203e-01
89.15400000 27.72100000 89.63500000 27.47200000 -3.24699838e-01
89.30500000 27.93100000 89.62700000 28.31500000 -1.07069843e+00
89.30500000 27.93100000 89.63500000 27.47200000 -2.05242243e+00
89.55600000 28.91100000 89.62700000 28.31500000 -1.80924102e+00
89.55600000 28.91100000 89.91100000 28.61900000 -8.66685386e-01
89.62700000 28.31500000 89.91100000 28.61900000 -8.14783874e-01
89.62700000 28.31500000 90.55800000 28.41900000 -1.12617079e+00
89.62700000 28.31500000 89.63500000 27.47200000 -3.97964354e+00
89.91100000 28.61900000 90.10700000 28.93200000 -8.63566791e-01
89.91100000 28.61900000 90.55800000 28.41900000 1.31536433e-01
89.91100000 28.61900000 89.57300000 28.91400000 -8.95605927e-01
90.10700000 28.93200000 90.15400000 29.44400000 -1.46143830e+00
90.10700000 28.93200000 90.26700000 29.32400000 -1.17174710e+00
90.10700000 28.93200000 90.55800000 28.41900000 -3.92941653e-01
90.10700000 28.93200000 90.95900000 29.27800000 -2.09671543e-01
90.10700000 28.93200000 89.57300000 28.91400000 4.58249647e-01
90.15400000 29.44400000 90.26700000 29.32400000 6.47076997e-02
90.15400000 29.44400000 78.70400000 33.19100000 8.10783204e-01
90.15400000 29.44400000 89.57300000 28.91400000 -1.43388752e-01
90.15400000 29.44400000 85.74100000 29.59100000 4.98832969e-01
90.26700000 29.32400000 90.95900000 29.27800000 7.95477310e-01
90.55800000 28.41900000 91.88900000 28.96000000 -1.30157122e+00
90.55800000 28.41900000 91.91000000 27.97100000 1.61290654e+00
90.55800000 28.41900000 89.63500000 27.47200000 -3.53841281e+00
90.55800000 28.41900000 90.95900000 29.27800000 -2.59651574e+00
91.88900000 28.96000000 91.91000000 27.97100000 -1.95391664e+00
91.88900000 28.96000000 92.39900000 28.42200000 1.52894429e+00
91.88900000 28.96000000 93.07300000 29.04400000 -6.10220327e-01
91.88900000 28.96000000 92.43900000 28.43200000 1.61388586e+00
91.88900000 28.96000000 90.95900000 29.27800000 1.19204066e+00
91.91000000 27.97100000 92.39900000 28.42200000 -1.62471123e+00
91.91000000 27.97100000 92.41500000 27.27000000 -4.49725748e+00
91.91000000 27.97100000 89.63500000 27.47200000 -1.83628972e+00
92.39900000 28.42200000 92.41500000 27.27000000 -8.08529772e+00
93.07300000 29.04400000 92.43900000 28.43200000 -1.30872853e+00
93.07300000 29.04400000 92.41500000 27.27000000 -8.28316325e+00
93.07300000 29.04400000 90.95900000 29.27800000 5.84174104e-01
83.95300000 29.17800000 84.04300000 29.53400000 -9.45165842e-01
83.95300000 29.17800000 85.21000000 29.44000000 -6.84934933e-01
83.95300000 29.17800000 83.74300000 28.80500000 -1.78647372e+00
83.95300000 29.17800000 84.41000000 28.37500000 -3.63520667e+00
84.04300000 29.53400000 85.21000000 29.44000000 1.89260784e-03
84.04300000 29.53400000 83.89500000 29.17900000 -9.32779470e-01
86.93999999 28.35700000 86.82699999 28.19400000 -1.09303881e-01
75.36300000 32.56500000 75.88100000 32.30400000 -2.35436457e-01
75.36300000 32.56500000 75.93800000 31.47900000 1.76154581e-01
75.36300000 32.56500000 75.99300000 32.53600000 -5.93108233e-01
75.36300000 32.56500000 74.34700000 33.39500000 7.61789331e-03
75.36300000 32.56500000 75.03700000 33.59500000 -2.03906347e-01
75.88100000 32.30400000 75.93800000 31.47900000 7.75846729e-01
75.88100000 32.30400000 75.99300000 32.53600000 -6.30724342e-02
75.88100000 32.30400000 76.29400000 31.89700000 -2.08938894e-01
75.88100000 32.30400000 76.30700000 32.24800000 -1.11427280e+00
75.93800000 31.47900000 76.29400000 31.89700000 2.51571672e+00
75.93800000 31.47900000 76.30700000 31.53800000 2.39137950e+00
75.93800000 31.47900000 77.12600000 28.48200000 9.35692447e-01
75.93800000 31.47900000 77.63000000 30.27600000 -3.34179043e+00
75.93800000 31.47900000 77.17200000 28.54400000 1.06460339e+00
75.93800000 31.47900000 73.39100000 33.89500000 6.08837830e-02
75.93800000 31.47900000 74.34700000 33.39500000 -3.66637610e-01
75.99300000 32.53600000 76.30700000 32.24800000 -6.51200014e-01
75.99300000 32.53600000 76.68900000 32.69800000 -1.59950303e+00
75.99300000 32.53600000 75.03700000 33.59500000 -5.26414812e-01
76.29400000 31.89700000 76.30700000 31.53800000 5.79265772e-01
76.29400000 31.89700000 76.30700000 32.24800000 -7.03426012e-01
76.29400000 31.89700000 76.67300000 31.91900000 -6.41559559e-01
76.30700000 31.53800000 76.67300000 31.91900000 -1.61348515e-01
76.30700000 31.53800000 76.81500000 31.63400000 3.79144778e-01
76.30700000 31.53800000 77.63000000 30.27600000 -3.36705823e+00
76.30700000 32.24800000 76.67300000 31.91900000 3.26256470e-01
76.30700000 32.24800000 76.68900000 32.69800000 -2.12038159e+00
76.30700000 32.24800000 77.19200000 32.31700000 -1.57716379e+00
76.67300000 31.91900000 76.81500000 31.63400000 -7.63063272e-01
76.67300000 31.91900000 77.10800000 32.06700000 -3.80865881e+00
76.67300000 31.91900000 77.19200000 32.31700000 -4.39827907e+00
76.68900000 32.69800000 77.17500000 32.63400000 -6.13081419e-01
76.68900000 32.69800000 77.19200000 32.31700000 -2.29110084e-01
76.68900000 32.69800000 77.42500000 32.79800000 -1.80038131e+00
76.68900000 32.69800000 77.60000000 34.12800000 -2.70625283e+00
76.68900000 32.69800000 75.03700000 33.59500000 -2.00502046e-01
76.68900000 32.69800000 75.27200000 34.10000000 1.40412220e-01
76.68900000 32.69800000 75.76900000 34.42400000 -6.84974940e-01
76.68900000 32.69800000 76.16200000 34.55900000 -1.33525389e+00
76.81500000 31.63400000 77.10800000 32.06700000 -6.28600588e+00
76.81500000 31.63400000 77.63000000 30.27600000 8.24432812e-02
76.81500000 31.63400000 78.02100000 30.45900000 -3.55184243e+00
76.81500000 31.63400000 78.67600000 30.99700000 -3.91032802e+00
77.10800000 32.06700000 77.19200000 32.31700000 2.12489439e-01
77.10800000 32.06700000 77.92100000 32.36400000 -1.88173275e+00
77.10800000 32.06700000 78.67600000 30.99700000 -2.08586110e+00
77.12600000 28.48200000 78.60800001 25.45200000 -4.41880587e-02
77.12600000 28.48200000 79.08000000 29.23000000 -5.02796882e-01
77.12600000 28.48200000 73.39100000 33.89500000 1.76044023e-01
77.17500000 32.63400000 77.19200000 32.31700000 -1.58666232e+00
77.17500000 32.63400000 77.42500000 32.79800000 -7.95140886e-01
77.19200000 32.31700000 77.42500000 32.79800000 -2.41647880e+00
77.19200000 32.31700000 77.92100000 32.36400000 -1.37234298e+00
77.42500000 32.79800000 77.80800000 33.97200000 -2.92113050e-03
77.42500000 32.79800000 77.92100000 32.36400000 -8.30512846e-01
77.42500000 32.79800000 78.66000000 33.20900000 -2.06231471e-01
77.42500000 32.79800000 77.60000000 34.12800000 5.29722044e-02
77.63000000 30.27600000 77.86000000 30.32900000 7.34503627e-01
77.63000000 30.27600000 77.86800000 30.14700000 -1.40260927e+00
77.63000000 30.27600000 78.02100000 30.45900000 1.24128143e+00
77.63000000 30.27600000 77.17200000 28.54400000 2.22536379e-01
77.80800000 33.97200000 78.66000000 33.20900000 -1.89157759e-01
77.86000000 30.32900000 77.86800000 30.14700000 7.37479309e-01
77.86000000 30.32900000 77.97400000 30.28500000 -2.78156435e-01
77.86000000 30.32900000 78.01400000 30.32900000 6.79383323e-02
77.86000000 30.32900000 78.02100000 30.45900000 -3.39475953e-01
77.86800000 30.14700000 77.97400000 30.28500000 1.29533295e+00
77.86800000 30.14700000 77.97900000 30.09500000 -9.06752650e-01
77.92100000 32.36400000 78.66000000 33.20900000 -6.59553144e-01
77.92100000 32.36400000 78.97300000 32.77900000 -1.81818074e-01
77.92100000 32.36400000 78.67600000 30.99700000 -2.19659441e+00
77.97400000 30.28500000 77.97900000 30.09500000 -5.82664581e-01
77.97400000 30.28500000 78.01400000 30.32900000 -1.24631045e-01
77.97400000 30.28500000 78.18700000 30.19100000 -4.78340974e-01
77.97900000 30.09500000 78.18700000 30.19100000 5.17010490e-01
77.97900000 30.09500000 78.68000000 29.84800000 -1.63401793e+00
77.97900000 30.09500000 77.17200000 28.54400000 1.05462593e+00
78.01400000 30.32900000 78.02100000 30.45900000 -1.18608025e+00
78.01400000 30.32900000 78.11500000 30.45200000 -7.53649222e-01
78.01400000 30.32900000 78.15500000 30.34200000 1.92833002e-01
78.01400000 30.32900000 78.18700000 30.19100000 -9.63895222e-01
78.02100000 30.45900000 78.11500000 30.45200000 -6.20878878e-02
78.02100000 30.45900000 78.67600000 30.99700000 -2.31520154e+00
78.11500000 30.45200000 78.15500000 30.34200000 -1.17891364e+00
78.11500000 30.45200000 78.61700000 30.80600000 -1.82236524e+00
78.11500000 30.45200000 78.36500000 30.40400000 -9.84193739e-01
78.15500000 30.34200000 78.18700000 30.19100000 -1.19380747e+00
78.15500000 30.34200000 78.36800000 30.39400000 -6.32790716e-01
78.15500000 30.34200000 78.36500000 30.40400000 -6.33375286e-01
78.18700000 30.19100000 78.36800000 30.39400000 -1.05657850e+00
78.18700000 30.19100000 78.68000000 29.84800000 -2.43599019e+00
78.36800000 30.39400000 78.61700000 30.80600000 -3.76049359e+00
78.36800000 30.39400000 78.68000000 29.84800000 -3.78455323e+00
78.36800000 30.39400000 79.09000000 30.29800000 4.29902558e-01
78.60800001 25.45200000 80.94300001 26.89100000 -2.80933550e-01
78.60800001 25.45200000 85.92499999 26.71100000 -3.52516412e-01
78.60800001 25.45200000 79.08000000 29.23000000 -9.27070410e-01
78.60800001 25.45200000 91.23700000 25.00000000 1.08779595e-01
78.61700000 30.80600000 78.75400000 31.03700000 -1.08299964e+00
78.61700000 30.80600000 79.09000000 30.29800000 -2.41124818e+00
78.61700000 30.80600000 78.36500000 30.40400000 -3.63142252e+00
78.61700000 30.80600000 78.67600000 30.99700000 -9.79769815e-01
78.61700000 30.80600000 79.21100000 30.48600000 -1.69947284e+00
78.66000000 33.20900000 78.97300000 32.77900000 -1.99743479e-01
78.68000000 29.84800000 79.09000000 30.29800000 -5.30255191e+00
78.68000000 29.84800000 77.17200000 28.54400000 6.37672269e-01
78.68000000 29.84800000 79.08000000 29.23000000 -1.22036693e+00
78.68000000 29.84800000 79.43000000 29.64000000 -6.57976681e-02
78.75400000 31.03700000 79.49300000 30.74300000 -8.76833205e-02
78.75400000 31.03700000 78.67600000 30.99700000 -9.27351806e-02
78.75400000 31.03700000 79.21100000 30.48600000 -3.03437489e+00
79.09000000 30.29800000 79.19400000 30.32900000 -4.19161863e-01
79.09000000 30.29800000 79.21100000 30.48600000 -2.18912415e+00
79.09000000 30.29800000 79.43000000 29.64000000 -5.10573118e+00
79.19400000 30.32900000 79.21100000 30.48600000 -1.43214475e+00
79.19400000 30.32900000 79.55900000 30.53100000 -1.44056617e+00
79.19400000 30.32900000 79.43000000 29.64000000 -5.85789014e+00
79.19400000 30.32900000 79.77000000 29.82000000 -2.95028721e+00
79.49300000 30.74300000 79.21100000 30.48600000 -1.90800153e+00
79.49300000 30.74300000 79.55900000 30.53100000 -2.50441660e+00
80.24000000 30.06000000 79.55900000 30.53100000 -5.69072768e-02
80.24000000 30.06000000 80.04100000 29.83800000 -4.44980516e+00
80.24000000 30.06000000 79.77000000 29.82000000 -3.93532288e+00
80.24000000 30.06000000 80.34000000 29.76000000 -4.24074052e+00
80.24000000 30.06000000 80.56000000 29.86000000 9.05520186e-02
80.94300001 26.89100000 80.14800001 28.96300000 -6.97099379e-01
80.94300001 26.89100000 81.11600000 28.61300000 -3.58112736e-01
80.94300001 26.89100000 81.57500000 28.13400000 -9.56350018e-01
80.94300001 26.89100000 82.09500000 28.01000000 6.88637920e-01
80.94300001 26.89100000 82.54000000 27.78600000 -6.65410377e-01
80.94300001 26.89100000 80.58200000 28.75400000 3.32462999e+00
80.94300001 26.89100000 81.61500000 28.04900000 -8.57256086e-01
80.94300001 26.89100000 85.92499999 26.71100000 1.71440934e-02
80.94300001 26.89100000 79.08000000 29.23000000 -3.41851217e-01
88.56900000 27.36500000 88.91000000 27.49000000 -4.61885849e-01
88.56900000 27.36500000 87.70999999 27.35200000 -7.70162219e-01
88.56900000 27.36500000 88.70200000 27.02400000 -2.02211071e+00
88.56900000 27.36500000 88.50300000 27.08900000 -1.68666707e+00
89.39200000 26.84900000 92.41500000 27.27000000 -2.21622690e+00
89.39200000 26.84900000 89.63500000 27.47200000 -7.58907802e-01
89.39200000 26.84900000 88.73800000 26.75100000 -1.13572717e+00
89.39200000 26.84900000 88.93600000 26.96500000 3.73036757e-01
89.39200000 26.84900000 91.23700000 25.00000000 -9.02033154e-01
92.43900000 28.43200000 92.41500000 27.27000000 -8.19310738e+00
80.14800001 28.96300000 80.63600000 29.01200000 2.63140873e-01
80.14800001 28.96300000 80.58200000 28.75400000 1.21387654e+00
80.14800001 28.96300000 79.08000000 29.23000000 -7.87237998e-02
80.14800001 28.96300000 79.51000001 29.21000000 -5.36310671e-02
80.14800001 28.96300000 80.18000000 29.10000000 -6.83758113e-01
80.60200000 29.33400000 80.72100000 29.52700000 -2.90630683e+00
80.60200000 29.33400000 80.50100000 29.73400000 -3.81697008e+00
80.60200000 29.33400000 80.62600000 29.17700000 -7.58627855e-01
80.60200000 29.33400000 81.20100000 29.47400000 -1.27145529e+00
80.60200000 29.33400000 80.09000000 29.33000000 -1.59704516e-01
80.60200000 29.33400000 80.18000000 29.10000000 -7.98321834e-01
80.60200000 29.33400000 80.23000000 29.59000000 5.16273109e-02
80.63600000 29.01200000 81.11600000 28.61300000 1.92929765e-01
80.63600000 29.01200000 81.35300000 28.82400000 3.23585527e-01
80.63600000 29.01200000 80.58200000 28.75400000 5.23370087e-01
80.63600000 29.01200000 80.62600000 29.17700000 -5.56479581e-01
80.63600000 29.01200000 81.20100000 29.47400000 -4.53688519e+00
80.63600000 29.01200000 80.18000000 29.10000000 1.48602333e-01
80.72100000 29.52700000 80.50100000 29.73400000 -4.06019242e-01
80.72100000 29.52700000 81.20100000 29.47400000 9.40238370e-01
80.72100000 29.52700000 80.56000000 29.86000000 -3.54966574e+00
81.11600000 28.61300000 81.35300000 28.82400000 -8.95115465e-01
81.11600000 28.61300000 81.57500000 28.13400000 -6.11953262e-01
81.11600000 28.61300000 81.63400000 28.58300000 -2.40257515e-01
81.11600000 28.61300000 81.69100000 28.40700000 2.98104961e-02
81.11600000 28.61300000 80.58200000 28.75400000 2.32715618e-01
81.35300000 28.82400000 81.63400000 28.58300000 -1.70442044e-01
81.35300000 28.82400000 81.63500000 28.58600000 -1.58832363e-01
81.35300000 28.82400000 81.20100000 29.47400000 -5.31386073e+00
81.35300000 28.82400000 81.71400000 28.65600000 7.45271541e-03
81.35300000 28.82400000 82.19300000 29.27800000 -6.38478175e+00
81.57500000 28.13400000 81.69100000 28.40700000 -2.18134261e-01
81.63400000 28.58300000 81.69100000 28.40700000 -1.02015756e-01
81.63400000 28.58300000 81.71400000 28.65600000 -4.70381054e-01
81.63500000 28.58600000 81.71400000 28.65600000 -4.56158305e-01
81.69100000 28.40700000 82.09500000 28.01000000 1.73327715e-02
81.69100000 28.40700000 82.34700000 28.24900000 -4.09487138e-01
81.69100000 28.40700000 81.59500000 28.11700000 -2.88540359e-01
81.69100000 28.40700000 81.71400000 28.65600000 -6.64113528e-01
82.09500000 28.01000000 82.24700000 28.03000000 4.59132494e-01
82.09500000 28.01000000 82.34700000 28.24900000 -4.98634899e-01
82.09500000 28.01000000 82.54000000 27.78600000 -8.73182452e-01
82.09500000 28.01000000 81.59500000 28.11700000 4.12415095e-01
82.09500000 28.01000000 81.61500000 28.04900000 4.86297381e-01
82.24700000 28.03000000 82.34700000 28.24900000 -2.80196834e-01
82.24700000 28.03000000 82.54000000 27.78600000 -2.50273895e+00
82.24700000 28.03000000 82.49100000 27.95100000 -2.28013922e+00
82.24700000 28.03000000 82.57300000 28.06300000 -2.31466036e+00
82.34700000 28.24900000 81.71400000 28.65600000 -1.59859863e-01
82.34700000 28.24900000 82.81800000 28.98400000 -9.73009406e+00
82.34700000 28.24900000 82.57300000 28.06300000 -1.85734487e-01
82.50400000 27.95100000 82.54000000 27.78600000 -1.02680034e+00
82.50400000 27.95100000 82.57300000 28.06300000 -5.55525735e-01
82.54000000 27.78600000 82.78500000 27.56800000 -1.26076228e-01
82.54000000 27.78600000 82.49100000 27.95100000 -1.02664121e+00
82.54000000 27.78600000 82.57300000 28.06300000 -1.79980380e+00
82.78500000 27.56800000 82.57300000 28.06300000 -1.59603004e+00
82.78500000 27.56800000 83.41800000 27.50700000 4.57984934e-02
82.78500000 27.56800000 83.55400000 27.87400000 4.74836397e-01
85.00799999 27.31600000 85.39799999 27.57500000 -1.01309018e+00
85.00799999 27.31600000 84.98499999 27.16600000 5.45030536e-01
85.00799999 27.31600000 85.10799999 27.60800000 -1.20345938e+00
85.00799999 27.31600000 84.43000000 27.67800000 -1.74205909e-01
85.21000000 29.44000000 84.41000000 28.37500000 -3.75942379e+00
85.21000000 29.44000000 85.74100000 29.59100000 -4.44054062e-01
85.22199999 28.01500000 85.32899999 28.17100000 -1.16404370e+00
85.22199999 28.01500000 84.38000000 28.22900000 7.12175064e-01
85.22199999 28.01500000 84.41000000 28.37500000 1.77639953e-01
85.22199999 28.01500000 85.10799999 27.60800000 -4.41866514e+00
85.22199999 28.01500000 85.27899999 27.80100000 -2.82867647e+00
85.22199999 28.01500000 85.31399999 28.20700000 -1.45787672e+00
85.22199999 28.01500000 84.43000000 27.67800000 -2.39476733e+00
85.27999999 27.69300000 85.10799999 27.60800000 -3.00147198e-01
85.27999999 27.69300000 85.27899999 27.80100000 -9.23250981e-01
85.27999999 27.69300000 85.28799999 27.68200000 -4.18500851e-02
85.27999999 27.69300000 85.35799999 27.69700000 -3.15466505e-02
85.32899999 28.17100000 85.27899999 27.80100000 -4.42487527e+00
85.32899999 28.17100000 85.52099999 27.69300000 -4.78406577e+00
85.32899999 28.17100000 85.87699999 27.91000000 -1.08603946e+00
85.39799999 27.57500000 85.79399999 27.74500000 -2.02861620e+00
85.39799999 27.57500000 84.98499999 27.16600000 -6.79622982e-01
85.39799999 27.57500000 85.10799999 27.60800000 -5.71181322e-02
85.39799999 27.57500000 85.28799999 27.68200000 -2.90473820e-01
85.39799999 27.57500000 85.52099999 27.69300000 -6.54920227e-01
85.39799999 27.57500000 85.35799999 27.69700000 -4.58993734e-01
85.39799999 27.57500000 85.92499999 26.71100000 -1.19090569e+00
85.79399999 27.74500000 86.22999999 27.63500000 4.38484850e-01
85.79399999 27.74500000 85.52099999 27.69300000 -1.16461652e+00
85.79399999 27.74500000 85.87699999 27.91000000 -1.86356535e+00
85.79399999 27.74500000 85.92499999 26.71100000 -4.67949564e+00
86.01999999 28.29000000 86.82699999 28.19400000 -1.09161459e+00
86.01999999 28.30000000 85.31399999 28.20700000 1.14462178e+00
86.01999999 28.30000000 86.82699999 28.19400000 -1.11503105e+00
86.22999999 27.63500000 85.87699999 27.91000000 -1.91854456e-02
86.22999999 27.63500000 86.54999999 27.30500000 -3.26760207e-01
86.22999999 27.63500000 86.71199999 27.81400000 -4.12624176e-01
86.22999999 27.63500000 85.92499999 26.71100000 -6.73052265e+00
86.22999999 27.63500000 86.71499999 27.80300000 -3.11755322e-01
86.22999999 27.63500000 86.72499999 27.68300000 8.06194875e-01
86.81299999 27.95800000 86.71199999 27.81400000 -2.12996626e-01
86.81299999 27.95800000 86.82299999 27.89400000 -5.57062152e-02
86.81299999 27.95800000 86.82699999 28.19400000 -1.27454115e-01
86.81299999 27.95800000 86.92899999 27.97300000 -1.85972769e-01
87.57700000 29.11800000 87.15499999 28.63000000 -4.33650426e-01
87.57700000 29.11800000 88.86400000 29.25000000 -4.36294490e-02
78.70400000 33.19100000 85.74100000 29.59100000 -3.95083910e-02
92.41500000 27.27000000 89.63500000 27.47200000 -8.51286896e-01
92.41500000 27.27000000 91.23700000 25.00000000 -7.48959918e+00
80.50100000 29.73400000 80.23000000 29.59000000 -3.18604792e+00
80.50100000 29.73400000 80.34000000 29.76000000 -3.12097425e-02
80.50100000 29.73400000 80.56000000 29.86000000 -1.90785792e+00
80.62600000 29.17700000 81.20100000 29.47400000 -3.15746944e+00
80.62600000 29.17700000 80.18000000 29.10000000 4.02418685e-02
81.20100000 29.47400000 81.80700000 29.96900000 -5.55233416e+00
81.20100000 29.47400000 82.19300000 29.27800000 -7.10316518e-01
81.20100000 29.47400000 80.56000000 29.86000000 -5.77571827e-01
81.71400000 28.65600000 82.19300000 29.27800000 -8.28394704e+00
81.71400000 28.65600000 82.81800000 28.98400000 -4.67099744e+00
81.80700000 29.96900000 82.19300000 29.27800000 -3.47503336e+00
82.19300000 29.27800000 82.81800000 28.98400000 1.72188037e+00
82.49100000 27.95100000 82.57300000 28.06300000 -5.07931524e-01
82.81800000 28.98400000 83.74300000 28.80500000 -7.49549491e-01
82.81800000 28.98400000 83.89500000 29.17900000 3.37289347e-01
82.81800000 28.98400000 82.57300000 28.06300000 -9.04273021e+00
82.81800000 28.98400000 83.71800000 28.78100000 -9.04623248e-01
83.60300000 27.76700000 83.82600000 27.45700000 -4.62081448e-01
83.60300000 27.76700000 84.13000000 27.64800000 -5.52213547e-01
83.60300000 27.76700000 83.41800000 27.50700000 2.54615095e-01
83.60300000 27.76700000 83.55400000 27.87400000 -2.69190882e-01
83.60300000 27.76700000 83.97800000 28.19900000 -2.51552772e+00
83.74300000 28.80500000 83.89500000 29.17900000 -1.89406164e+00
83.74300000 28.80500000 83.93600000 28.26000000 -3.97636592e+00
83.74300000 28.80500000 84.41000000 28.37500000 -1.79100358e+00
83.82600000 27.45700000 84.13000000 27.64800000 9.28137631e-02
83.82600000 27.45700000 84.98499999 27.16600000 1.41097593e-01
83.82600000 27.45700000 83.41800000 27.50700000 4.25888211e-03
83.93600000 28.26000000 84.41000000 28.37500000 -1.50611639e+00
83.93600000 28.26000000 83.55400000 27.87400000 -2.78967607e+00
83.93600000 28.26000000 83.71800000 28.78100000 -3.83582719e+00
84.13000000 27.64800000 84.26500000 27.97300000 -1.58402657e+00
84.13000000 27.64800000 84.98499999 27.16600000 2.84475403e-01
84.13000000 27.64800000 83.97800000 28.19900000 -2.61226914e+00
84.13000000 27.64800000 84.43000000 27.67800000 -9.90382792e-02
84.26500000 27.97300000 84.38000000 28.22900000 -3.25737774e+00
84.26500000 27.97300000 83.97800000 28.19900000 -7.63771509e-01
84.26500000 27.97300000 84.43000000 27.67800000 -9.64626888e-01
84.38000000 28.22900000 84.41000000 28.37500000 -1.08732570e+00
84.38000000 28.22900000 83.97800000 28.19900000 -1.06086849e+00
84.38000000 28.22900000 84.43000000 27.67800000 -4.21870165e+00
84.41000000 28.37500000 85.31399999 28.20700000 8.24962143e-01
84.41000000 28.37500000 83.97800000 28.19900000 -2.06969124e+00
84.98499999 27.16600000 84.43000000 27.67800000 -3.35229395e-02
84.98499999 27.16600000 85.92499999 26.71100000 -8.29171712e-01
85.10799999 27.60800000 85.27899999 27.80100000 -1.21821183e+00
85.10799999 27.60800000 85.28799999 27.68200000 -2.48857178e-01
85.10799999 27.60800000 84.43000000 27.67800000 1.57849857e-01
85.27899999 27.80100000 85.52099999 27.69300000 -4.43184457e-01
85.27899999 27.80100000 85.35799999 27.69700000 -6.93330396e-01
85.28799999 27.68200000 85.35799999 27.69700000 -4.94933432e-02
85.52099999 27.69300000 85.87699999 27.91000000 -2.81646245e+00
85.52099999 27.69300000 85.35799999 27.69700000 -2.06672704e-01
86.54999999 27.30500000 86.59699999 26.99100000 -3.86080900e+00
86.54999999 27.30500000 85.92499999 26.71100000 -5.65073477e+00
86.54999999 27.30500000 86.72499999 27.68300000 -3.34235021e+00
86.54999999 27.30500000 87.20599999 27.38000000 1.19860471e+00
86.59699999 26.99100000 87.39199999 26.86600000 -8.67840502e-01
86.59699999 26.99100000 85.92499999 26.71100000 -1.52593458e-02
86.59699999 26.99100000 87.20599999 27.38000000 -2.17930198e+00
86.71199999 27.81400000 86.82299999 27.89400000 -2.22118148e-01
87.39199999 26.86600000 87.70999999 27.35200000 -3.14766362e+00
87.39199999 26.86600000 88.18500000 26.88300000 2.73680678e-01
87.39199999 26.86600000 88.35000000 26.71100000 -1.65963853e-01
87.39199999 26.86600000 85.92499999 26.71100000 4.07164753e-01
87.39199999 26.86600000 87.20599999 27.38000000 -5.95323000e+00
87.70999999 27.35200000 88.40000000 26.98000000 -2.74514235e+00
87.70999999 27.35200000 88.18500000 26.88300000 -4.12835330e+00
87.70999999 27.35200000 86.92899999 27.97300000 -2.96356842e+00
87.70999999 27.35200000 87.20599999 27.38000000 2.62661887e-01
87.70999999 27.35200000 88.50300000 27.08900000 -1.99435977e+00
77.60000000 34.12800000 76.16200000 34.55900000 -5.56024105e-02
88.40000000 26.98000000 88.18500000 26.88300000 4.05000014e-01
88.40000000 26.98000000 88.35000000 26.71100000 -8.65607392e-01
88.40000000 26.98000000 88.56900000 26.88900000 -3.99845544e-02
88.40000000 26.98000000 88.50300000 27.08900000 -8.26842428e-01
88.68000000 27.00000000 88.56900000 26.88900000 -7.16159203e-01
88.68000000 27.00000000 88.70200000 27.02400000 -2.39780051e-01
88.68000000 27.00000000 88.75300000 26.88100000 -3.86705750e-01
88.68000000 27.00000000 88.79100000 27.01000000 -6.32058435e-02
88.68000000 27.00000000 88.50300000 27.08900000 -1.28632626e-01
88.18500000 26.88300000 88.35000000 26.71100000 -4.98360365e-01
88.35000000 26.71100000 88.56900000 26.88900000 -2.39560206e-01
88.35000000 26.71100000 88.73800000 26.75100000 -8.62947362e-02
88.35000000 26.71100000 85.92499999 26.71100000 2.91810552e-01
88.35000000 26.71100000 91.23700000 25.00000000 -1.02036606e+00
88.56900000 26.88900000 88.73800000 26.75100000 -2.74072995e-01
88.56900000 26.88900000 88.75300000 26.88100000 -8.91593472e-02
88.56900000 26.88900000 88.50300000 27.08900000 -1.18759797e+00
88.70200000 27.02400000 88.79100000 27.01000000 4.21016596e-02
88.70200000 27.02400000 88.50300000 27.08900000 -1.33504292e-02
88.73800000 26.75100000 88.75300000 26.88100000 -2.67414928e-01
88.73800000 26.75100000 88.93600000 26.96500000 -9.67117953e-01
88.73800000 26.75100000 91.23700000 25.00000000 -8.81674878e-01
88.75300000 26.88100000 88.79100000 27.01000000 -7.90043399e-01
88.75300000 26.88100000 88.93600000 26.96500000 -5.86644399e-01
88.79100000 27.01000000 88.93600000 26.96500000 1.35048032e-01
77.17200000 28.54400000 79.08000000 29.23000000 -4.79577201e-01
79.21100000 30.48600000 79.55900000 30.53100000 5.95596662e-01
79.55900000 30.53100000 79.77000000 29.82000000 -6.70010418e+00
79.62000000 29.63800000 79.43000000 29.64000000 1.38907924e-01
79.62000000 29.63800000 79.65000000 29.59000000 1.19803292e-01
79.62000000 29.63800000 79.77000000 29.82000000 -1.74946979e+00
80.04100000 29.83800000 79.77000000 29.82000000 -5.01812312e-01
80.04100000 29.83800000 79.90000000 29.78000000 -8.29020657e-01
80.04100000 29.83800000 80.23000000 29.59000000 -9.26305490e-01
80.04100000 29.83800000 80.34000000 29.76000000 -2.24639589e-01
82.57300000 28.06300000 83.55400000 27.87400000 6.23252484e-01
82.57300000 28.06300000 83.71800000 28.78100000 -3.09987108e+00
83.41800000 27.50700000 83.55400000 27.87400000 -1.65861964e-01
83.55400000 27.87400000 83.71800000 28.78100000 -6.86792266e+00
83.55400000 27.87400000 83.97800000 28.19900000 -2.27471156e+00
85.92499999 26.71100000 91.23700000 25.00000000 -1.44877382e-01
86.71499999 27.80300000 86.72499999 27.68300000 -2.85415964e-01
86.71499999 27.80300000 86.82299999 27.89400000 -2.22730434e-01
86.72499999 27.68300000 86.82299999 27.89400000 -4.37799093e-01
86.72499999 27.68300000 87.20599999 27.38000000 -2.04349578e+00
86.82299999 27.89400000 86.92899999 27.97300000 -9.79979247e-02
86.82299999 27.89400000 87.20599999 27.38000000 -3.19422793e+00
86.82699999 28.19400000 86.92899999 27.97300000 -2.86088199e-01
86.92899999 27.97300000 87.20599999 27.38000000 -3.49081721e+00
79.08000000 29.23000000 79.43000000 29.64000000 5.42325516e-01
79.08000000 29.23000000 79.51000001 29.21000000 -5.95887140e-02
79.43000000 29.64000000 79.51000001 29.21000000 5.54013093e-01
79.43000000 29.64000000 79.65000000 29.59000000 3.29262907e-01
79.43000000 29.64000000 79.77000000 29.82000000 -1.29724482e+00
79.51000001 29.21000000 79.65000000 29.59000000 -5.49073147e-01
79.51000001 29.21000000 80.09000000 29.33000000 -1.25837958e+00
79.51000001 29.21000000 80.18000000 29.10000000 1.12546325e+00
79.65000000 29.59000000 79.77000000 29.82000000 -1.86378845e+00
79.65000000 29.59000000 79.90000000 29.78000000 -1.81379863e+00
79.65000000 29.59000000 80.09000000 29.33000000 -2.79059994e-01
79.77000000 29.82000000 79.90000000 29.78000000 -9.51016164e-03
79.90000000 29.78000000 80.09000000 29.33000000 -1.24531515e+00
79.90000000 29.78000000 80.23000000 29.59000000 -1.14106531e-01
80.09000000 29.33000000 80.18000000 29.10000000 -1.83406021e-01
80.09000000 29.33000000 80.23000000 29.59000000 -1.29735903e+00
80.23000000 29.59000000 80.34000000 29.76000000 -2.65493747e+00
80.34000000 29.76000000 80.56000000 29.86000000 -1.24394528e+00
73.24900000 34.42000000 73.39100000 33.89500000 2.85253285e-02
73.24900000 34.42000000 73.65300000 33.97800000 3.31557943e-02
73.24900000 34.42000000 73.93500000 33.93000000 6.22422548e-02
73.24900000 34.42000000 74.48400000 34.09500000 2.10065699e-01
73.24900000 34.42000000 74.97400000 34.35300000 4.89182426e-01
73.39100000 33.89500000 73.65300000 33.97800000 2.44715162e-02
73.39100000 33.89500000 73.75200000 33.87100000 3.40629794e-02
73.39100000 33.89500000 74.34700000 33.39500000 8.32246269e-01
73.65300000 33.97800000 73.75200000 33.87100000 1.44905099e-02
73.65300000 33.97800000 73.93500000 33.93000000 3.87751888e-02
73.75200000 33.87100000 73.93500000 33.93000000 3.29363956e-02
73.75200000 33.87100000 74.34700000 33.39500000 4.42624692e-01
73.93500000 33.93000000 74.34700000 33.39500000 1.43238689e-03
73.93500000 33.93000000 74.48400000 34.09500000 6.18845652e-01
73.93500000 33.93000000 74.59300000 33.99300000 7.20841823e-01
74.34700000 33.39500000 74.59300000 33.99300000 5.68274089e-02
74.34700000 33.39500000 75.03700000 33.59500000 9.98168650e-01
74.48400000 34.09500000 74.59300000 33.99300000 -3.68047063e-01
74.48400000 34.09500000 74.81700000 34.10900000 2.72283499e-01
74.48400000 34.09500000 74.83700000 34.13000000 3.11862542e-01
74.48400000 34.09500000 74.97400000 34.35300000 4.06679902e-01
74.59300000 33.99300000 74.81700000 34.10900000 1.42579703e-01
74.59300000 33.99300000 75.03700000 33.59500000 7.48463994e-02
74.81700000 34.10900000 74.83700000 34.13000000 -2.27834630e-02
74.81700000 34.10900000 74.88900000 34.12000000 4.73407462e-02
74.81700000 34.10900000 75.03700000 33.59500000 -5.36586475e-01
74.83700000 34.13000000 74.88900000 34.12000000 2.86293501e-02
74.83700000 34.13000000 74.97400000 34.35300000 -2.46427108e-01
74.83700000 34.13000000 75.04500000 34.22700000 4.96896081e-02
74.88900000 34.12000000 75.03700000 33.59500000 -6.62732751e-01
74.88900000 34.12000000 75.04500000 34.22700000 -3.03300407e-02
74.88900000 34.12000000 75.27200000 34.10000000 6.64238949e-02
74.97400000 34.35300000 75.04500000 34.22700000 -2.31802247e-01
74.97400000 34.35300000 75.32500000 34.29200000 -3.57064100e-02
74.97400000 34.35300000 75.76900000 34.42400000 1.45188719e-01
75.03700000 33.59500000 75.27200000 34.10000000 -9.82156763e-01
75.04500000 34.22700000 75.27200000 34.10000000 -1.30421189e-01
75.04500000 34.22700000 75.32500000 34.29200000 -3.33156946e-02
75.27200000 34.10000000 75.32500000 34.29200000 -3.63098772e-01
75.27200000 34.10000000 75.76900000 34.42400000 -4.16224480e-01
75.32500000 34.29200000 75.76900000 34.42400000 4.12455442e-03
75.76900000 34.42400000 76.16200000 34.55900000 -1.15415489e-01
