79.09800000 31.88700000 79.81400000 31.49800000 -7.78227936e-01
79.09800000 31.88700000 80.29300000 31.71100000 -9.71048162e-01
79.09800000 31.88700000 77.92100000 32.36400000 7.36473989e-01
79.09800000 31.88700000 78.75400000 31.03700000 -2.15296300e+00
79.09800000 31.88700000 78.97300000 32.77900000 -1.76554468e-01
79.09800000 31.88700000 78.67600000 30.99700000 -2.57439828e+00
79.81400000 31.49800000 80.29300000 31.71100000 -1.60505723e-01
79.81400000 31.49800000 80.42900000 30.96100000 -4.96641717e-01
79.81400000 31.49800000 78.75400000 31.03700000 -1.40427300e+00
79.81400000 31.49800000 79.49300000 30.74300000 -1.07036769e+00
80.29300000 31.71100000 80.42900000 30.96100000 3.20110852e-01
80.29300000 31.71100000 81.42800000 30.83700000 2.90015876e-01
80.29300000 31.71100000 78.97300000 32.77900000 2.69959023e-01
80.42900000 30.96100000 81.17600000 30.29000000 -1.02835880e+00
80.42900000 30.96100000 81.42800000 30.83700000 4.30315408e-01
80.42900000 30.96100000 79.49300000 30.74300000 -1.14712032e+00
80.42900000 30.96100000 80.24000000 30.06000000 -4.55611756e+00
80.42900000 30.96100000 79.55900000 30.53100000 -2.75652665e+00
81.17600000 30.29000000 81.42800000 30.83700000 -8.10437021e-01
81.17600000 30.29000000 81.85600000 30.71600000 -6.57123579e-01
81.17600000 30.29000000 80.24000000 30.06000000 -2.47225333e+00
81.17600000 30.29000000 81.20100000 29.47400000 -5.80413483e+00
81.17600000 30.29000000 81.80700000 29.96900000 9.03884972e-01
81.17600000 30.29000000 80.56000000 29.86000000 -4.31249344e+00
81.42800000 30.83700000 81.85600000 30.71600000 5.31490408e-02
81.85600000 30.71600000 82.83200000 30.38900000 -5.26563346e-01
81.85600000 30.71600000 81.80700000 29.96900000 -1.51415793e+00
82.83200000 30.38900000 83.24000000 29.80000000 -3.86300604e-01
82.83200000 30.38900000 84.03900000 29.72100000 -9.45980496e-01
82.83200000 30.38900000 81.80700000 29.96900000 -6.98667251e-01
82.83200000 30.38900000 82.19300000 29.27800000 -3.95160737e+00
82.83200000 30.38900000 85.74100000 29.59100000 3.91277440e-01
83.24000000 29.80000000 84.03900000 29.72100000 -6.39860580e-03
83.24000000 29.80000000 84.04300000 29.53400000 -3.52199276e-01
83.24000000 29.80000000 82.19300000 29.27800000 -2.24899605e+00
83.24000000 29.80000000 82.81800000 28.98400000 -2.36089671e+00
83.24000000 29.80000000 83.89500000 29.17900000 -1.68082106e+00
84.03900000 29.72100000 84.15600000 29.68000000 5.84468046e-02
84.03900000 29.72100000 84.04300000 29.53400000 -6.51343225e-01
84.03900000 29.72100000 85.74100000 29.59100000 4.80736524e-01
84.15600000 29.68000000 84.04300000 29.53400000 -4.90999127e-01
84.15600000 29.68000000 85.21000000 29.44000000 6.22116393e-01
84.15600000 29.68000000 85.74100000 29.59100000 3.18803185e-01
85.44200000 28.95900000 85.64000000 29.44100000 -1.45648485e+00
85.44200000 28.95900000 86.38699999 28.68700000 -2.20182212e-01
85.44200000 28.95900000 85.21000000 29.44000000 -4.92844841e-01
85.44200000 28.95900000 86.01999999 28.30000000 7.04492652e-01
85.44200000 28.95900000 84.41000000 28.37500000 -3.50418255e+00
85.44200000 28.95900000 85.31399999 28.20700000 -3.65367716e+00
85.64000000 29.44100000 86.38699999 28.68700000 -9.44493913e-01
85.64000000 29.44100000 85.21000000 29.44000000 -1.78759310e-01
85.64000000 29.44100000 85.74100000 29.59100000 -1.99625922e-01
85.97499999 28.14900000 85.32899999 28.17100000 -4.52421976e-01
85.97499999 28.14900000 86.01999999 28.29000000 -1.11280512e+00
85.97499999 28.14900000 86.01999999 28.30000000 -1.16449435e+00
85.97499999 28.14900000 86.22999999 27.63500000 -2.33937484e+00
85.97499999 28.14900000 86.81299999 27.95800000 -3.00458194e-01
85.97499999 28.14900000 85.31399999 28.20700000 -7.79539473e-02
85.97499999 28.14900000 85.87699999 27.91000000 -2.83521602e+00
85.97499999 28.14900000 86.71199999 27.81400000 9.27163113e-02
85.97499999 28.14900000 86.82699999 28.19400000 -8.49888421e-01
86.38699999 28.68700000 86.96699999 28.39200000 -2.59118110e-01
86.38699999 28.68700000 87.05999999 28.58700000 -9.98071156e-02
86.38699999 28.68700000 87.08600000 29.32000000 -5.41685841e-01
86.38699999 28.68700000 86.93999999 28.35700000 -2.97699508e-01
86.38699999 28.68700000 86.01999999 28.30000000 -2.55550608e+00
86.38699999 28.68700000 86.82699999 28.19400000 -5.39659415e-01
86.38699999 28.68700000 85.74100000 29.59100000 -9.80266391e-01
86.94099999 28.35700000 86.82699999 28.19400000 -3.63474533e-01
86.94099999 28.35700000 86.92899999 27.97300000 -5.18297721e-01
86.96699999 28.39200000 87.05999999 28.58700000 -4.14588755e-01
86.96699999 28.39200000 87.76900000 28.53800000 -6.77012631e-01
86.96699999 28.39200000 86.92899999 27.97300000 -5.82054656e-01
86.96699999 28.39200000 87.15499999 28.63000000 -5.22175685e-01
87.05999999 28.58700000 87.08600000 29.32000000 -1.38844080e+00
87.05999999 28.58700000 87.15499999 28.63000000 -8.43783957e-02
87.08600000 29.32000000 85.74100000 29.59100000 -9.51351960e-01
87.18400000 29.26900000 87.57700000 29.11800000 3.12547082e-02
87.18400000 29.26900000 87.15499999 28.63000000 -1.21606267e+00
87.76900000 28.53800000 88.56000000 28.24400000 -2.41334261e+00
87.76900000 28.53800000 88.86500000 29.24900000 -1.31836924e+00
87.76900000 28.53800000 87.57700000 29.11800000 -1.17217748e+00
87.76900000 28.53800000 87.70999999 27.35200000 -4.99753516e+00
87.76900000 28.53800000 86.92899999 27.97300000 -1.24560063e+00
87.76900000 28.53800000 87.15499999 28.63000000 -2.97932480e-01
87.76900000 28.53800000 88.86400000 29.25000000 -1.31975228e+00
88.56000000 28.24400000 88.86500000 29.24900000 -3.57747594e+00
88.56000000 28.24400000 89.15400000 27.72100000 -1.74611525e+00
88.56000000 28.24400000 89.30500000 27.93100000 6.66422590e-01
88.56000000 28.24400000 89.55600000 28.91100000 -7.52613486e-01
88.56000000 28.24400000 89.62700000 28.31500000 2.57392847e+00
88.56000000 28.24400000 88.56900000 27.36500000 -5.39913731e+00
88.56000000 28.24400000 88.91000000 27.49000000 -3.92916133e+00
88.56000000 28.24400000 87.70999999 27.35200000 -4.41780097e+00
88.86500000 29.24900000 89.55600000 28.91100000 -1.06711666e+00
88.86500000 29.24900000 90.15400000 29.44400000 6.91645113e-02
88.86500000 29.24900000 89.57300000 28.91400000 -1.06242957e+00
88.90600000 27.43700000 89.15400000 27.72100000 -1.27339107e+00
88.90600000 27.43700000 88.56900000 27.36500000 -5.11078486e-01
88.90600000 27.43700000 89.39200000 26.84900000 -2.76898266e-01
88.90600000 27.43700000 89.63500000 27.47200000 -6.54506845e-01
88.90600000 27.43700000 88.70200000 27.02400000 -2.42343276e+00
88.90600000 27.43700000 88.79100000 27.01000000 -2.64129485e+00
88.90600000 27.43700000 88.93600000 26.96500000 -2.59882264e+00
89.15400000 27.72100000 89.30500000 27.93100000 -1.39314739e+00
89.15400000 27.72100000 88.91000000 27.49000000 -1.02712855e+00
89.15400000 27.72100000 89.63500000 27.47200000 -4.92955430e-01
89.30500000 27.93100000 89.62700000 28.31500000 -1.11743253e+00
89.30500000 27.93100000 89.63500000 27.47200000 -2.32609256e+00
89.55600000 28.91100000 89.62700000 28.31500000 -2.30936799e+00
89.55600000 28.91100000 89.91100000 28.61900000 -7.97825686e-01
89.62700000 28.31500000 89.91100000 28.61900000 -1.20023062e+00
89.62700000 28.31500000 90.55800000 28.41900000 -9.30855362e-01
89.62700000 28.31500000 89.63500000 27.47200000 -4.46206016e+00
89.91100000 28.61900000 90.10700000 28.93200000 -1.02563030e+00
89.91100000 28.61900000 90.55800000 28.41900000 3.34477457e-02
89.91100000 28.61900000 89.57300000 28.91400000 -8.29307922e-01
90.10700000 28.93200000 90.15400000 29.44400000 -1.42454769e+00
90.10700000 28.93200000 90.26700000 29.32400000 -1.06671327e+00
90.10700000 28.93200000 90.55800000 28.41900000 -7.61286057e-01
90.10700000 28.93200000 90.95900000 29.27800000 -2.21503243e-01
90.10700000 28.93200000 89.57300000 28.91400000 3.00861539e-01
90.15400000 29.44400000 90.26700000 29.32400000 -1.30461888e-01
90.15400000 29.44400000 78.70400000 33.19100000 1.97570094e-01
90.15400000 29.44400000 89.57300000 28.91400000 -2.99144772e-01
90.15400000 29.44400000 85.74100000 29.59100000 -4.88256049e-01
90.26700000 29.32400000 90.95900000 29.27800000 3.64168073e-01
90.55800000 28.41900000 91.88900000 28.96000000 -1.04404299e+00
90.55800000 28.41900000 91.91000000 27.97100000 4.73448465e-01
90.55800000 28.41900000 89.63500000 27.47200000 -3.32965274e+00
90.55800000 28.41900000 90.95900000 29.27800000 -2.59297217e+00
91.88900000 28.96000000 91.91000000 27.97100000 -2.05027309e+00
91.88900000 28.96000000 92.39900000 28.42200000 8.79169184e-01
91.88900000 28.96000000 93.07300000 29.04400000 -6.57852640e-02
91.88900000 28.96000000 92.43900000 28.43200000 1.02715108e+00
91.88900000 28.96000000 90.95900000 29.27800000 5.52295980e-01
91.91000000 27.97100000 92.39900000 28.42200000 -1.55115573e+00
91.91000000 27.97100000 92.41500000 27.27000000 -5.06835660e+00
91.91000000 27.97100000 89.63500000 27.47200000 -9.35711696e-01
92.39900000 28.42200000 92.41500000 27.27000000 -8.04855517e+00
93.07300000 29.04400000 92.43900000 28.43200000 -1.53720398e+00
93.07300000 29.04400000 92.41500000 27.27000000 -9.00378002e+00
93.07300000 29.04400000 90.95900000 29.27800000 9.82571214e-01
83.95300000 29.17800000 84.04300000 29.53400000 -1.08372951e+00
83.95300000 29.17800000 85.21000000 29.44000000 -6.25918660e-01
83.95300000 29.17800000 83.74300000 28.80500000 -1.73231641e+00
83.95300000 29.17800000 84.41000000 28.37500000 -2.53425267e+00
84.04300000 29.53400000 85.21000000 29.44000000 4.32901820e-01
84.04300000 29.53400000 83.89500000 29.17900000 -1.04996850e+00
86.93999999 28.35700000 86.82699999 28.19400000 -3.62102014e-01
75.36300000 32.56500000 75.88100000 32.30400000 -1.84256712e+00
75.36300000 32.56500000 75.93800000 31.47900000 -1.97580480e+00
75.36300000 32.56500000 75.99300000 32.53600000 -6.40149871e-01
75.36300000 32.56500000 74.34700000 33.39500000 -5.07242894e-01
75.36300000 32.56500000 75.03700000 33.59500000 -1.01897809e-01
75.88100000 32.30400000 75.93800000 31.47900000 1.03123403e+00
75.88100000 32.30400000 75.99300000 32.53600000 -1.15692119e+00
75.88100000 32.30400000 76.29400000 31.89700000 -2.49922640e+00
75.88100000 32.30400000 76.30700000 32.24800000 -2.84278767e-01
75.93800000 31.47900000 76.29400000 31.89700000 3.29057415e+00
75.93800000 31.47900000 76.30700000 31.53800000 9.14148544e-01
75.93800000 31.47900000 77.12600000 28.48200000 1.98243988e-01
75.93800000 31.47900000 77.63000000 30.27600000 -3.84970457e+00
75.93800000 31.47900000 77.17200000 28.54400000 2.14656568e-01
75.93800000 31.47900000 73.39100000 33.89500000 7.78023701e-01
75.93800000 31.47900000 74.34700000 33.39500000 -2.55893994e+00
75.99300000 32.53600000 76.30700000 32.24800000 -1.31561093e+00
75.99300000 32.53600000 76.68900000 32.69800000 1.63728413e-01
75.99300000 32.53600000 75.03700000 33.59500000 -1.79459303e+00
76.29400000 31.89700000 76.30700000 31.53800000 -6.52985609e-02
76.29400000 31.89700000 76.30700000 32.24800000 -2.48122041e+00
76.29400000 31.89700000 76.67300000 31.91900000 -6.29629850e-01
76.30700000 31.53800000 76.67300000 31.91900000 -1.50359753e+00
76.30700000 31.53800000 76.81500000 31.63400000 -6.12554953e-01
76.30700000 31.53800000 77.63000000 30.27600000 -1.91272991e+00
76.30700000 32.24800000 76.67300000 31.91900000 -1.31105430e+00
76.30700000 32.24800000 76.68900000 32.69800000 -2.10262586e+00
76.30700000 32.24800000 77.19200000 32.31700000 -1.06046424e+00
76.67300000 31.91900000 76.81500000 31.63400000 -1.02676567e+00
76.67300000 31.91900000 77.10800000 32.06700000 -3.16661416e+00
76.67300000 31.91900000 77.19200000 32.31700000 -3.76523690e+00
76.68900000 32.69800000 77.17500000 32.63400000 7.78111900e-01
76.68900000 32.69800000 77.19200000 32.31700000 9.23545855e-03
76.68900000 32.69800000 77.42500000 32.79800000 -1.41203927e-01
76.68900000 32.69800000 77.60000000 34.12800000 -1.94670090e+00
76.68900000 32.69800000 75.03700000 33.59500000 -3.44585394e-01
76.68900000 32.69800000 75.27200000 34.10000000 -6.58936357e-01
76.68900000 32.69800000 75.76900000 34.42400000 -9.97062692e-01
76.68900000 32.69800000 76.16200000 34.55900000 -1.18419242e+00
76.81500000 31.63400000 77.10800000 32.06700000 -5.75905757e+00
76.81500000 31.63400000 77.63000000 30.27600000 -2.70331580e+00
76.81500000 31.63400000 78.02100000 30.45900000 -1.36776843e+00
76.81500000 31.63400000 78.67600000 30.99700000 3.39383915e+00
77.10800000 32.06700000 77.19200000 32.31700000 -6.38021569e-01
77.10800000 32.06700000 77.92100000 32.36400000 -1.41115730e+00
77.10800000 32.06700000 78.67600000 30.99700000 2.68789267e+00
77.12600000 28.48200000 78.60800001 25.45200000 -7.07941673e-02
77.12600000 28.48200000 79.08000000 29.23000000 -4.53226697e-01
77.12600000 28.48200000 73.39100000 33.89500000 2.19403381e-01
77.17500000 32.63400000 77.19200000 32.31700000 -1.49928059e+00
77.17500000 32.63400000 77.42500000 32.79800000 -1.06484121e+00
77.19200000 32.31700000 77.42500000 32.79800000 -2.57941806e+00
77.19200000 32.31700000 77.92100000 32.36400000 -9.70049035e-01
77.42500000 32.79800000 77.80800000 33.97200000 2.03236862e+00
77.42500000 32.79800000 77.92100000 32.36400000 -9.01373213e-01
77.42500000 32.79800000 78.66000000 33.20900000 -2.10272436e+00
77.42500000 32.79800000 77.60000000 34.12800000 2.58259758e+00
77.63000000 30.27600000 77.86000000 30.32900000 -1.41494056e-01
77.63000000 30.27600000 77.86800000 30.14700000 1.30941412e-01
77.63000000 30.27600000 78.02100000 30.45900000 -1.11061306e+00
77.63000000 30.27600000 77.17200000 28.54400000 -1.54185330e+00
77.80800000 33.97200000 78.66000000 33.20900000 2.48395586e-01
77.86000000 30.32900000 77.86800000 30.14700000 -2.05316267e-01
77.86000000 30.32900000 77.97400000 30.28500000 4.21204438e-02
77.86000000 30.32900000 78.01400000 30.32900000 -7.92151798e-02
77.86000000 30.32900000 78.02100000 30.45900000 -1.06071045e+00
77.86800000 30.14700000 77.97400000 30.28500000 -3.10703251e-01
77.86800000 30.14700000 77.97900000 30.09500000 -1.52099724e-02
77.92100000 32.36400000 78.66000000 33.20900000 1.21205426e+00
77.92100000 32.36400000 78.97300000 32.77900000 4.29929580e-01
77.92100000 32.36400000 78.67600000 30.99700000 -3.86195263e+00
77.97400000 30.28500000 77.97900000 30.09500000 -2.21827595e-01
77.97400000 30.28500000 78.01400000 30.32900000 -1.84505584e-01
77.97400000 30.28500000 78.18700000 30.19100000 8.89668127e-02
77.97900000 30.09500000 78.18700000 30.19100000 -2.58215437e-01
77.97900000 30.09500000 78.68000000 29.84800000 -1.56637229e-01
77.97900000 30.09500000 77.17200000 28.54400000 -1.64887198e+00
78.01400000 30.32900000 78.02100000 30.45900000 -8.56874717e-01
78.01400000 30.32900000 78.11500000 30.45200000 -1.31631397e+00
78.01400000 30.32900000 78.15500000 30.34200000 -1.31545691e-01
78.01400000 30.32900000 78.18700000 30.19100000 8.71182606e-02
78.02100000 30.45900000 78.11500000 30.45200000 -9.67871158e-02
78.02100000 30.45900000 78.67600000 30.99700000 -6.64540267e+00
78.11500000 30.45200000 78.15500000 30.34200000 -6.82351886e-01
78.11500000 30.45200000 78.61700000 30.80600000 -4.60483398e+00
78.11500000 30.45200000 78.36500000 30.40400000 -3.89546856e-02
78.15500000 30.34200000 78.18700000 30.19100000 -3.52382324e-01
78.15500000 30.34200000 78.36800000 30.39400000 -1.00226094e+00
78.15500000 30.34200000 78.36500000 30.40400000 -1.11500597e+00
78.18700000 30.19100000 78.36800000 30.39400000 -2.02054265e+00
78.18700000 30.19100000 78.68000000 29.84800000 -1.32056386e-01
78.36800000 30.39400000 78.61700000 30.80600000 -5.60000029e+00
78.36800000 30.39400000 78.68000000 29.84800000 -1.33796054e+00
78.36800000 30.39400000 79.09000000 30.29800000 -3.16513209e-01
78.60800001 25.45200000 80.94300001 26.89100000 -3.11767876e-01
78.60800001 25.45200000 85.92499999 26.71100000 -5.63359066e-01
78.60800001 25.45200000 79.08000000 29.23000000 -8.42172999e-01
78.60800001 25.45200000 91.23700000 25.00000000 1.64927375e-01
78.61700000 30.80600000 78.75400000 31.03700000 -2.39367984e+00
78.61700000 30.80600000 79.09000000 30.29800000 -2.68877829e+00
78.61700000 30.80600000 78.36500000 30.40400000 -5.48376117e+00
78.61700000 30.80600000 78.67600000 30.99700000 -2.23657965e+00
78.61700000 30.80600000 79.21100000 30.48600000 -1.27322900e+00
78.66000000 33.20900000 78.97300000 32.77900000 -7.85056230e-01
78.68000000 29.84800000 79.09000000 30.29800000 -4.88958478e+00
78.68000000 29.84800000 77.17200000 28.54400000 -5.34719440e-01
78.68000000 29.84800000 79.08000000 29.23000000 -1.11895917e+00
78.68000000 29.84800000 79.43000000 29.64000000 -2.83531528e-03
78.75400000 31.03700000 79.49300000 30.74300000 -5.81344017e-01
78.75400000 31.03700000 78.67600000 30.99700000 -1.42337899e-01
78.75400000 31.03700000 79.21100000 30.48600000 -3.73962413e+00
79.09000000 30.29800000 79.19400000 30.32900000 -8.98339772e-01
79.09000000 30.29800000 79.21100000 30.48600000 -3.10997086e+00
79.09000000 30.29800000 79.43000000 29.64000000 -3.61827718e+00
79.19400000 30.32900000 79.21100000 30.48600000 -1.59901352e+00
79.19400000 30.32900000 79.55900000 30.53100000 -1.00208689e+00
79.19400000 30.32900000 79.43000000 29.64000000 -5.27869659e+00
79.19400000 30.32900000 79.77000000 29.82000000 -2.01639268e+00
79.49300000 30.74300000 79.21100000 30.48600000 -1.97349678e+00
79.49300000 30.74300000 79.55900000 30.53100000 -2.69644510e+00
80.24000000 30.06000000 79.55900000 30.53100000 3.80197199e-02
80.24000000 30.06000000 80.04100000 29.83800000 -4.70735713e+00
80.24000000 30.06000000 79.77000000 29.82000000 -4.32010745e+00
80.24000000 30.06000000 80.34000000 29.76000000 -4.32750398e+00
80.24000000 30.06000000 80.56000000 29.86000000 -4.93805505e-01
80.94300001 26.89100000 80.14800001 28.96300000 -6.37125100e-01
80.94300001 26.89100000 81.11600000 28.61300000 -2.61853518e-01
80.94300001 26.89100000 81.57500000 28.13400000 -9.64005022e-01
80.94300001 26.89100000 82.09500000 28.01000000 3.24155956e-01
80.94300001 26.89100000 82.54000000 27.78600000 -8.96235098e-01
80.94300001 26.89100000 80.58200000 28.75400000 3.88509588e+00
80.94300001 26.89100000 81.61500000 28.04900000 -8.89690918e-01
80.94300001 26.89100000 85.92499999 26.71100000 -1.38608984e-01
80.94300001 26.89100000 79.08000000 29.23000000 -3.01747565e-01
88.56900000 27.36500000 88.91000000 27.49000000 -6.37371877e-01
88.56900000 27.36500000 87.70999999 27.35200000 -1.46217994e+00
88.56900000 27.36500000 88.70200000 27.02400000 -2.10657215e+00
88.56900000 27.36500000 88.50300000 27.08900000 -1.46194604e+00
89.39200000 26.84900000 92.41500000 27.27000000 -1.90135470e+00
89.39200000 26.84900000 89.63500000 27.47200000 -1.40996292e+00
89.39200000 26.84900000 88.73800000 26.75100000 -7.43626976e-01
89.39200000 26.84900000 88.93600000 26.96500000 3.82098276e-01
89.39200000 26.84900000 91.23700000 25.00000000 -1.74372822e+00
92.43900000 28.43200000 92.41500000 27.27000000 -8.17198999e+00
80.14800001 28.96300000 80.63600000 29.01200000 2.23031466e-01
80.14800001 28.96300000 80.58200000 28.75400000 1.21284165e+00
80.14800001 28.96300000 79.08000000 29.23000000 -9.58821386e-02
80.14800001 28.96300000 79.51000001 29.21000000 -5.68230085e-02
80.14800001 28.96300000 80.18000000 29.10000000 -6.33580954e-01
80.60200000 29.33400000 80.72100000 29.52700000 -2.42907527e+00
80.60200000 29.33400000 80.50100000 29.73400000 -3.31672522e+00
80.60200000 29.33400000 80.62600000 29.17700000 -6.70160189e-01
80.60200000 29.33400000 81.20100000 29.47400000 -2.23752501e+00
80.60200000 29.33400000 80.09000000 29.33000000 -3.48448003e-01
80.60200000 29.33400000 80.18000000 29.10000000 -7.54250166e-01
80.60200000 29.33400000 80.23000000 29.59000000 -8.39805220e-02
80.63600000 29.01200000 81.11600000 28.61300000 1.64349090e-01
80.63600000 29.01200000 81.35300000 28.82400000 2.03106931e-01
80.63600000 29.01200000 80.58200000 28.75400000 5.66526036e-01
80.63600000 29.01200000 80.62600000 29.17700000 -4.79782266e-01
80.63600000 29.01200000 81.20100000 29.47400000 -5.16378343e+00
80.63600000 29.01200000 80.18000000 29.10000000 1.45965633e-01
80.72100000 29.52700000 80.50100000 29.73400000 -7.06684892e-01
80.72100000 29.52700000 81.20100000 29.47400000 1.40251981e-01
80.72100000 29.52700000 80.56000000 29.86000000 -3.40061832e+00
81.11600000 28.61300000 81.35300000 28.82400000 -9.19949782e-01
81.11600000 28.61300000 81.57500000 28.13400000 -8.64613059e-01
81.11600000 28.61300000 81.63400000 28.58300000 -2.30624481e-01
81.11600000 28.61300000 81.69100000 28.40700000 7.35886903e-03
81.11600000 28.61300000 80.58200000 28.75400000 1.95152227e-01
81.35300000 28.82400000 81.63400000 28.58300000 -1.66176997e-01
81.35300000 28.82400000 81.63500000 28.58600000 -1.54500967e-01
81.35300000 28.82400000 81.20100000 29.47400000 -4.94504223e+00
81.35300000 28.82400000 81.71400000 28.65600000 2.87357498e-02
81.35300000 28.82400000 82.19300000 29.27800000 -6.70806212e+00
81.57500000 28.13400000 81.69100000 28.40700000 -4.55611283e-01
81.63400000 28.58300000 81.69100000 28.40700000 -1.76901767e-01
81.63400000 28.58300000 81.71400000 28.65600000 -5.06051517e-01
81.63500000 28.58600000 81.71400000 28.65600000 -4.90965156e-01
81.69100000 28.40700000 82.09500000 28.01000000 -1.46410622e-01
81.69100000 28.40700000 82.34700000 28.24900000 -5.99356510e-02
81.69100000 28.40700000 81.59500000 28.11700000 -5.30821914e-01
81.69100000 28.40700000 81.71400000 28.65600000 -7.80448427e-01
82.09500000 28.01000000 82.24700000 28.03000000 8.16466225e-01
82.09500000 28.01000000 82.34700000 28.24900000 -3.99512223e-01
82.09500000 28.01000000 82.54000000 27.78600000 9.02526572e-01
82.09500000 28.01000000 81.59500000 28.11700000 4.37202938e-01
82.09500000 28.01000000 81.61500000 28.04900000 6.01983343e-01
82.24700000 28.03000000 82.34700000 28.24900000 -4.72344172e-01
82.24700000 28.03000000 82.54000000 27.78600000 2.16958604e-02
82.24700000 28.03000000 82.49100000 27.95100000 -2.59485615e-01
82.24700000 28.03000000 82.57300000 28.06300000 -1.36577498e+00
82.34700000 28.24900000 81.71400000 28.65600000 7.21011404e-02
82.34700000 28.24900000 82.81800000 28.98400000 -9.54988802e+00
82.34700000 28.24900000 82.57300000 28.06300000 9.99804893e-02
82.50400000 27.95100000 82.54000000 27.78600000 -9.88283533e-01
82.50400000 27.95100000 82.57300000 28.06300000 -6.88583567e-01
82.54000000 27.78600000 82.78500000 27.56800000 -5.67506571e-02
82.54000000 27.78600000 82.49100000 27.95100000 -8.41597622e-01
82.54000000 27.78600000 82.57300000 28.06300000 -1.60496309e+00
82.78500000 27.56800000 82.57300000 28.06300000 -1.32401177e+00
82.78500000 27.56800000 83.41800000 27.50700000 -2.79654463e-02
82.78500000 27.56800000 83.55400000 27.87400000 -3.07254456e-01
85.00799999 27.31600000 85.39799999 27.57500000 -9.96967583e-01
85.00799999 27.31600000 84.98499999 27.16600000 5.61676836e-01
85.00799999 27.31600000 85.10799999 27.60800000 -1.10306961e+00
85.00799999 27.31600000 84.43000000 27.67800000 -3.13349610e-01
85.21000000 29.44000000 84.41000000 28.37500000 -4.73439437e+00
85.21000000 29.44000000 85.74100000 29.59100000 -7.12381178e-01
85.22199999 28.01500000 85.32899999 28.17100000 -1.73284364e+00
85.22199999 28.01500000 84.38000000 28.22900000 9.70247309e-01
85.22199999 28.01500000 84.41000000 28.37500000 1.02360370e+00
85.22199999 28.01500000 85.10799999 27.60800000 -4.56204611e+00
85.22199999 28.01500000 85.27899999 27.80100000 -2.80176308e+00
85.22199999 28.01500000 85.31399999 28.20700000 -2.07303408e+00
85.22199999 28.01500000 84.43000000 27.67800000 -3.12200445e+00
85.27999999 27.69300000 85.10799999 27.60800000 -3.17184597e-01
85.27999999 27.69300000 85.27899999 27.80100000 -9.28115331e-01
85.27999999 27.69300000 85.28799999 27.68200000 -3.13960987e-02
85.27999999 27.69300000 85.35799999 27.69700000 -8.53637698e-02
85.32899999 28.17100000 85.27899999 27.80100000 -4.77931985e+00
85.32899999 28.17100000 85.52099999 27.69300000 -4.44785825e+00
85.32899999 28.17100000 85.87699999 27.91000000 -1.12217773e+00
85.39799999 27.57500000 85.79399999 27.74500000 -2.77530660e+00
85.39799999 27.57500000 84.98499999 27.16600000 -5.57292783e-01
85.39799999 27.57500000 85.10799999 27.60800000 -1.69413870e-01
85.39799999 27.57500000 85.28799999 27.68200000 -2.11205219e-01
85.39799999 27.57500000 85.52099999 27.69300000 -7.04017281e-01
85.39799999 27.57500000 85.35799999 27.69700000 -3.07950237e-01
85.39799999 27.57500000 85.92499999 26.71100000 -1.18380121e+00
85.79399999 27.74500000 86.22999999 27.63500000 1.06106641e-01
85.79399999 27.74500000 85.52099999 27.69300000 -1.78780560e+00
85.79399999 27.74500000 85.87699999 27.91000000 -2.12780082e+00
85.79399999 27.74500000 85.92499999 26.71100000 -5.04588297e+00
86.01999999 28.29000000 86.82699999 28.19400000 -1.32008642e+00
86.01999999 28.30000000 85.31399999 28.20700000 -1.05107747e-01
86.01999999 28.30000000 86.82699999 28.19400000 -1.34059305e+00
86.22999999 27.63500000 85.87699999 27.91000000 4.54492762e-01
86.22999999 27.63500000 86.54999999 27.30500000 8.98287760e-01
86.22999999 27.63500000 86.71199999 27.81400000 -1.65758564e+00
86.22999999 27.63500000 85.92499999 26.71100000 -7.31078945e+00
86.22999999 27.63500000 86.71499999 27.80300000 -1.58851813e+00
86.22999999 27.63500000 86.72499999 27.68300000 -7.96125768e-01
86.81299999 27.95800000 86.71199999 27.81400000 -3.15025889e-01
86.81299999 27.95800000 86.82299999 27.89400000 -9.08855514e-02
86.81299999 27.95800000 86.82699999 28.19400000 -3.24452842e-01
86.81299999 27.95800000 86.92899999 27.97300000 -2.77909668e-01
87.57700000 29.11800000 87.15499999 28.63000000 -7.36889697e-01
87.57700000 29.11800000 88.86400000 29.25000000 -7.22691938e-02
78.70400000 33.19100000 85.74100000 29.59100000 1.76007704e-01
92.41500000 27.27000000 89.63500000 27.47200000 -7.33588861e-01
92.41500000 27.27000000 91.23700000 25.00000000 -9.12733353e+00
80.50100000 29.73400000 80.23000000 29.59000000 -2.67724060e+00
80.50100000 29.73400000 80.34000000 29.76000000 -6.26220239e-02
80.50100000 29.73400000 80.56000000 29.86000000 -2.24371564e+00
80.62600000 29.17700000 81.20100000 29.47400000 -3.96182838e+00
80.62600000 29.17700000 80.18000000 29.10000000 9.40050316e-03
81.20100000 29.47400000 81.80700000 29.96900000 -5.27117586e+00
81.20100000 29.47400000 82.19300000 29.27800000 -7.16672513e-01
81.20100000 29.47400000 80.56000000 29.86000000 -5.95286675e-01
81.71400000 28.65600000 82.19300000 29.27800000 -8.23481095e+00
81.71400000 28.65600000 82.81800000 28.98400000 -4.98354000e+00
81.80700000 29.96900000 82.19300000 29.27800000 -3.16323872e+00
82.19300000 29.27800000 82.81800000 28.98400000 1.63677394e+00
82.49100000 27.95100000 82.57300000 28.06300000 -7.39788861e-01
82.81800000 28.98400000 83.74300000 28.80500000 -1.38420844e-01
82.81800000 28.98400000 83.89500000 29.17900000 -1.59463400e-01
82.81800000 28.98400000 82.57300000 28.06300000 -9.26565388e+00
82.81800000 28.98400000 83.71800000 28.78100000 -1.89895004e-01
83.60300000 27.76700000 83.82600000 27.45700000 -1.50505582e-01
83.60300000 27.76700000 84.13000000 27.64800000 1.15542933e-01
83.60300000 27.76700000 83.41800000 27.50700000 -1.39242049e-03
83.60300000 27.76700000 83.55400000 27.87400000 -2.24133618e-01
83.60300000 27.76700000 83.97800000 28.19900000 -2.97320826e+00
83.74300000 28.80500000 83.89500000 29.17900000 -1.77056738e+00
83.74300000 28.80500000 83.93600000 28.26000000 -3.41723823e+00
83.74300000 28.80500000 84.41000000 28.37500000 -1.15954707e+00
83.82600000 27.45700000 84.13000000 27.64800000 -4.66391264e-02
83.82600000 27.45700000 84.98499999 27.16600000 -2.80765056e-01
83.82600000 27.45700000 83.41800000 27.50700000 -7.46586349e-02
83.93600000 28.26000000 84.41000000 28.37500000 -1.95945698e+00
83.93600000 28.26000000 83.55400000 27.87400000 -3.22565056e+00
83.93600000 28.26000000 83.71800000 28.78100000 -3.26171752e+00
84.13000000 27.64800000 84.26500000 27.97300000 -1.77099901e+00
84.13000000 27.64800000 84.98499999 27.16600000 -6.14458697e-02
84.13000000 27.64800000 83.97800000 28.19900000 -2.49071960e+00
84.13000000 27.64800000 84.43000000 27.67800000 -1.59643162e-01
84.26500000 27.97300000 84.38000000 28.22900000 -3.42072209e+00
84.26500000 27.97300000 83.97800000 28.19900000 -4.75059982e-01
84.26500000 27.97300000 84.43000000 27.67800000 -8.14714253e-01
84.38000000 28.22900000 84.41000000 28.37500000 -1.00865472e+00
84.38000000 28.22900000 83.97800000 28.19900000 -1.22765506e+00
84.38000000 28.22900000 84.43000000 27.67800000 -4.09428599e+00
84.41000000 28.37500000 85.31399999 28.20700000 5.47593994e-01
84.41000000 28.37500000 83.97800000 28.19900000 -2.61210041e+00
84.98499999 27.16600000 84.43000000 27.67800000 -2.40209809e-01
84.98499999 27.16600000 85.92499999 26.71100000 -1.13757335e+00
85.10799999 27.60800000 85.27899999 27.80100000 -1.24729469e+00
85.10799999 27.60800000 85.28799999 27.68200000 -2.83280249e-01
85.10799999 27.60800000 84.43000000 27.67800000 3.52043348e-02
85.27899999 27.80100000 85.52099999 27.69300000 -4.93912157e-01
85.27899999 27.80100000 85.35799999 27.69700000 -6.71431265e-01
85.28799999 27.68200000 85.35799999 27.69700000 -9.71969894e-02
85.52099999 27.69300000 85.87699999 27.91000000 -4.08856158e+00
85.52099999 27.69300000 85.35799999 27.69700000 -3.43041837e-01
86.54999999 27.30500000 86.59699999 26.99100000 -1.70629385e+00
86.54999999 27.30500000 85.92499999 26.71100000 -7.84252900e+00
86.54999999 27.30500000 86.72499999 27.68300000 -1.92209070e+00
86.54999999 27.30500000 87.20599999 27.38000000 -1.29795144e+00
86.59699999 26.99100000 87.39199999 26.86600000 -1.48509401e+00
86.59699999 26.99100000 85.92499999 26.71100000 -4.14668095e+00
86.59699999 26.99100000 87.20599999 27.38000000 -1.78195458e+00
86.71199999 27.81400000 86.82299999 27.89400000 -2.89670956e-01
87.39199999 26.86600000 87.70999999 27.35200000 -2.44137442e+00
87.39199999 26.86600000 88.18500000 26.88300000 -1.53045969e+00
87.39199999 26.86600000 88.35000000 26.71100000 -5.04699224e-01
87.39199999 26.86600000 85.92499999 26.71100000 -1.82619772e+00
87.39199999 26.86600000 87.20599999 27.38000000 -5.02214394e+00
87.70999999 27.35200000 88.40000000 26.98000000 -3.65264913e+00
87.70999999 27.35200000 88.18500000 26.88300000 -4.61730534e+00
87.70999999 27.35200000 86.92899999 27.97300000 -2.96943634e+00
87.70999999 27.35200000 87.20599999 27.38000000 2.40005998e-01
87.70999999 27.35200000 88.50300000 27.08900000 -2.87623880e+00
77.60000000 34.12800000 76.16200000 34.55900000 2.47876519e-01
88.40000000 26.98000000 88.18500000 26.88300000 3.70476365e-01
88.40000000 26.98000000 88.35000000 26.71100000 -6.29793620e-01
88.40000000 26.98000000 88.56900000 26.88900000 -3.08275729e-01
88.40000000 26.98000000 88.50300000 27.08900000 -7.41773309e-01
88.68000000 27.00000000 88.56900000 26.88900000 -5.53346923e-01
88.68000000 27.00000000 88.70200000 27.02400000 -2.20152408e-01
88.68000000 27.00000000 88.75300000 26.88100000 -5.60405244e-01
88.68000000 27.00000000 88.79100000 27.01000000 -1.20295548e-01
88.68000000 27.00000000 88.50300000 27.08900000 -4.32208648e-01
88.18500000 26.88300000 88.35000000 26.71100000 -1.03498848e+00
88.35000000 26.71100000 88.56900000 26.88900000 -6.03234180e-02
88.35000000 26.71100000 88.73800000 26.75100000 -2.06302760e-02
88.35000000 26.71100000 85.92499999 26.71100000 6.22810511e-01
88.35000000 26.71100000 91.23700000 25.00000000 -9.83453397e-01
88.56900000 26.88900000 88.73800000 26.75100000 -5.40349733e-01
88.56900000 26.88900000 88.75300000 26.88100000 -2.23867141e-01
88.56900000 26.88900000 88.50300000 27.08900000 -1.29934852e+00
88.70200000 27.02400000 88.79100000 27.01000000 -5.48527947e-02
88.70200000 27.02400000 88.50300000 27.08900000 -3.02048107e-01
88.73800000 26.75100000 88.75300000 26.88100000 -1.52689397e-01
88.73800000 26.75100000 88.93600000 26.96500000 -6.93543606e-01
88.73800000 26.75100000 91.23700000 25.00000000 -9.90271905e-01
88.75300000 26.88100000 88.79100000 27.01000000 -7.35331920e-01
88.75300000 26.88100000 88.93600000 26.96500000 -5.23838722e-01
88.79100000 27.01000000 88.93600000 26.96500000 -5.45232052e-02
77.17200000 28.54400000 79.08000000 29.23000000 -4.28968157e-01
79.21100000 30.48600000 79.55900000 30.53100000 8.49758060e-01
79.55900000 30.53100000 79.77000000 29.82000000 -6.41645667e+00
79.62000000 29.63800000 79.43000000 29.64000000 1.24760060e-01
79.62000000 29.63800000 79.65000000 29.59000000 8.06146234e-02
79.62000000 29.63800000 79.77000000 29.82000000 -1.76789559e+00
80.04100000 29.83800000 79.77000000 29.82000000 -4.84118767e-01
80.04100000 29.83800000 79.90000000 29.78000000 -8.55101124e-01
80.04100000 29.83800000 80.23000000 29.59000000 -1.03657212e+00
80.04100000 29.83800000 80.34000000 29.76000000 -1.12840204e-01
82.57300000 28.06300000 83.55400000 27.87400000 9.63174998e-01
82.57300000 28.06300000 83.71800000 28.78100000 -4.57084044e+00
83.41800000 27.50700000 83.55400000 27.87400000 -5.14007295e-01
83.55400000 27.87400000 83.71800000 28.78100000 -7.37771243e+00
83.55400000 27.87400000 83.97800000 28.19900000 -2.56224511e+00
85.92499999 26.71100000 91.23700000 25.00000000 1.34009226e-01
86.71499999 27.80300000 86.72499999 27.68300000 -1.95260774e-01
86.71499999 27.80300000 86.82299999 27.89400000 -2.86492003e-01
86.72499999 27.68300000 86.82299999 27.89400000 -3.79072722e-01
86.72499999 27.68300000 87.20599999 27.38000000 -1.77198281e+00
86.82299999 27.89400000 86.92899999 27.97300000 -2.38885006e-01
86.82299999 27.89400000 87.20599999 27.38000000 -2.14551768e+00
86.82699999 28.19400000 86.92899999 27.97300000 -3.62240994e-01
86.92899999 27.97300000 87.20599999 27.38000000 -2.15480068e+00
79.08000000 29.23000000 79.43000000 29.64000000 2.02737257e-01
79.08000000 29.23000000 79.51000001 29.21000000 -7.27677223e-02
79.43000000 29.64000000 79.51000001 29.21000000 5.81618718e-01
79.43000000 29.64000000 79.65000000 29.59000000 2.95635844e-01
79.43000000 29.64000000 79.77000000 29.82000000 -1.32054142e+00
79.51000001 29.21000000 79.65000000 29.59000000 -5.63314330e-01
79.51000001 29.21000000 80.09000000 29.33000000 -9.11193599e-01
79.51000001 29.21000000 80.18000000 29.10000000 6.20219677e-01
79.65000000 29.59000000 79.77000000 29.82000000 -1.91587191e+00
79.65000000 29.59000000 79.90000000 29.78000000 -1.82059902e+00
79.65000000 29.59000000 80.09000000 29.33000000 -2.51507758e-01
79.77000000 29.82000000 79.90000000 29.78000000 6.26456477e-03
79.90000000 29.78000000 80.09000000 29.33000000 -1.46367224e+00
79.90000000 29.78000000 80.23000000 29.59000000 -1.14007772e-01
80.09000000 29.33000000 80.18000000 29.10000000 -5.30289784e-02
80.09000000 29.33000000 80.23000000 29.59000000 -1.48047035e+00
80.23000000 29.59000000 80.34000000 29.76000000 -2.48393219e+00
80.34000000 29.76000000 80.56000000 29.86000000 -1.71259410e+00
73.24900000 34.42000000 73.39100000 33.89500000 6.84454087e-03
73.24900000 34.42000000 73.65300000 33.97800000 -1.52101678e-03
73.24900000 34.42000000 73.93500000 33.93000000 -1.62603252e-02
73.24900000 34.42000000 74.48400000 34.09500000 -2.60673684e-01
73.24900000 34.42000000 74.97400000 34.35300000 1.76768776e-01
73.39100000 33.89500000 73.65300000 33.97800000 -1.14162673e-03
73.39100000 33.89500000 73.75200000 33.87100000 -7.14871748e-03
73.39100000 33.89500000 74.34700000 33.39500000 5.05700293e-01
73.65300000 33.97800000 73.75200000 33.87100000 5.66819382e-04
73.65300000 33.97800000 73.93500000 33.93000000 -1.29055446e-02
73.75200000 33.87100000 73.93500000 33.93000000 -3.39593847e-03
73.75200000 33.87100000 74.34700000 33.39500000 6.12219464e-01
73.93500000 33.93000000 74.34700000 33.39500000 7.09356172e-01
73.93500000 33.93000000 74.48400000 34.09500000 9.57904137e-02
73.93500000 33.93000000 74.59300000 33.99300000 -8.83476990e-02
74.34700000 33.39500000 74.59300000 33.99300000 1.62520218e+00
74.34700000 33.39500000 75.03700000 33.59500000 4.60637467e-01
74.48400000 34.09500000 74.59300000 33.99300000 -5.12616645e-01
74.48400000 34.09500000 74.81700000 34.10900000 1.51154013e-01
74.48400000 34.09500000 74.83700000 34.13000000 1.72077323e-01
74.48400000 34.09500000 74.97400000 34.35300000 4.60076620e-02
74.59300000 33.99300000 74.81700000 34.10900000 -4.07062617e-02
74.59300000 33.99300000 75.03700000 33.59500000 9.32989831e-01
74.81700000 34.10900000 74.83700000 34.13000000 -4.47115701e-02
74.81700000 34.10900000 74.88900000 34.12000000 3.86547146e-02
74.81700000 34.10900000 75.03700000 33.59500000 3.59642184e-01
74.83700000 34.13000000 74.88900000 34.12000000 6.13901585e-02
74.83700000 34.13000000 74.97400000 34.35300000 -2.56033717e-01
74.83700000 34.13000000 75.04500000 34.22700000 -7.80591043e-02
74.88900000 34.12000000 75.03700000 33.59500000 1.69350342e-01
74.88900000 34.12000000 75.04500000 34.22700000 -1.12249110e-01
74.88900000 34.12000000 75.27200000 34.10000000 2.59916163e-02
74.97400000 34.35300000 75.04500000 34.22700000 -2.43912691e-02
74.97400000 34.35300000 75.32500000 34.29200000 -1.44315198e-02
74.97400000 34.35300000 75.76900000 34.42400000 -4.83468550e-02
75.03700000 33.59500000 75.27200000 34.10000000 -1.92747196e-01
75.04500000 34.22700000 75.27200000 34.10000000 -2.73553110e-03
75.04500000 34.22700000 75.32500000 34.29200000 -3.49702415e-02
75.27200000 34.10000000 75.32500000 34.29200000 -2.00070277e-02
75.27200000 34.10000000 75.76900000 34.42400000 -1.83076721e-02
75.32500000 34.29200000 75.76900000 34.42400000 -1.86067206e-02
75.76900000 34.42400000 76.16200000 34.55900000 -1.99778203e-02
