-3.15273578e-01
-1.82538974e-01
-7.82788860e-01
-2.12046407e+00
-1.28128321e+00
-2.25714642e+00
-4.52689266e-01
-4.73641084e-01
-1.18597696e+00
-1.96971465e+00
-1.47943081e+00
-4.81317644e-01
-6.60396325e-01
-5.66182797e-01
1.55644939e-03
-3.86546335e-01
-4.24394422e+00
-1.19793167e+00
-1.50056407e+00
-1.12172146e+00
-1.57907193e+00
-3.93132409e+00
3.30148352e-02
-2.78253379e+00
3.07021260e-02
-5.81061191e-02
-1.79580370e+00
-8.49733647e-01
-7.13617836e-01
-1.13162584e+00
-2.93238522e+00
-3.31040423e-01
-1.84157403e-01
-3.71947805e-01
-1.50768180e+00
-1.62889323e+00
-1.25591949e+00
-4.13139310e-02
-4.97490756e-01
2.51394173e-02
-3.50898458e-01
-4.87395138e-02
2.94942279e-02
-1.46761429e+00
3.95985914e-02
-1.09442374e+00
-7.11073220e-01
-1.50278795e+00
-2.68876965e+00
-9.20686772e-01
-3.05828081e-03
-3.23294404e-01
1.52790894e-01
-4.11539545e-01
-4.35855431e-01
-9.72309826e-01
-1.68364963e-02
2.12112952e-01
-8.00313687e-01
5.42099096e-02
-2.75512821e-01
-3.06899153e-01
-1.75278408e-01
-1.24695699e+00
-3.55810209e-01
-1.10384462e+00
-6.58018206e-01
-1.35910033e+00
-3.16082143e-01
-7.55961311e-01
-4.13741894e-01
-2.92103308e-01
-8.34600574e-01
-4.74591510e-01
-1.52682674e+00
-7.17763023e-02
-2.23015455e-01
-2.33642482e-01
-1.34775052e+00
-7.24015384e-01
-7.98761536e-01
-1.40812180e+00
-3.94984714e+00
-8.66045289e-01
-2.60189344e-01
-8.00896935e-01
-2.63227812e+00
-1.38902492e+00
-5.72220730e-01
-1.03814904e+00
6.11682293e-02
-3.16569073e+00
-2.28484783e+00
-2.32652475e+00
-6.19792378e-01
7.96684138e-02
-6.01257848e-01
-5.51536279e-01
-2.20522434e-01
-1.72156225e+00
-1.24437998e-01
-1.88595983e+00
-2.00828784e+00
-2.10005595e+00
-5.31492499e-01
-3.82867706e-01
-3.00094843e-01
-1.10301061e+00
-9.53719096e-01
-2.10109784e+00
-6.47786618e-01
-8.89336378e-01
-4.28200365e-02
-2.49207511e+00
-9.12581486e-01
-7.79864232e-02
-6.76730223e-01
-1.17405274e+00
-8.66016597e-01
-1.17816419e+00
-2.93113233e-01
8.38305853e-02
-1.81769795e-01
-1.48698750e+00
-7.59705029e-01
-3.64867368e-01
2.25396972e-03
-7.32450776e-01
-3.22794778e-01
-2.59792558e+00
-2.24352769e+00
-3.16269650e+00
-1.34937378e+00
1.55444858e-01
-1.28006664e+00
-2.95541435e-01
-1.08282451e+00
-3.10885141e+00
-5.58623264e-01
-4.90156544e+00
-1.28382541e+00
-6.35215570e+00
3.03973819e-02
-1.00658564e+00
-3.77559168e-01
-8.45682128e-01
-2.54306251e+00
-5.21772439e-03
-9.63559319e-01
-3.16327156e-01
-1.64020855e-01
-2.09084751e-01
-8.09641253e-01
-3.42590925e-02
-6.21952077e-01
3.05851179e-01
-9.26403041e-01
-5.62339347e-02
-1.13122809e+00
2.37889550e-01
-1.33070492e-01
7.31904906e-02
-5.47195007e+00
8.78764859e-02
6.22024228e-02
-5.75717713e-01
-8.28177743e-02
-2.60124222e+00
-5.58894661e-01
-2.54473244e-01
-7.92318313e-01
-1.68615978e+00
-1.93839907e+00
-2.52242614e+00
-3.63178743e+00
-3.57066892e-02
-3.15187214e+00
-2.97333829e+00
6.43003648e-02
-3.20474080e+00
-3.95701641e+00
-5.44079856e-01
-1.15171742e-02
-1.49225492e+00
-4.11040287e+00
-2.80883932e-01
3.37213429e-01
-8.43867927e-01
-2.03777603e+00
-2.93506822e+00
-1.71942330e+00
-4.59322251e+00
-4.35277765e+00
-4.82274073e-01
-2.19675669e+00
-2.64897167e+00
-6.30210907e-02
-4.48693871e-01
2.07917187e-01
-4.42559126e-01
-9.08099321e-01
-1.44857972e+00
-1.40325889e+00
-2.21680980e+00
-2.23746113e-01
-1.73060024e+00
-2.10970908e+00
3.70408446e-01
-9.35200404e-01
8.43154026e-01
-4.29521937e-01
-1.36277771e-01
-9.26814363e-02
-5.33065617e-01
-2.35616698e-01
4.16207388e-01
7.19332799e-01
-7.50161528e-01
-2.03283672e+00
-1.47177766e+00
-2.38873495e+00
-2.96209773e-02
1.98273699e-01
-1.10471176e+00
8.54782918e-01
-1.50768830e+00
2.36050277e-01
-2.84357728e-01
5.56671203e-02
-6.30060864e-02
-1.18060965e+00
-3.03700902e-01
-2.69408900e+00
-7.38414129e-01
-2.16881515e+00
-8.50544095e-01
-3.08228598e-01
-7.43008851e-01
-7.43819060e-01
-5.30767820e-01
-1.55067200e+00
-3.39316550e+00
-2.02710656e+00
5.13002509e-01
-2.15875076e-01
-2.54416294e-01
-8.98411785e-01
1.84790866e-01
-9.52700849e-01
-1.95462762e+00
-3.29950718e+00
-8.52277029e-01
-5.72987478e-01
-2.57863308e-01
-3.49899275e+00
3.64548080e-02
-2.21988659e+00
7.02939399e-02
-3.50999523e-01
-1.03143557e-01
-1.66502268e+00
-3.86328190e-02
-1.49342089e+00
-3.88540408e+00
-1.39521417e+00
-1.62846017e+00
-4.43404934e+00
-2.23685796e+00
-1.52968196e+00
-7.95842500e-01
-7.96937039e-01
-2.02177076e+00
-1.95606996e+00
-1.64744430e+00
-3.12867315e-02
-6.79670622e-01
6.79995355e-01
-6.39998704e-01
-4.23122009e+00
-4.79637745e-01
3.83142976e-02
-5.05541110e-01
1.86314990e-02
-3.55270292e-01
-3.61971821e-01
-1.06006090e-01
-1.49779717e+00
-1.26792131e+00
-6.15342027e-01
-1.95779850e+00
-3.52036739e-01
-1.68474215e-01
-9.44629323e-01
-4.91691255e+00
1.27103431e+00
-9.47395695e-01
-3.61720918e-02
-2.66156017e-02
5.38858725e-02
-1.88047650e+00
-2.50149329e+00
-1.04502515e+00
-8.98044226e-01
-2.17437319e-01
-9.38876845e-01
5.11899398e-02
4.27027683e-01
-8.81780572e-02
1.41745955e+00
-6.14162650e-01
-3.94140752e+00
7.18618245e-01
-4.07313143e-01
2.30463373e-01
-1.47620306e+00
-2.93523064e-01
8.31463603e-01
2.87010468e-02
3.07373073e-01
6.06243735e-01
2.13897676e-01
2.13686720e-01
-3.65712649e+00
8.24641465e-02
-4.27213074e+00
3.99991926e-01
2.89313340e-01
-4.09469080e-01
-4.03357522e-01
8.46003006e-01
-7.21634936e-01
3.59163347e-01
-2.72698898e-02
-6.81945145e-01
-9.98182786e-02
-1.82842420e+00
1.19162212e+00
6.71684242e+00
-7.21680066e-02
-1.87838041e+00
-2.10155264e+00
-1.46658974e+00
-6.06471717e-01
-6.86285321e+00
-3.13200581e-01
-1.02130271e+00
5.59328157e-02
-1.01936512e-01
-9.01880239e-01
-1.20342267e+00
-1.56928507e+00
4.31028625e-02
5.48785879e-02
-6.92791538e-01
9.74826726e-01
-2.30362049e-01
2.92705751e-02
-3.40694495e+00
-2.13197738e-01
-6.83451819e-01
-2.48571377e-01
-4.36424325e-01
-3.07495073e+00
-1.65959451e+00
-8.44469079e-01
-1.78929068e+00
-4.45283438e-01
-7.09817508e-01
-2.08923283e-02
-1.22485121e-02
-2.62734825e+00
-2.35268523e+00
2.98314366e-01
-1.42365923e+00
3.94331929e-03
-4.52315332e-02
-1.01005275e-01
-8.10350971e-01
-4.17652532e-01
-1.44933420e+00
4.43812622e-01
-4.82661702e-01
-1.01734542e+00
-4.74502424e+00
-1.30550045e-01
-1.92006598e-01
-1.25304026e-01
-2.46287952e-02
-5.79834602e-01
-7.06637678e-01
-5.48507147e+00
-6.65747864e-01
-2.30504852e-01
-2.86816113e-01
-1.09192700e-01
-4.53862114e-01
-4.03949350e-02
-8.61022082e-01
-9.85176727e-02
-1.35319921e+00
-5.49517130e-01
-2.55913114e+00
-1.31718469e+00
1.17420880e-01
-1.01709799e+00
-2.51882252e+00
1.89449559e-01
-3.22858901e+00
2.20625216e-02
-1.59490638e-01
-5.58480168e+00
-3.17013991e+00
-8.97903406e-01
-6.39665685e-02
1.16928476e-01
-6.35817490e-01
-4.99785840e-01
-6.67427970e+00
-6.61839582e-01
-1.46862416e-02
-5.46731110e-01
2.83488057e-01
-5.59100857e-01
-2.38001063e+00
-8.90073047e-01
-2.80334912e+00
-1.25750060e+00
1.78470027e-01
-2.16634064e+00
8.76658779e-03
-9.52604458e-01
-2.47516585e+00
-2.70560734e+00
-7.25946074e-01
6.38635548e-01
-2.19564284e+00
-1.58959113e-01
-2.23954908e+00
-9.87539572e-01
-6.03525632e-01
-9.73116204e-01
-6.16907872e-01
-2.74779440e+00
1.24402715e-01
-1.42354945e+00
7.14689369e-01
3.62741017e-01
-1.17594804e+00
-3.96729812e-01
-1.98812783e-01
1.15730613e-01
-3.70408965e-01
-6.13845132e-02
-1.78061892e+00
3.49794125e-02
-2.26885058e+00
-4.48444072e+00
-2.01870165e+00
-2.45413485e-01
-9.35600885e-01
-7.16517331e-01
-1.44548244e+00
-1.55231435e-01
-2.53931304e+00
6.13739249e-02
-2.95495227e-01
1.24461999e+00
-4.18432279e+00
-1.43969727e+00
-2.67641558e+00
-1.94924886e+00
-2.92831311e-01
-7.81214836e-01
1.66484981e-01
3.81041383e-01
-5.86729025e-01
1.41697803e-01
-7.97689473e-01
-5.48256753e-01
-1.94035217e-01
-2.80047038e-01
-9.71723408e-02
-1.58194785e-01
1.48071934e-01
-1.45820387e-01
-3.17980022e-02
2.51341742e-01
-5.79978343e-01
-1.46811681e-01
-2.48868750e-01
-8.44032454e-01
-1.79034949e-02
-7.96198524e-02
-5.08740253e-02
-4.09561792e-01
-6.10626151e-01
-4.86524357e-01
-3.05799603e-01
-6.90524143e-02
-4.25899792e-01
-3.44196470e-01
-5.37872090e+00
2.33570948e-01
1.00833496e-01
-1.84093433e+00
-1.55833649e-01
-5.03221529e-01
-9.39136543e-01
2.94933162e-01
6.02422944e-01
-3.92684884e+00
-7.06554302e-01
-5.78770921e+00
-1.86348491e+00
4.21390945e-02
-1.90471697e-01
-1.78188596e-01
-4.12233336e-01
-8.61754798e-01
-1.40857607e-01
-1.53843323e+00
-3.77709298e-01
-1.87120185e+00
-2.84517700e-01
-2.28045787e-02
2.24735185e-02
3.70759528e-01
-1.28632896e+00
7.40104079e-01
4.95305293e-02
3.46437632e-01
-1.93122612e+00
-1.92772930e+00
-6.87752779e-01
4.17024903e-03
-1.72702917e+00
-1.43359677e-02
-6.08436024e-02
-1.83233337e+00
-1.75443227e+00
-7.63731731e-01
4.03872008e-02
5.64876674e-02
1.85122478e-01
7.10383071e-01
6.14060865e-01
7.61947693e-02
9.89903814e-02
1.44489885e+00
2.24281650e-02
1.89653629e-01
1.84908536e-01
6.36848085e-01
-2.86116435e-01
1.83695918e+00
1.83720178e+00
3.18508983e-02
5.01988774e-01
-1.28514898e-01
-1.71738224e-01
-1.77393485e-01
-1.43967668e-01
-3.65520696e-01
-1.78455293e-01
-2.26558681e-02
-1.98275998e-02
-4.58389378e-01
-1.05166260e-02
-1.34115774e-01
-2.66617507e-02
-5.46535055e-01
-4.43246117e-02
-6.72864860e-02
-1.28563119e-01
-5.43401718e-02
-1.94812456e-02
-1.00949908e+00
-8.06497339e-02
-1.39385816e-01
-3.45354127e-01
-7.54276285e-01
-1.83966631e-01
-1.82298699e-01
