79.09800000 31.88700000 79.81400000 31.49800000 5.66717018e-01
79.09800000 31.88700000 80.29300000 31.71100000 2.05772504e-01
79.09800000 31.88700000 77.92100000 32.36400000 -4.99519237e-01
79.09800000 31.88700000 78.75400000 31.03700000 -2.34408589e+00
79.09800000 31.88700000 78.97300000 32.77900000 -8.12473568e-01
79.09800000 31.88700000 78.67600000 30.99700000 -2.61500609e+00
79.81400000 31.49800000 80.29300000 31.71100000 -1.79607712e-01
79.81400000 31.49800000 80.42900000 30.96100000 -1.25942912e-03
79.81400000 31.49800000 78.75400000 31.03700000 -1.66501685e+00
79.81400000 31.49800000 79.49300000 30.74300000 -2.17464042e+00
80.29300000 31.71100000 80.42900000 30.96100000 5.78590962e-02
80.29300000 31.71100000 81.42800000 30.83700000 -3.87363350e-01
80.29300000 31.71100000 78.97300000 32.77900000 1.93011743e-01
80.42900000 30.96100000 81.17600000 30.29000000 -7.29589992e-01
80.42900000 30.96100000 81.42800000 30.83700000 -1.75868729e-03
80.42900000 30.96100000 79.49300000 30.74300000 -1.44666112e+00
80.42900000 30.96100000 80.24000000 30.06000000 -6.41401115e+00
80.42900000 30.96100000 79.55900000 30.53100000 -3.53266401e+00
81.17600000 30.29000000 81.42800000 30.83700000 -9.47855346e-01
81.17600000 30.29000000 81.85600000 30.71600000 -7.07424764e-01
81.17600000 30.29000000 80.24000000 30.06000000 -2.29392846e+00
81.17600000 30.29000000 81.20100000 29.47400000 -5.90101128e+00
81.17600000 30.29000000 81.80700000 29.96900000 -1.11282511e-01
81.17600000 30.29000000 80.56000000 29.86000000 -4.93358253e+00
81.42800000 30.83700000 81.85600000 30.71600000 1.94413839e-02
81.85600000 30.71600000 82.83200000 30.38900000 1.79338066e-02
81.85600000 30.71600000 81.80700000 29.96900000 -1.03017938e+00
82.83200000 30.38900000 83.24000000 29.80000000 -6.15874918e-01
82.83200000 30.38900000 84.03900000 29.72100000 -7.06977945e-01
82.83200000 30.38900000 81.80700000 29.96900000 -6.02747284e-01
82.83200000 30.38900000 82.19300000 29.27800000 -4.55759847e+00
82.83200000 30.38900000 85.74100000 29.59100000 7.02363179e-01
83.24000000 29.80000000 84.03900000 29.72100000 -5.69905530e-02
83.24000000 29.80000000 84.04300000 29.53400000 -3.06386833e-01
83.24000000 29.80000000 82.19300000 29.27800000 -3.02536975e+00
83.24000000 29.80000000 82.81800000 28.98400000 -4.20005186e+00
83.24000000 29.80000000 83.89500000 29.17900000 -1.67242478e+00
84.03900000 29.72100000 84.15600000 29.68000000 2.21551866e-02
84.03900000 29.72100000 84.04300000 29.53400000 -5.98876277e-01
84.03900000 29.72100000 85.74100000 29.59100000 9.56512803e-01
84.15600000 29.68000000 84.04300000 29.53400000 -4.43111599e-01
84.15600000 29.68000000 85.21000000 29.44000000 7.80258114e-01
84.15600000 29.68000000 85.74100000 29.59100000 8.80044384e-01
85.44200000 28.95900000 85.64000000 29.44100000 -7.53368905e-01
85.44200000 28.95900000 86.38699999 28.68700000 4.77368080e-01
85.44200000 28.95900000 85.21000000 29.44000000 -2.81659172e-01
85.44200000 28.95900000 86.01999999 28.30000000 -9.86346410e-01
85.44200000 28.95900000 84.41000000 28.37500000 -1.64380390e+00
85.44200000 28.95900000 85.31399999 28.20700000 -1.27861931e+00
85.64000000 29.44100000 86.38699999 28.68700000 -1.56259562e-01
85.64000000 29.44100000 85.21000000 29.44000000 1.77446402e-01
85.64000000 29.44100000 85.74100000 29.59100000 -1.79906017e-01
85.97499999 28.14900000 85.32899999 28.17100000 1.13944612e+00
85.97499999 28.14900000 86.01999999 28.29000000 -4.98284055e-01
85.97499999 28.14900000 86.01999999 28.30000000 -5.30159464e-01
85.97499999 28.14900000 86.22999999 27.63500000 -1.81536075e+00
85.97499999 28.14900000 86.81299999 27.95800000 1.00558471e-01
85.97499999 28.14900000 85.31399999 28.20700000 1.02257413e+00
85.97499999 28.14900000 85.87699999 27.91000000 -1.24072964e-01
85.97499999 28.14900000 86.71199999 27.81400000 -6.33710958e-02
85.97499999 28.14900000 86.82699999 28.19400000 -4.72896323e-02
86.38699999 28.68700000 86.96699999 28.39200000 -3.67917197e-01
86.38699999 28.68700000 87.05999999 28.58700000 -5.16868996e-01
86.38699999 28.68700000 87.08600000 29.32000000 -2.03802217e+00
86.38699999 28.68700000 86.93999999 28.35700000 -4.27175449e-01
86.38699999 28.68700000 86.01999999 28.30000000 -1.22167056e+00
86.38699999 28.68700000 86.82699999 28.19400000 -9.62469036e-01
86.38699999 28.68700000 85.74100000 29.59100000 -3.85113050e-01
86.94099999 28.35700000 86.82699999 28.19400000 -7.02663932e-01
86.94099999 28.35700000 86.92899999 27.97300000 -1.45007306e+00
86.96699999 28.39200000 87.05999999 28.58700000 -5.94667867e-01
86.96699999 28.39200000 87.76900000 28.53800000 -1.26454905e+00
86.96699999 28.39200000 86.92899999 27.97300000 -1.60019247e+00
86.96699999 28.39200000 87.15499999 28.63000000 -7.99220024e-01
87.05999999 28.58700000 87.08600000 29.32000000 -1.43010849e+00
87.05999999 28.58700000 87.15499999 28.63000000 -2.18951792e-01
87.08600000 29.32000000 85.74100000 29.59100000 -1.98626841e-01
87.18400000 29.26900000 87.57700000 29.11800000 -2.85529940e-01
87.18400000 29.26900000 87.15499999 28.63000000 -1.31081049e+00
87.76900000 28.53800000 88.56000000 28.24400000 -1.12183368e+00
87.76900000 28.53800000 88.86500000 29.24900000 -1.31690980e+00
87.76900000 28.53800000 87.57700000 29.11800000 -1.52890554e+00
87.76900000 28.53800000 87.70999999 27.35200000 -4.71135007e+00
87.76900000 28.53800000 86.92899999 27.97300000 -2.20089969e+00
87.76900000 28.53800000 87.15499999 28.63000000 -7.96597918e-01
87.76900000 28.53800000 88.86400000 29.25000000 -1.31734731e+00
88.56000000 28.24400000 88.86500000 29.24900000 -2.31612281e+00
88.56000000 28.24400000 89.15400000 27.72100000 -1.45283121e+00
88.56000000 28.24400000 89.30500000 27.93100000 7.83839761e-02
88.56000000 28.24400000 89.55600000 28.91100000 -1.16347146e+00
88.56000000 28.24400000 89.62700000 28.31500000 -2.25415273e-01
88.56000000 28.24400000 88.56900000 27.36500000 -4.29734091e+00
88.56000000 28.24400000 88.91000000 27.49000000 -2.25874894e+00
88.56000000 28.24400000 87.70999999 27.35200000 -3.03417474e+00
88.86500000 29.24900000 89.55600000 28.91100000 -4.84853167e-01
88.86500000 29.24900000 90.15400000 29.44400000 6.06172871e-01
88.86500000 29.24900000 89.57300000 28.91400000 -4.56688157e-01
88.90600000 27.43700000 89.15400000 27.72100000 -9.36443720e-01
88.90600000 27.43700000 88.56900000 27.36500000 -4.37917952e-01
88.90600000 27.43700000 89.39200000 26.84900000 -4.00045732e+00
88.90600000 27.43700000 89.63500000 27.47200000 -4.20561557e-01
88.90600000 27.43700000 88.70200000 27.02400000 -1.32214733e+00
88.90600000 27.43700000 88.79100000 27.01000000 -1.84072205e+00
88.90600000 27.43700000 88.93600000 26.96500000 -3.02938691e+00
89.15400000 27.72100000 89.30500000 27.93100000 -1.60413480e+00
89.15400000 27.72100000 88.91000000 27.49000000 -2.59288761e-01
89.15400000 27.72100000 89.63500000 27.47200000 1.82230483e-01
89.30500000 27.93100000 89.62700000 28.31500000 -1.73728345e+00
89.30500000 27.93100000 89.63500000 27.47200000 -1.41433555e+00
89.55600000 28.91100000 89.62700000 28.31500000 -1.36002474e+00
89.55600000 28.91100000 89.91100000 28.61900000 -2.54773161e-01
89.62700000 28.31500000 89.91100000 28.61900000 -6.12251717e-01
89.62700000 28.31500000 90.55800000 28.41900000 3.46589855e-01
89.62700000 28.31500000 89.63500000 27.47200000 -3.59718163e+00
89.91100000 28.61900000 90.10700000 28.93200000 -3.40305254e-01
89.91100000 28.61900000 90.55800000 28.41900000 3.25070347e-01
89.91100000 28.61900000 89.57300000 28.91400000 -2.91302913e-01
90.10700000 28.93200000 90.15400000 29.44400000 -5.52397937e-01
90.10700000 28.93200000 90.26700000 29.32400000 -3.71311701e-01
90.10700000 28.93200000 90.55800000 28.41900000 -3.34537764e-01
90.10700000 28.93200000 90.95900000 29.27800000 5.30945518e-01
90.10700000 28.93200000 89.57300000 28.91400000 3.13273588e-01
90.15400000 29.44400000 90.26700000 29.32400000 -4.21263898e-02
90.15400000 29.44400000 78.70400000 33.19100000 -3.65090332e-01
90.15400000 29.44400000 89.57300000 28.91400000 8.48416259e-02
90.15400000 29.44400000 85.74100000 29.59100000 -1.24384734e+00
90.26700000 29.32400000 90.95900000 29.27800000 6.98992943e-01
90.55800000 28.41900000 91.88900000 28.96000000 8.75473960e-01
90.55800000 28.41900000 91.91000000 27.97100000 1.05305573e+00
90.55800000 28.41900000 89.63500000 27.47200000 -4.09985196e+00
90.55800000 28.41900000 90.95900000 29.27800000 -1.10438125e+00
91.88900000 28.96000000 91.91000000 27.97100000 -2.32403504e+00
91.88900000 28.96000000 92.39900000 28.42200000 7.08694493e-01
91.88900000 28.96000000 93.07300000 29.04400000 -3.68612539e-01
91.88900000 28.96000000 92.43900000 28.43200000 7.66985538e-01
91.88900000 28.96000000 90.95900000 29.27800000 1.83103337e+00
91.91000000 27.97100000 92.39900000 28.42200000 -1.23254076e+00
91.91000000 27.97100000 92.41500000 27.27000000 -5.24451751e+00
91.91000000 27.97100000 89.63500000 27.47200000 -1.47901392e+00
92.39900000 28.42200000 92.41500000 27.27000000 -7.90705165e+00
93.07300000 29.04400000 92.43900000 28.43200000 -1.67202469e+00
93.07300000 29.04400000 92.41500000 27.27000000 -8.39115564e+00
93.07300000 29.04400000 90.95900000 29.27800000 1.84480499e+00
83.95300000 29.17800000 84.04300000 29.53400000 -1.36022044e+00
83.95300000 29.17800000 85.21000000 29.44000000 -1.12970500e-01
83.95300000 29.17800000 83.74300000 28.80500000 -2.78521088e+00
83.95300000 29.17800000 84.41000000 28.37500000 -2.17050414e+00
84.04300000 29.53400000 85.21000000 29.44000000 7.32843192e-01
84.04300000 29.53400000 83.89500000 29.17900000 -1.38892065e+00
86.93999999 28.35700000 86.82699999 28.19400000 -7.02778816e-01
75.36300000 32.56500000 75.88100000 32.30400000 -3.53075202e-01
75.36300000 32.56500000 75.93800000 31.47900000 4.21265591e-01
75.36300000 32.56500000 75.99300000 32.53600000 -1.42764612e+00
75.36300000 32.56500000 74.34700000 33.39500000 1.62161885e-01
75.36300000 32.56500000 75.03700000 33.59500000 -6.58139715e-01
75.88100000 32.30400000 75.93800000 31.47900000 1.42391172e+00
75.88100000 32.30400000 75.99300000 32.53600000 -9.54144267e-01
75.88100000 32.30400000 76.29400000 31.89700000 3.02134219e-02
75.88100000 32.30400000 76.30700000 32.24800000 -1.10042895e+00
75.93800000 31.47900000 76.29400000 31.89700000 2.50509201e+00
75.93800000 31.47900000 76.30700000 31.53800000 8.86809228e-01
75.93800000 31.47900000 77.12600000 28.48200000 4.10053726e-01
75.93800000 31.47900000 77.63000000 30.27600000 -3.81531600e+00
75.93800000 31.47900000 77.17200000 28.54400000 4.61429648e-01
75.93800000 31.47900000 73.39100000 33.89500000 4.07129339e-01
75.93800000 31.47900000 74.34700000 33.39500000 -5.70948118e-01
75.99300000 32.53600000 76.30700000 32.24800000 -1.83331797e-01
75.99300000 32.53600000 76.68900000 32.69800000 -2.55759936e+00
75.99300000 32.53600000 75.03700000 33.59500000 -1.66995878e-01
76.29400000 31.89700000 76.30700000 31.53800000 5.92922439e-01
76.29400000 31.89700000 76.30700000 32.24800000 -5.39137393e-01
76.29400000 31.89700000 76.67300000 31.91900000 -1.09249440e+00
76.30700000 31.53800000 76.67300000 31.91900000 6.06821826e-01
76.30700000 31.53800000 76.81500000 31.63400000 -5.06136505e-01
76.30700000 31.53800000 77.63000000 30.27600000 -3.13094972e+00
76.30700000 32.24800000 76.67300000 31.91900000 -1.75000706e-01
76.30700000 32.24800000 76.68900000 32.69800000 -3.36072846e+00
76.30700000 32.24800000 77.19200000 32.31700000 -2.80217894e+00
76.67300000 31.91900000 76.81500000 31.63400000 -2.26445851e-01
76.67300000 31.91900000 77.10800000 32.06700000 -3.61476002e+00
76.67300000 31.91900000 77.19200000 32.31700000 -4.80191185e+00
76.68900000 32.69800000 77.17500000 32.63400000 -5.20414194e-01
76.68900000 32.69800000 77.19200000 32.31700000 1.26243290e-01
76.68900000 32.69800000 77.42500000 32.79800000 -1.37655854e+00
76.68900000 32.69800000 77.60000000 34.12800000 -3.19813344e+00
76.68900000 32.69800000 75.03700000 33.59500000 2.33448395e-02
76.68900000 32.69800000 75.27200000 34.10000000 2.73658007e-01
76.68900000 32.69800000 75.76900000 34.42400000 -8.60563860e-01
76.68900000 32.69800000 76.16200000 34.55900000 -1.66351511e+00
76.81500000 31.63400000 77.10800000 32.06700000 -3.87370204e+00
76.81500000 31.63400000 77.63000000 30.27600000 -1.17306367e+00
76.81500000 31.63400000 78.02100000 30.45900000 -4.77459156e+00
76.81500000 31.63400000 78.67600000 30.99700000 -3.32818120e+00
77.10800000 32.06700000 77.19200000 32.31700000 -5.35577430e-01
77.10800000 32.06700000 77.92100000 32.36400000 -2.36965971e+00
77.10800000 32.06700000 78.67600000 30.99700000 -2.73399440e+00
77.12600000 28.48200000 78.60800001 25.45200000 -1.95404023e-01
77.12600000 28.48200000 79.08000000 29.23000000 -3.14654847e-01
77.12600000 28.48200000 73.39100000 33.89500000 3.63811726e-02
77.17500000 32.63400000 77.19200000 32.31700000 -3.43420513e-01
77.17500000 32.63400000 77.42500000 32.79800000 -7.87936000e-01
77.19200000 32.31700000 77.42500000 32.79800000 -1.27038154e+00
77.19200000 32.31700000 77.92100000 32.36400000 -1.43567887e+00
77.42500000 32.79800000 77.80800000 33.97200000 -1.23748830e+00
77.42500000 32.79800000 77.92100000 32.36400000 -1.68153488e-01
77.42500000 32.79800000 78.66000000 33.20900000 -9.75240226e-01
77.42500000 32.79800000 77.60000000 34.12800000 -1.19608813e+00
77.63000000 30.27600000 77.86000000 30.32900000 2.27816574e+00
77.63000000 30.27600000 77.86800000 30.14700000 -3.13880484e+00
77.63000000 30.27600000 78.02100000 30.45900000 2.48908199e+00
77.63000000 30.27600000 77.17200000 28.54400000 2.63667967e+00
77.80800000 33.97200000 78.66000000 33.20900000 -4.92831764e-02
77.86000000 30.32900000 77.86800000 30.14700000 1.44868068e+00
77.86000000 30.32900000 77.97400000 30.28500000 -4.74635096e-01
77.86000000 30.32900000 78.01400000 30.32900000 -1.34405452e-01
77.86000000 30.32900000 78.02100000 30.45900000 -1.78763474e+00
77.86800000 30.14700000 77.97400000 30.28500000 2.33808728e+00
77.86800000 30.14700000 77.97900000 30.09500000 -8.57429591e-01
77.92100000 32.36400000 78.66000000 33.20900000 -7.21540318e-01
77.92100000 32.36400000 78.97300000 32.77900000 -3.79873197e-01
77.92100000 32.36400000 78.67600000 30.99700000 -2.97663579e+00
77.97400000 30.28500000 77.97900000 30.09500000 -6.13520847e-01
77.97400000 30.28500000 78.01400000 30.32900000 -3.23307479e-01
77.97400000 30.28500000 78.18700000 30.19100000 -4.99928008e-01
77.97900000 30.09500000 78.18700000 30.19100000 2.22727772e-01
77.97900000 30.09500000 78.68000000 29.84800000 -7.53407547e-01
77.97900000 30.09500000 77.17200000 28.54400000 2.93976104e+00
78.01400000 30.32900000 78.02100000 30.45900000 -3.02653926e+00
78.01400000 30.32900000 78.11500000 30.45200000 -2.05906818e+00
78.01400000 30.32900000 78.15500000 30.34200000 -5.99335369e-02
78.01400000 30.32900000 78.18700000 30.19100000 -1.00032257e+00
78.02100000 30.45900000 78.11500000 30.45200000 -1.48231088e-01
78.02100000 30.45900000 78.67600000 30.99700000 -4.78922116e+00
78.11500000 30.45200000 78.15500000 30.34200000 -2.47173870e+00
78.11500000 30.45200000 78.61700000 30.80600000 -3.49970485e+00
78.11500000 30.45200000 78.36500000 30.40400000 -8.12080945e-01
78.15500000 30.34200000 78.18700000 30.19100000 -1.35267583e+00
78.15500000 30.34200000 78.36800000 30.39400000 -7.79496031e-01
78.15500000 30.34200000 78.36500000 30.40400000 -8.73149821e-01
78.18700000 30.19100000 78.36800000 30.39400000 -2.30279879e+00
78.18700000 30.19100000 78.68000000 29.84800000 -8.80661418e-01
78.36800000 30.39400000 78.61700000 30.80600000 -5.11101095e+00
78.36800000 30.39400000 78.68000000 29.84800000 -3.12352572e+00
78.36800000 30.39400000 79.09000000 30.29800000 -6.12798624e-01
78.60800001 25.45200000 80.94300001 26.89100000 3.06382444e-01
78.60800001 25.45200000 85.92499999 26.71100000 -1.86955665e+00
78.60800001 25.45200000 79.08000000 29.23000000 -1.64134401e-01
78.60800001 25.45200000 91.23700000 25.00000000 -6.33179816e-01
78.61700000 30.80600000 78.75400000 31.03700000 -2.05517389e+00
78.61700000 30.80600000 79.09000000 30.29800000 -3.44448468e+00
78.61700000 30.80600000 78.36500000 30.40400000 -4.95738725e+00
78.61700000 30.80600000 78.67600000 30.99700000 -1.90929548e+00
78.61700000 30.80600000 79.21100000 30.48600000 -1.12972764e+00
78.66000000 33.20900000 78.97300000 32.77900000 -1.72826553e-01
78.68000000 29.84800000 79.09000000 30.29800000 -4.22188725e+00
78.68000000 29.84800000 77.17200000 28.54400000 -3.24100681e-01
78.68000000 29.84800000 79.08000000 29.23000000 -1.10886615e+00
78.68000000 29.84800000 79.43000000 29.64000000 -1.77488104e-01
78.75400000 31.03700000 79.49300000 30.74300000 7.35798872e-01
78.75400000 31.03700000 78.67600000 30.99700000 -1.01623435e-01
78.75400000 31.03700000 79.21100000 30.48600000 -2.99869842e+00
79.09000000 30.29800000 79.19400000 30.32900000 -6.42455740e-01
79.09000000 30.29800000 79.21100000 30.48600000 -3.62816048e+00
79.09000000 30.29800000 79.43000000 29.64000000 -4.55735636e+00
79.19400000 30.32900000 79.21100000 30.48600000 -2.58312027e+00
79.19400000 30.32900000 79.55900000 30.53100000 -1.45870238e+00
79.19400000 30.32900000 79.43000000 29.64000000 -5.95294881e+00
79.19400000 30.32900000 79.77000000 29.82000000 -2.59621055e+00
79.49300000 30.74300000 79.21100000 30.48600000 -2.23771077e+00
79.49300000 30.74300000 79.55900000 30.53100000 -2.34905075e+00
80.24000000 30.06000000 79.55900000 30.53100000 -7.17619197e-01
80.24000000 30.06000000 80.04100000 29.83800000 -5.10544176e+00
80.24000000 30.06000000 79.77000000 29.82000000 -3.95983675e+00
80.24000000 30.06000000 80.34000000 29.76000000 -5.28041026e+00
80.24000000 30.06000000 80.56000000 29.86000000 -3.45292130e-01
80.94300001 26.89100000 80.14800001 28.96300000 -8.28743404e-02
80.94300001 26.89100000 81.11600000 28.61300000 -1.02581702e-01
80.94300001 26.89100000 81.57500000 28.13400000 -7.77524655e-01
80.94300001 26.89100000 82.09500000 28.01000000 7.96096147e-01
80.94300001 26.89100000 82.54000000 27.78600000 -2.22032225e-01
80.94300001 26.89100000 80.58200000 28.75400000 3.43459381e+00
80.94300001 26.89100000 81.61500000 28.04900000 -2.95044949e-01
80.94300001 26.89100000 85.92499999 26.71100000 -9.93972981e-01
80.94300001 26.89100000 79.08000000 29.23000000 7.91039111e-02
88.56900000 27.36500000 88.91000000 27.49000000 -1.16386059e+00
88.56900000 27.36500000 87.70999999 27.35200000 1.47422663e+00
88.56900000 27.36500000 88.70200000 27.02400000 -1.39947826e+00
88.56900000 27.36500000 88.50300000 27.08900000 1.05038264e+00
89.39200000 26.84900000 92.41500000 27.27000000 -2.61275744e+00
89.39200000 26.84900000 89.63500000 27.47200000 -3.72540950e+00
89.39200000 26.84900000 88.73800000 26.75100000 2.66621633e-01
89.39200000 26.84900000 88.93600000 26.96500000 -4.75976058e-01
89.39200000 26.84900000 91.23700000 25.00000000 -2.56536437e+00
92.43900000 28.43200000 92.41500000 27.27000000 -7.87984241e+00
80.14800001 28.96300000 80.63600000 29.01200000 2.97725863e-01
80.14800001 28.96300000 80.58200000 28.75400000 1.18095246e+00
80.14800001 28.96300000 79.08000000 29.23000000 2.71434813e-01
80.14800001 28.96300000 79.51000001 29.21000000 2.40184168e-01
80.14800001 28.96300000 80.18000000 29.10000000 -6.29913663e-01
80.60200000 29.33400000 80.72100000 29.52700000 -2.99895801e+00
80.60200000 29.33400000 80.50100000 29.73400000 -3.68504649e+00
80.60200000 29.33400000 80.62600000 29.17700000 -9.02161447e-01
80.60200000 29.33400000 81.20100000 29.47400000 -2.33402393e+00
80.60200000 29.33400000 80.09000000 29.33000000 -2.10534421e-01
80.60200000 29.33400000 80.18000000 29.10000000 -6.40887209e-01
80.60200000 29.33400000 80.23000000 29.59000000 7.75536512e-02
80.63600000 29.01200000 81.11600000 28.61300000 -4.75010866e-02
80.63600000 29.01200000 81.35300000 28.82400000 -7.73458062e-02
80.63600000 29.01200000 80.58200000 28.75400000 3.89657065e-01
80.63600000 29.01200000 80.62600000 29.17700000 -4.34019960e-01
80.63600000 29.01200000 81.20100000 29.47400000 -6.84572640e+00
80.63600000 29.01200000 80.18000000 29.10000000 6.65484180e-01
80.72100000 29.52700000 80.50100000 29.73400000 -6.75380914e-01
80.72100000 29.52700000 81.20100000 29.47400000 9.31379962e-01
80.72100000 29.52700000 80.56000000 29.86000000 -3.97769572e+00
81.11600000 28.61300000 81.35300000 28.82400000 -9.69404951e-01
81.11600000 28.61300000 81.57500000 28.13400000 -4.61188211e-01
81.11600000 28.61300000 81.63400000 28.58300000 -2.59976311e-01
81.11600000 28.61300000 81.69100000 28.40700000 -1.06412026e-02
81.11600000 28.61300000 80.58200000 28.75400000 -4.93086865e-01
81.35300000 28.82400000 81.63400000 28.58300000 -1.92512487e-01
81.35300000 28.82400000 81.63500000 28.58600000 -1.75148503e-01
81.35300000 28.82400000 81.20100000 29.47400000 -7.30492469e+00
81.35300000 28.82400000 81.71400000 28.65600000 1.54775337e-01
81.35300000 28.82400000 82.19300000 29.27800000 -6.44414014e+00
81.57500000 28.13400000 81.69100000 28.40700000 4.71563423e-01
81.63400000 28.58300000 81.69100000 28.40700000 -4.80630248e-01
81.63400000 28.58300000 81.71400000 28.65600000 -6.80468658e-01
81.63500000 28.58600000 81.71400000 28.65600000 -6.54948655e-01
81.69100000 28.40700000 82.09500000 28.01000000 5.19627926e-01
81.69100000 28.40700000 82.34700000 28.24900000 1.93512405e-01
81.69100000 28.40700000 81.59500000 28.11700000 4.15339779e-01
81.69100000 28.40700000 81.71400000 28.65600000 -1.41425126e+00
82.09500000 28.01000000 82.24700000 28.03000000 -1.95239800e-01
82.09500000 28.01000000 82.34700000 28.24900000 4.96543419e-01
82.09500000 28.01000000 82.54000000 27.78600000 -9.02338096e-01
82.09500000 28.01000000 81.59500000 28.11700000 6.66301305e-01
82.09500000 28.01000000 81.61500000 28.04900000 4.91655208e-01
82.24700000 28.03000000 82.34700000 28.24900000 7.06971427e-01
82.24700000 28.03000000 82.54000000 27.78600000 -2.53727109e+00
82.24700000 28.03000000 82.49100000 27.95100000 -1.89291382e+00
82.24700000 28.03000000 82.57300000 28.06300000 -1.17031436e+00
82.34700000 28.24900000 81.71400000 28.65600000 -5.16537616e-02
82.34700000 28.24900000 82.81800000 28.98400000 -9.55927906e+00
82.34700000 28.24900000 82.57300000 28.06300000 -1.20496867e+00
82.50400000 27.95100000 82.54000000 27.78600000 -8.24492307e-01
82.50400000 27.95100000 82.57300000 28.06300000 1.09360774e+00
82.54000000 27.78600000 82.78500000 27.56800000 -4.31444179e-02
82.54000000 27.78600000 82.49100000 27.95100000 -8.64207327e-01
82.54000000 27.78600000 82.57300000 28.06300000 -1.32033801e-01
82.78500000 27.56800000 82.57300000 28.06300000 -3.59764895e-01
82.78500000 27.56800000 83.41800000 27.50700000 -5.50588044e-02
82.78500000 27.56800000 83.55400000 27.87400000 4.74670916e-01
85.00799999 27.31600000 85.39799999 27.57500000 -2.85301086e+00
85.00799999 27.31600000 84.98499999 27.16600000 7.52823553e-01
85.00799999 27.31600000 85.10799999 27.60800000 -3.78010273e+00
85.00799999 27.31600000 84.43000000 27.67800000 9.30462900e-01
85.21000000 29.44000000 84.41000000 28.37500000 -3.53594014e+00
85.21000000 29.44000000 85.74100000 29.59100000 -6.64425270e-02
85.22199999 28.01500000 85.32899999 28.17100000 6.89084345e-02
85.22199999 28.01500000 84.38000000 28.22900000 8.25168373e-01
85.22199999 28.01500000 84.41000000 28.37500000 7.92537866e-01
85.22199999 28.01500000 85.10799999 27.60800000 -2.98371677e+00
85.22199999 28.01500000 85.27899999 27.80100000 -2.20317703e+00
85.22199999 28.01500000 85.31399999 28.20700000 7.67656197e-02
85.22199999 28.01500000 84.43000000 27.67800000 -4.10691478e+00
85.27999999 27.69300000 85.10799999 27.60800000 -1.37316340e-01
85.27999999 27.69300000 85.27899999 27.80100000 3.01517583e-01
85.27999999 27.69300000 85.28799999 27.68200000 3.65940310e-02
85.27999999 27.69300000 85.35799999 27.69700000 1.07881009e-02
85.32899999 28.17100000 85.27899999 27.80100000 -2.28516790e+00
85.32899999 28.17100000 85.52099999 27.69300000 -2.65432424e+00
85.32899999 28.17100000 85.87699999 27.91000000 1.09534974e-01
85.39799999 27.57500000 85.79399999 27.74500000 6.69805582e-01
85.39799999 27.57500000 84.98499999 27.16600000 -3.20305844e+00
85.39799999 27.57500000 85.10799999 27.60800000 1.80471582e-01
85.39799999 27.57500000 85.28799999 27.68200000 -1.25849628e+00
85.39799999 27.57500000 85.52099999 27.69300000 -3.97345735e-01
85.39799999 27.57500000 85.35799999 27.69700000 -1.17131542e+00
85.39799999 27.57500000 85.92499999 26.71100000 -4.21342709e+00
85.79399999 27.74500000 86.22999999 27.63500000 1.04153558e+00
85.79399999 27.74500000 85.52099999 27.69300000 7.68974505e-01
85.79399999 27.74500000 85.87699999 27.91000000 -1.93836884e+00
85.79399999 27.74500000 85.92499999 26.71100000 -8.43816153e+00
86.01999999 28.29000000 86.82699999 28.19400000 -5.56118204e-02
86.01999999 28.30000000 85.31399999 28.20700000 1.28025064e+00
86.01999999 28.30000000 86.82699999 28.19400000 -6.07947137e-02
86.22999999 27.63500000 85.87699999 27.91000000 -6.33458727e-01
86.22999999 27.63500000 86.54999999 27.30500000 -1.80983200e+00
86.22999999 27.63500000 86.71199999 27.81400000 -9.46389497e-01
86.22999999 27.63500000 85.92499999 26.71100000 -9.13318562e+00
86.22999999 27.63500000 86.71499999 27.80300000 -8.88119989e-01
86.22999999 27.63500000 86.72499999 27.68300000 -4.59510198e-01
86.81299999 27.95800000 86.71199999 27.81400000 -3.51442085e-01
86.81299999 27.95800000 86.82299999 27.89400000 -2.45940211e-01
86.81299999 27.95800000 86.82699999 28.19400000 -9.24449372e-01
86.81299999 27.95800000 86.92899999 27.97300000 -1.86598055e-01
87.57700000 29.11800000 87.15499999 28.63000000 -1.50920822e+00
87.57700000 29.11800000 88.86400000 29.25000000 -8.64274255e-01
78.70400000 33.19100000 85.74100000 29.59100000 3.38692682e-01
92.41500000 27.27000000 89.63500000 27.47200000 -2.64893858e+00
92.41500000 27.27000000 91.23700000 25.00000000 -8.37784349e+00
80.50100000 29.73400000 80.23000000 29.59000000 -2.85893341e+00
80.50100000 29.73400000 80.34000000 29.76000000 6.36886055e-02
80.50100000 29.73400000 80.56000000 29.86000000 -2.49652934e+00
80.62600000 29.17700000 81.20100000 29.47400000 -4.98527846e+00
80.62600000 29.17700000 80.18000000 29.10000000 3.75548314e-01
81.20100000 29.47400000 81.80700000 29.96900000 -4.92885970e+00
81.20100000 29.47400000 82.19300000 29.27800000 5.97463601e-02
81.20100000 29.47400000 80.56000000 29.86000000 -2.06122694e-02
81.71400000 28.65600000 82.19300000 29.27800000 -8.59027514e+00
81.71400000 28.65600000 82.81800000 28.98400000 -4.65585714e+00
81.80700000 29.96900000 82.19300000 29.27800000 -2.77233993e+00
82.19300000 29.27800000 82.81800000 28.98400000 -5.17511203e-01
82.49100000 27.95100000 82.57300000 28.06300000 1.16502190e+00
82.81800000 28.98400000 83.74300000 28.80500000 -3.53207567e-01
82.81800000 28.98400000 83.89500000 29.17900000 -9.84443578e-01
82.81800000 28.98400000 82.57300000 28.06300000 -9.40578452e+00
82.81800000 28.98400000 83.71800000 28.78100000 -4.29559637e-01
83.60300000 27.76700000 83.82600000 27.45700000 -4.16760606e-01
83.60300000 27.76700000 84.13000000 27.64800000 -3.41635048e-01
83.60300000 27.76700000 83.41800000 27.50700000 2.85612267e-01
83.60300000 27.76700000 83.55400000 27.87400000 -7.52196573e-02
83.60300000 27.76700000 83.97800000 28.19900000 -3.17936694e+00
83.74300000 28.80500000 83.89500000 29.17900000 -2.80343422e+00
83.74300000 28.80500000 83.93600000 28.26000000 -4.23112554e+00
83.74300000 28.80500000 84.41000000 28.37500000 -3.02391190e-01
83.82600000 27.45700000 84.13000000 27.64800000 3.77044969e-02
83.82600000 27.45700000 84.98499999 27.16600000 -1.43879087e-01
83.82600000 27.45700000 83.41800000 27.50700000 1.53432566e-01
83.93600000 28.26000000 84.41000000 28.37500000 -1.01100275e+00
83.93600000 28.26000000 83.55400000 27.87400000 -3.36466177e+00
83.93600000 28.26000000 83.71800000 28.78100000 -4.00167923e+00
84.13000000 27.64800000 84.26500000 27.97300000 -2.32236977e+00
84.13000000 27.64800000 84.98499999 27.16600000 2.47765083e+00
84.13000000 27.64800000 83.97800000 28.19900000 -1.61203579e+00
84.13000000 27.64800000 84.43000000 27.67800000 -6.43571095e-01
84.26500000 27.97300000 84.38000000 28.22900000 -2.99964563e+00
84.26500000 27.97300000 83.97800000 28.19900000 2.46703033e-02
84.26500000 27.97300000 84.43000000 27.67800000 -4.41533342e-01
84.38000000 28.22900000 84.41000000 28.37500000 -1.32022585e+00
84.38000000 28.22900000 83.97800000 28.19900000 -2.41754132e-01
84.38000000 28.22900000 84.43000000 27.67800000 -4.03625196e+00
84.41000000 28.37500000 85.31399999 28.20700000 3.71258356e-01
84.41000000 28.37500000 83.97800000 28.19900000 -1.85366790e+00
84.98499999 27.16600000 84.43000000 27.67800000 2.43984483e+00
84.98499999 27.16600000 85.92499999 26.71100000 -1.12678762e+00
85.10799999 27.60800000 85.27899999 27.80100000 -4.21516110e-01
85.10799999 27.60800000 85.28799999 27.68200000 -4.45858394e-02
85.10799999 27.60800000 84.43000000 27.67800000 -4.84896747e-01
85.27899999 27.80100000 85.52099999 27.69300000 -2.82499898e-01
85.27899999 27.80100000 85.35799999 27.69700000 6.86349478e-02
85.28799999 27.68200000 85.35799999 27.69700000 5.12323815e-02
85.52099999 27.69300000 85.87699999 27.91000000 -2.03478537e-01
85.52099999 27.69300000 85.35799999 27.69700000 -1.69422166e-01
86.54999999 27.30500000 86.59699999 26.99100000 -4.23288587e+00
86.54999999 27.30500000 85.92499999 26.71100000 -6.99735177e+00
86.54999999 27.30500000 86.72499999 27.68300000 -1.57245143e-01
86.54999999 27.30500000 87.20599999 27.38000000 3.25148444e+00
86.59699999 26.99100000 87.39199999 26.86600000 -8.78842728e-02
86.59699999 26.99100000 85.92499999 26.71100000 6.09263462e-01
86.59699999 26.99100000 87.20599999 27.38000000 -2.77767756e-01
86.71199999 27.81400000 86.82299999 27.89400000 -9.07619297e-02
87.39199999 26.86600000 87.70999999 27.35200000 -2.39353318e+00
87.39199999 26.86600000 88.18500000 26.88300000 5.62837024e-01
87.39199999 26.86600000 88.35000000 26.71100000 -1.20418391e-01
87.39199999 26.86600000 85.92499999 26.71100000 1.93265434e-01
87.39199999 26.86600000 87.20599999 27.38000000 -5.18022459e+00
87.70999999 27.35200000 88.40000000 26.98000000 -2.15973247e+00
87.70999999 27.35200000 88.18500000 26.88300000 -3.75042443e+00
87.70999999 27.35200000 86.92899999 27.97300000 -2.66585082e+00
87.70999999 27.35200000 87.20599999 27.38000000 -1.53172717e+00
87.70999999 27.35200000 88.50300000 27.08900000 -1.60974631e-01
77.60000000 34.12800000 76.16200000 34.55900000 -8.26272949e-02
88.40000000 26.98000000 88.18500000 26.88300000 3.28298031e-01
88.40000000 26.98000000 88.35000000 26.71100000 -2.68412562e+00
88.40000000 26.98000000 88.56900000 26.88900000 -1.55173303e-01
88.40000000 26.98000000 88.50300000 27.08900000 -2.53721478e+00
88.68000000 27.00000000 88.56900000 26.88900000 -1.22101439e+00
88.68000000 27.00000000 88.70200000 27.02400000 -4.83755041e-01
88.68000000 27.00000000 88.75300000 26.88100000 -1.44333489e+00
88.68000000 27.00000000 88.79100000 27.01000000 1.35336975e-01
88.68000000 27.00000000 88.50300000 27.08900000 -9.19012442e-01
88.18500000 26.88300000 88.35000000 26.71100000 -1.02964284e+00
88.35000000 26.71100000 88.56900000 26.88900000 -8.52655241e-01
88.35000000 26.71100000 88.73800000 26.75100000 -8.03794813e-02
88.35000000 26.71100000 85.92499999 26.71100000 1.46993720e-01
88.35000000 26.71100000 91.23700000 25.00000000 -2.19455157e+00
88.56900000 26.88900000 88.73800000 26.75100000 -4.36835041e-01
88.56900000 26.88900000 88.75300000 26.88100000 2.53635203e-02
88.56900000 26.88900000 88.50300000 27.08900000 -4.11555084e+00
88.70200000 27.02400000 88.79100000 27.01000000 6.96291790e-02
88.70200000 27.02400000 88.50300000 27.08900000 -2.30940433e-01
88.73800000 26.75100000 88.75300000 26.88100000 -5.10148775e-01
88.73800000 26.75100000 88.93600000 26.96500000 -9.11726034e-01
88.73800000 26.75100000 91.23700000 25.00000000 -1.04075078e+00
88.75300000 26.88100000 88.79100000 27.01000000 -1.80489098e+00
88.75300000 26.88100000 88.93600000 26.96500000 -3.49546963e-01
88.79100000 27.01000000 88.93600000 26.96500000 -5.11428778e-01
77.17200000 28.54400000 79.08000000 29.23000000 -3.25547859e-01
79.21100000 30.48600000 79.55900000 30.53100000 1.26919114e+00
79.55900000 30.53100000 79.77000000 29.82000000 -8.61126735e+00
79.62000000 29.63800000 79.43000000 29.64000000 5.19056804e-01
79.62000000 29.63800000 79.65000000 29.59000000 2.14511955e-01
79.62000000 29.63800000 79.77000000 29.82000000 -2.11406349e+00
80.04100000 29.83800000 79.77000000 29.82000000 -1.01241566e-01
80.04100000 29.83800000 79.90000000 29.78000000 -8.06118420e-01
80.04100000 29.83800000 80.23000000 29.59000000 -1.17200465e+00
80.04100000 29.83800000 80.34000000 29.76000000 3.06117336e-02
82.57300000 28.06300000 83.55400000 27.87400000 -7.83848318e-03
82.57300000 28.06300000 83.71800000 28.78100000 -5.29128449e+00
83.41800000 27.50700000 83.55400000 27.87400000 -6.22857177e-02
83.55400000 27.87400000 83.71800000 28.78100000 -7.05964965e+00
83.55400000 27.87400000 83.97800000 28.19900000 -3.00594775e+00
85.92499999 26.71100000 91.23700000 25.00000000 -1.20667163e+00
86.71499999 27.80300000 86.72499999 27.68300000 1.25337265e-01
86.71499999 27.80300000 86.82299999 27.89400000 -1.35431230e-01
86.72499999 27.68300000 86.82299999 27.89400000 -7.26726162e-02
86.72499999 27.68300000 87.20599999 27.38000000 -5.87014527e-01
86.82299999 27.89400000 86.92899999 27.97300000 -4.34368256e-01
86.82299999 27.89400000 87.20599999 27.38000000 -1.05835911e+00
86.82699999 28.19400000 86.92899999 27.97300000 -6.91185508e-01
86.92899999 27.97300000 87.20599999 27.38000000 -1.58348326e+00
79.08000000 29.23000000 79.43000000 29.64000000 6.23715618e-01
79.08000000 29.23000000 79.51000001 29.21000000 -2.60273537e-02
79.43000000 29.64000000 79.51000001 29.21000000 5.54283998e-01
79.43000000 29.64000000 79.65000000 29.59000000 7.95348695e-01
79.43000000 29.64000000 79.77000000 29.82000000 -1.26123977e+00
79.51000001 29.21000000 79.65000000 29.59000000 -4.66245668e-01
79.51000001 29.21000000 80.09000000 29.33000000 -1.03638144e+00
79.51000001 29.21000000 80.18000000 29.10000000 6.46609164e-01
79.65000000 29.59000000 79.77000000 29.82000000 -2.22411398e+00
79.65000000 29.59000000 79.90000000 29.78000000 -1.85378721e+00
79.65000000 29.59000000 80.09000000 29.33000000 -2.11414358e-01
79.77000000 29.82000000 79.90000000 29.78000000 1.27151188e-01
79.90000000 29.78000000 80.09000000 29.33000000 -1.31035269e+00
79.90000000 29.78000000 80.23000000 29.59000000 8.47672516e-02
80.09000000 29.33000000 80.18000000 29.10000000 1.55646063e-01
80.09000000 29.33000000 80.23000000 29.59000000 -1.34751041e+00
80.23000000 29.59000000 80.34000000 29.76000000 -2.71317721e+00
80.34000000 29.76000000 80.56000000 29.86000000 -1.47680636e+00
73.24900000 34.42000000 73.39100000 33.89500000 -2.23511880e-02
73.24900000 34.42000000 73.65300000 33.97800000 1.77213952e-04
73.24900000 34.42000000 73.93500000 33.93000000 5.36903424e-02
73.24900000 34.42000000 74.48400000 34.09500000 2.35379666e-01
73.24900000 34.42000000 74.97400000 34.35300000 4.83807906e-01
73.39100000 33.89500000 73.65300000 33.97800000 4.69436184e-02
73.39100000 33.89500000 73.75200000 33.87100000 7.18258068e-02
73.39100000 33.89500000 74.34700000 33.39500000 9.59141803e-01
73.65300000 33.97800000 73.75200000 33.87100000 1.76108167e-02
73.65300000 33.97800000 73.93500000 33.93000000 6.79479065e-02
73.75200000 33.87100000 73.93500000 33.93000000 5.21914098e-02
73.75200000 33.87100000 74.34700000 33.39500000 4.51397112e-01
73.93500000 33.93000000 74.34700000 33.39500000 -9.76298079e-02
73.93500000 33.93000000 74.48400000 34.09500000 7.44513884e-01
73.93500000 33.93000000 74.59300000 33.99300000 8.11610294e-01
74.34700000 33.39500000 74.59300000 33.99300000 -7.37278590e-02
74.34700000 33.39500000 75.03700000 33.59500000 9.04050083e-01
74.48400000 34.09500000 74.59300000 33.99300000 -4.13754916e-01
74.48400000 34.09500000 74.81700000 34.10900000 2.36917938e-01
74.48400000 34.09500000 74.83700000 34.13000000 2.56864062e-01
74.48400000 34.09500000 74.97400000 34.35300000 1.42998296e-01
74.59300000 33.99300000 74.81700000 34.10900000 1.64907157e-02
74.59300000 33.99300000 75.03700000 33.59500000 1.17873786e-02
74.81700000 34.10900000 74.83700000 34.13000000 -4.60358624e-02
74.81700000 34.10900000 74.88900000 34.12000000 3.06501669e-02
74.81700000 34.10900000 75.03700000 33.59500000 -8.43093578e-01
74.83700000 34.13000000 74.88900000 34.12000000 4.06675905e-02
74.83700000 34.13000000 74.97400000 34.35300000 -4.13530258e-01
74.83700000 34.13000000 75.04500000 34.22700000 -1.03594619e-01
74.88900000 34.12000000 75.03700000 33.59500000 -1.05551657e+00
74.88900000 34.12000000 75.04500000 34.22700000 -1.77086590e-01
74.88900000 34.12000000 75.27200000 34.10000000 -3.70271920e-02
74.97400000 34.35300000 75.04500000 34.22700000 -2.04880984e-01
74.97400000 34.35300000 75.32500000 34.29200000 -3.23123339e-02
74.97400000 34.35300000 75.76900000 34.42400000 -1.02820240e-01
75.03700000 33.59500000 75.27200000 34.10000000 -1.74609063e+00
75.04500000 34.22700000 75.27200000 34.10000000 -7.65228437e-02
75.04500000 34.22700000 75.32500000 34.29200000 -1.63318439e-01
75.27200000 34.10000000 75.32500000 34.29200000 -4.69425653e-01
75.27200000 34.10000000 75.76900000 34.42400000 -8.25019320e-01
75.32500000 34.29200000 75.76900000 34.42400000 -2.36565599e-01
75.76900000 34.42400000 76.16200000 34.55900000 -2.86261158e-01
