79.09800000 31.88700000 79.81400000 31.49800000 3.91505156e-01
79.09800000 31.88700000 80.29300000 31.71100000 1.60931851e-01
79.09800000 31.88700000 77.92100000 32.36400000 6.18216107e-01
79.09800000 31.88700000 78.75400000 31.03700000 -3.15357196e+00
79.09800000 31.88700000 78.97300000 32.77900000 -1.96878986e+00
79.09800000 31.88700000 78.67600000 30.99700000 -3.82587427e+00
79.81400000 31.49800000 80.29300000 31.71100000 -6.09619469e-01
79.81400000 31.49800000 80.42900000 30.96100000 -9.81685382e-02
79.81400000 31.49800000 78.75400000 31.03700000 -3.27857576e+00
79.81400000 31.49800000 79.49300000 30.74300000 -1.50949906e+00
80.29300000 31.71100000 80.42900000 30.96100000 -6.31424164e-02
80.29300000 31.71100000 81.42800000 30.83700000 1.13368790e+00
80.29300000 31.71100000 78.97300000 32.77900000 5.43696741e-01
80.42900000 30.96100000 81.17600000 30.29000000 -1.99165447e+00
80.42900000 30.96100000 81.42800000 30.83700000 5.09087428e-01
80.42900000 30.96100000 79.49300000 30.74300000 -1.60500666e+00
80.42900000 30.96100000 80.24000000 30.06000000 -4.25879309e+00
80.42900000 30.96100000 79.55900000 30.53100000 -3.25109056e+00
81.17600000 30.29000000 81.42800000 30.83700000 -1.56147919e+00
81.17600000 30.29000000 81.85600000 30.71600000 -8.47384079e-01
81.17600000 30.29000000 80.24000000 30.06000000 -3.62811390e+00
81.17600000 30.29000000 81.20100000 29.47400000 -7.93692416e+00
81.17600000 30.29000000 81.80700000 29.96900000 2.26185815e+00
81.17600000 30.29000000 80.56000000 29.86000000 -4.99773353e+00
81.42800000 30.83700000 81.85600000 30.71600000 -1.70560433e-01
81.85600000 30.71600000 82.83200000 30.38900000 -1.10934037e+00
81.85600000 30.71600000 81.80700000 29.96900000 -4.21973579e+00
82.83200000 30.38900000 83.24000000 29.80000000 -7.87765667e-01
82.83200000 30.38900000 84.03900000 29.72100000 -9.21920511e-01
82.83200000 30.38900000 81.80700000 29.96900000 -1.48930204e+00
82.83200000 30.38900000 82.19300000 29.27800000 -5.40694670e+00
82.83200000 30.38900000 85.74100000 29.59100000 -1.95773581e-01
83.24000000 29.80000000 84.03900000 29.72100000 -8.05127233e-01
83.24000000 29.80000000 84.04300000 29.53400000 -1.03159322e+00
83.24000000 29.80000000 82.19300000 29.27800000 -2.37644694e+00
83.24000000 29.80000000 82.81800000 28.98400000 -1.44387742e+00
83.24000000 29.80000000 83.89500000 29.17900000 -1.99987072e+00
84.03900000 29.72100000 84.15600000 29.68000000 -4.63683262e-02
84.03900000 29.72100000 84.04300000 29.53400000 -4.90685587e-01
84.03900000 29.72100000 85.74100000 29.59100000 -8.99429171e-02
84.15600000 29.68000000 84.04300000 29.53400000 -3.75824460e-01
84.15600000 29.68000000 85.21000000 29.44000000 1.92707426e-01
84.15600000 29.68000000 85.74100000 29.59100000 -9.85557343e-02
85.44200000 28.95900000 85.64000000 29.44100000 -1.60625120e+00
85.44200000 28.95900000 86.38699999 28.68700000 5.50460838e-02
85.44200000 28.95900000 85.21000000 29.44000000 -8.23650721e-01
85.44200000 28.95900000 86.01999999 28.30000000 -3.20514901e-01
85.44200000 28.95900000 84.41000000 28.37500000 -2.22276917e+00
85.44200000 28.95900000 85.31399999 28.20700000 -4.27026346e+00
85.64000000 29.44100000 86.38699999 28.68700000 -8.08989914e-01
85.64000000 29.44100000 85.21000000 29.44000000 -1.50887259e-01
85.64000000 29.44100000 85.74100000 29.59100000 -2.33426679e-01
85.97499999 28.14900000 85.32899999 28.17100000 5.25980479e-01
85.97499999 28.14900000 86.01999999 28.29000000 -1.07194741e+00
85.97499999 28.14900000 86.01999999 28.30000000 -1.12776676e+00
85.97499999 28.14900000 86.22999999 27.63500000 -2.79670987e+00
85.97499999 28.14900000 86.81299999 27.95800000 1.48508475e-01
85.97499999 28.14900000 85.31399999 28.20700000 6.94842593e-01
85.97499999 28.14900000 85.87699999 27.91000000 -2.38046220e+00
85.97499999 28.14900000 86.71199999 27.81400000 6.66603691e-01
85.97499999 28.14900000 86.82699999 28.19400000 -7.00655957e-01
86.38699999 28.68700000 86.96699999 28.39200000 -3.49104962e-01
86.38699999 28.68700000 87.05999999 28.58700000 -4.21959271e-01
86.38699999 28.68700000 87.08600000 29.32000000 -1.21469454e+00
86.38699999 28.68700000 86.93999999 28.35700000 -3.41163536e-01
86.38699999 28.68700000 86.01999999 28.30000000 -2.35081162e+00
86.38699999 28.68700000 86.82699999 28.19400000 -3.87706745e-01
86.38699999 28.68700000 85.74100000 29.59100000 -1.05178586e+00
86.94099999 28.35700000 86.82699999 28.19400000 -2.87661863e-01
86.94099999 28.35700000 86.92899999 27.97300000 -4.06734627e-01
86.96699999 28.39200000 87.05999999 28.58700000 -3.27035216e-01
86.96699999 28.39200000 87.76900000 28.53800000 -4.95839282e-01
86.96699999 28.39200000 86.92899999 27.97300000 -4.58262897e-01
86.96699999 28.39200000 87.15499999 28.63000000 -4.31204235e-01
87.05999999 28.58700000 87.08600000 29.32000000 -1.23329712e+00
87.05999999 28.58700000 87.15499999 28.63000000 -1.01215315e-01
87.08600000 29.32000000 85.74100000 29.59100000 -5.50655142e-01
87.18400000 29.26900000 87.57700000 29.11800000 -1.94630081e-01
87.18400000 29.26900000 87.15499999 28.63000000 -1.08583357e+00
87.76900000 28.53800000 88.56000000 28.24400000 -6.87515618e-01
87.76900000 28.53800000 88.86500000 29.24900000 -7.10176474e-01
87.76900000 28.53800000 87.57700000 29.11800000 -1.25604351e+00
87.76900000 28.53800000 87.70999999 27.35200000 -5.15753663e+00
87.76900000 28.53800000 86.92899999 27.97300000 -7.13309593e-01
87.76900000 28.53800000 87.15499999 28.63000000 -3.35637884e-01
87.76900000 28.53800000 88.86400000 29.25000000 -7.12274026e-01
88.56000000 28.24400000 88.86500000 29.24900000 -3.01779415e+00
88.56000000 28.24400000 89.15400000 27.72100000 -9.61170980e-01
88.56000000 28.24400000 89.30500000 27.93100000 4.63462815e-03
88.56000000 28.24400000 89.55600000 28.91100000 -1.40737833e+00
88.56000000 28.24400000 89.62700000 28.31500000 2.87974540e-01
88.56000000 28.24400000 88.56900000 27.36500000 -4.46308543e+00
88.56000000 28.24400000 88.91000000 27.49000000 -2.29679386e+00
88.56000000 28.24400000 87.70999999 27.35200000 -3.76718131e+00
88.86500000 29.24900000 89.55600000 28.91100000 -5.17353946e-01
88.86500000 29.24900000 90.15400000 29.44400000 4.03732933e-01
88.86500000 29.24900000 89.57300000 28.91400000 -4.99003110e-01
88.90600000 27.43700000 89.15400000 27.72100000 -1.12328454e+00
88.90600000 27.43700000 88.56900000 27.36500000 -4.83090383e-01
88.90600000 27.43700000 89.39200000 26.84900000 -3.69577622e-01
88.90600000 27.43700000 89.63500000 27.47200000 -1.41432844e+00
88.90600000 27.43700000 88.70200000 27.02400000 -1.96728092e+00
88.90600000 27.43700000 88.79100000 27.01000000 -1.72884412e+00
88.90600000 27.43700000 88.93600000 26.96500000 -1.14807360e+00
89.15400000 27.72100000 89.30500000 27.93100000 -9.60921603e-01
89.15400000 27.72100000 88.91000000 27.49000000 -9.40350828e-01
89.15400000 27.72100000 89.63500000 27.47200000 -4.01554340e-01
89.30500000 27.93100000 89.62700000 28.31500000 -1.77636373e+00
89.30500000 27.93100000 89.63500000 27.47200000 -7.01177795e-01
89.55600000 28.91100000 89.62700000 28.31500000 -2.24730773e+00
89.55600000 28.91100000 89.91100000 28.61900000 -6.92813460e-01
89.62700000 28.31500000 89.91100000 28.61900000 -1.25456241e+00
89.62700000 28.31500000 90.55800000 28.41900000 -6.08185954e-01
89.62700000 28.31500000 89.63500000 27.47200000 -2.56195382e+00
89.91100000 28.61900000 90.10700000 28.93200000 -1.05429817e+00
89.91100000 28.61900000 90.55800000 28.41900000 1.99043433e-01
89.91100000 28.61900000 89.57300000 28.91400000 -7.23162827e-01
90.10700000 28.93200000 90.15400000 29.44400000 -1.72073517e+00
90.10700000 28.93200000 90.26700000 29.32400000 -1.29499814e+00
90.10700000 28.93200000 90.55800000 28.41900000 -6.31403445e-01
90.10700000 28.93200000 90.95900000 29.27800000 -5.38767646e-01
90.10700000 28.93200000 89.57300000 28.91400000 9.66208593e-02
90.15400000 29.44400000 90.26700000 29.32400000 -1.25783694e-01
90.15400000 29.44400000 78.70400000 33.19100000 2.21102936e-01
90.15400000 29.44400000 89.57300000 28.91400000 -1.00028007e+00
90.15400000 29.44400000 85.74100000 29.59100000 2.16707363e-01
90.26700000 29.32400000 90.95900000 29.27800000 2.83598579e-01
90.55800000 28.41900000 91.88900000 28.96000000 -1.17434180e+00
90.55800000 28.41900000 91.91000000 27.97100000 6.79194047e-01
90.55800000 28.41900000 89.63500000 27.47200000 -3.97643633e+00
90.55800000 28.41900000 90.95900000 29.27800000 -3.05614301e+00
91.88900000 28.96000000 91.91000000 27.97100000 -2.26415162e+00
91.88900000 28.96000000 92.39900000 28.42200000 2.99036693e-01
91.88900000 28.96000000 93.07300000 29.04400000 -1.07549523e-01
91.88900000 28.96000000 92.43900000 28.43200000 4.28896293e-01
91.88900000 28.96000000 90.95900000 29.27800000 9.91348235e-02
91.91000000 27.97100000 92.39900000 28.42200000 -1.43135073e+00
91.91000000 27.97100000 92.41500000 27.27000000 -4.80794509e+00
91.91000000 27.97100000 89.63500000 27.47200000 -2.55784687e+00
92.39900000 28.42200000 92.41500000 27.27000000 -8.01066500e+00
93.07300000 29.04400000 92.43900000 28.43200000 -1.64974809e+00
93.07300000 29.04400000 92.41500000 27.27000000 -9.54654052e+00
93.07300000 29.04400000 90.95900000 29.27800000 4.35955687e-01
83.95300000 29.17800000 84.04300000 29.53400000 -1.10347247e+00
83.95300000 29.17800000 85.21000000 29.44000000 -5.20738554e-01
83.95300000 29.17800000 83.74300000 28.80500000 -1.05191704e+00
83.95300000 29.17800000 84.41000000 28.37500000 -3.17519897e+00
84.04300000 29.53400000 85.21000000 29.44000000 9.12813400e-02
84.04300000 29.53400000 83.89500000 29.17900000 -1.04474210e+00
86.93999999 28.35700000 86.82699999 28.19400000 -2.86574140e-01
75.36300000 32.56500000 75.88100000 32.30400000 -8.26247936e-01
75.36300000 32.56500000 75.93800000 31.47900000 -1.43944454e+00
75.36300000 32.56500000 75.99300000 32.53600000 -7.54197451e-01
75.36300000 32.56500000 74.34700000 33.39500000 -7.52059691e-01
75.36300000 32.56500000 75.03700000 33.59500000 -9.93371699e-01
75.88100000 32.30400000 75.93800000 31.47900000 -1.56236995e-01
75.88100000 32.30400000 75.99300000 32.53600000 -1.47110897e+00
75.88100000 32.30400000 76.29400000 31.89700000 -4.45032000e-01
75.88100000 32.30400000 76.30700000 32.24800000 -1.25829267e+00
75.93800000 31.47900000 76.29400000 31.89700000 8.82330808e-01
75.93800000 31.47900000 76.30700000 31.53800000 1.50602084e+00
75.93800000 31.47900000 77.12600000 28.48200000 -8.78988450e-01
75.93800000 31.47900000 77.63000000 30.27600000 -6.54803876e-01
75.93800000 31.47900000 77.17200000 28.54400000 -8.21360769e-01
75.93800000 31.47900000 73.39100000 33.89500000 -2.38976160e-02
75.93800000 31.47900000 74.34700000 33.39500000 -2.39712872e+00
75.99300000 32.53600000 76.30700000 32.24800000 -8.96972162e-01
75.99300000 32.53600000 76.68900000 32.69800000 -1.31265734e+00
75.99300000 32.53600000 75.03700000 33.59500000 -1.25261037e+00
76.29400000 31.89700000 76.30700000 31.53800000 -4.09866915e-01
76.29400000 31.89700000 76.30700000 32.24800000 -1.85568812e+00
76.29400000 31.89700000 76.67300000 31.91900000 -1.25589375e+00
76.30700000 31.53800000 76.67300000 31.91900000 -2.09180628e+00
76.30700000 31.53800000 76.81500000 31.63400000 -1.75091434e-02
76.30700000 31.53800000 77.63000000 30.27600000 -1.74063280e+00
76.30700000 32.24800000 76.67300000 31.91900000 -4.94069756e-01
76.30700000 32.24800000 76.68900000 32.69800000 -2.58131737e+00
76.30700000 32.24800000 77.19200000 32.31700000 -2.42281212e+00
76.67300000 31.91900000 76.81500000 31.63400000 -8.45686503e-01
76.67300000 31.91900000 77.10800000 32.06700000 -5.29925640e+00
76.67300000 31.91900000 77.19200000 32.31700000 -5.29061540e+00
76.68900000 32.69800000 77.17500000 32.63400000 -1.47338192e-01
76.68900000 32.69800000 77.19200000 32.31700000 -1.51897108e+00
76.68900000 32.69800000 77.42500000 32.79800000 -1.04292046e+00
76.68900000 32.69800000 77.60000000 34.12800000 -2.41734635e+00
76.68900000 32.69800000 75.03700000 33.59500000 -6.38817571e-02
76.68900000 32.69800000 75.27200000 34.10000000 -6.62710038e-01
76.68900000 32.69800000 75.76900000 34.42400000 -1.46313625e+00
76.68900000 32.69800000 76.16200000 34.55900000 -1.79603723e+00
76.81500000 31.63400000 77.10800000 32.06700000 -8.77483353e+00
76.81500000 31.63400000 77.63000000 30.27600000 -2.38241262e+00
76.81500000 31.63400000 78.02100000 30.45900000 -8.89386759e-01
76.81500000 31.63400000 78.67600000 30.99700000 7.54131781e-01
77.10800000 32.06700000 77.19200000 32.31700000 5.51625803e-01
77.10800000 32.06700000 77.92100000 32.36400000 -2.30861498e+00
77.10800000 32.06700000 78.67600000 30.99700000 2.82500053e+00
77.12600000 28.48200000 78.60800001 25.45200000 -2.01808196e-01
77.12600000 28.48200000 79.08000000 29.23000000 -4.88469255e-01
77.12600000 28.48200000 73.39100000 33.89500000 3.88262629e-01
77.17500000 32.63400000 77.19200000 32.31700000 -2.28214660e+00
77.17500000 32.63400000 77.42500000 32.79800000 -1.23270488e+00
77.19200000 32.31700000 77.42500000 32.79800000 -3.44567291e+00
77.19200000 32.31700000 77.92100000 32.36400000 -1.43789873e+00
77.42500000 32.79800000 77.80800000 33.97200000 1.26493248e+00
77.42500000 32.79800000 77.92100000 32.36400000 -1.06874307e+00
77.42500000 32.79800000 78.66000000 33.20900000 -1.22258896e+00
77.42500000 32.79800000 77.60000000 34.12800000 1.52369634e+00
77.63000000 30.27600000 77.86000000 30.32900000 1.24840307e-01
77.63000000 30.27600000 77.86800000 30.14700000 3.70436368e-01
77.63000000 30.27600000 78.02100000 30.45900000 -1.24098086e+00
77.63000000 30.27600000 77.17200000 28.54400000 -1.88385599e+00
77.80800000 33.97200000 78.66000000 33.20900000 1.02217909e-02
77.86000000 30.32900000 77.86800000 30.14700000 -2.37347033e-02
77.86000000 30.32900000 77.97400000 30.28500000 1.76371901e-02
77.86000000 30.32900000 78.01400000 30.32900000 -1.97074368e-01
77.86000000 30.32900000 78.02100000 30.45900000 -1.45694607e+00
77.86800000 30.14700000 77.97400000 30.28500000 -1.75446904e-01
77.86800000 30.14700000 77.97900000 30.09500000 3.53055667e-02
77.92100000 32.36400000 78.66000000 33.20900000 1.43779753e+00
77.92100000 32.36400000 78.97300000 32.77900000 9.36308715e-01
77.92100000 32.36400000 78.67600000 30.99700000 -3.59003363e+00
77.97400000 30.28500000 77.97900000 30.09500000 -1.85950008e-02
77.97400000 30.28500000 78.01400000 30.32900000 -2.37012317e-01
77.97400000 30.28500000 78.18700000 30.19100000 -9.50655085e-02
77.97900000 30.09500000 78.18700000 30.19100000 -4.12991585e-01
77.97900000 30.09500000 78.68000000 29.84800000 -2.56409023e+00
77.97900000 30.09500000 77.17200000 28.54400000 -1.53313200e+00
78.01400000 30.32900000 78.02100000 30.45900000 -1.08725843e+00
78.01400000 30.32900000 78.11500000 30.45200000 -1.88496573e+00
78.01400000 30.32900000 78.15500000 30.34200000 -3.73510848e-01
78.01400000 30.32900000 78.18700000 30.19100000 5.74595220e-03
78.02100000 30.45900000 78.11500000 30.45200000 -3.43845769e-01
78.02100000 30.45900000 78.67600000 30.99700000 -1.01478007e+01
78.11500000 30.45200000 78.15500000 30.34200000 -9.01890851e-01
78.11500000 30.45200000 78.61700000 30.80600000 -7.33275334e+00
78.11500000 30.45200000 78.36500000 30.40400000 -1.07998598e+00
78.15500000 30.34200000 78.18700000 30.19100000 -3.71108849e-01
78.15500000 30.34200000 78.36800000 30.39400000 -2.30963689e+00
78.15500000 30.34200000 78.36500000 30.40400000 -2.44153554e+00
78.18700000 30.19100000 78.36800000 30.39400000 -3.12509113e+00
78.18700000 30.19100000 78.68000000 29.84800000 -2.18798816e+00
78.36800000 30.39400000 78.61700000 30.80600000 -7.21053391e+00
78.36800000 30.39400000 78.68000000 29.84800000 -2.70690273e+00
78.36800000 30.39400000 79.09000000 30.29800000 -1.90206946e+00
78.60800001 25.45200000 80.94300001 26.89100000 -3.10160860e-01
78.60800001 25.45200000 85.92499999 26.71100000 -4.57809722e-01
78.60800001 25.45200000 79.08000000 29.23000000 -9.93561235e-01
78.60800001 25.45200000 91.23700000 25.00000000 1.86880064e-01
78.61700000 30.80600000 78.75400000 31.03700000 -2.99135701e+00
78.61700000 30.80600000 79.09000000 30.29800000 -1.89078469e+00
78.61700000 30.80600000 78.36500000 30.40400000 -7.09128227e+00
78.61700000 30.80600000 78.67600000 30.99700000 -2.43854695e+00
78.61700000 30.80600000 79.21100000 30.48600000 -2.80297093e+00
78.66000000 33.20900000 78.97300000 32.77900000 -8.24555191e-01
78.68000000 29.84800000 79.09000000 30.29800000 -8.41336235e+00
78.68000000 29.84800000 77.17200000 28.54400000 -7.62779109e-01
78.68000000 29.84800000 79.08000000 29.23000000 -2.38554345e+00
78.68000000 29.84800000 79.43000000 29.64000000 -2.19352795e+00
78.75400000 31.03700000 79.49300000 30.74300000 -1.52544238e+00
78.75400000 31.03700000 78.67600000 30.99700000 -5.25021479e-01
78.75400000 31.03700000 79.21100000 30.48600000 -3.97934884e+00
79.09000000 30.29800000 79.19400000 30.32900000 -1.07952539e+00
79.09000000 30.29800000 79.21100000 30.48600000 -3.27547641e+00
79.09000000 30.29800000 79.43000000 29.64000000 -2.05251798e+00
79.19400000 30.32900000 79.21100000 30.48600000 -1.48199263e+00
79.19400000 30.32900000 79.55900000 30.53100000 -4.14879902e+00
79.19400000 30.32900000 79.43000000 29.64000000 -2.54813358e+00
79.19400000 30.32900000 79.77000000 29.82000000 -1.46872238e+00
79.49300000 30.74300000 79.21100000 30.48600000 -3.63711582e+00
79.49300000 30.74300000 79.55900000 30.53100000 -2.21439863e+00
80.24000000 30.06000000 79.55900000 30.53100000 -3.06095552e-01
80.24000000 30.06000000 80.04100000 29.83800000 -4.44196811e+00
80.24000000 30.06000000 79.77000000 29.82000000 -4.73758298e+00
80.24000000 30.06000000 80.34000000 29.76000000 -3.21660450e+00
80.24000000 30.06000000 80.56000000 29.86000000 7.33915995e-02
80.94300001 26.89100000 80.14800001 28.96300000 -6.32258125e-01
80.94300001 26.89100000 81.11600000 28.61300000 -2.83341019e-01
80.94300001 26.89100000 81.57500000 28.13400000 -1.16085001e+00
80.94300001 26.89100000 82.09500000 28.01000000 4.74509948e-01
80.94300001 26.89100000 82.54000000 27.78600000 -8.41358235e-01
80.94300001 26.89100000 80.58200000 28.75400000 5.10593529e+00
80.94300001 26.89100000 81.61500000 28.04900000 -1.02236371e+00
80.94300001 26.89100000 85.92499999 26.71100000 2.41303136e-02
80.94300001 26.89100000 79.08000000 29.23000000 -2.58884706e-01
88.56900000 27.36500000 88.91000000 27.49000000 -8.26108086e-01
88.56900000 27.36500000 87.70999999 27.35200000 4.24746550e-01
88.56900000 27.36500000 88.70200000 27.02400000 -1.20129906e+00
88.56900000 27.36500000 88.50300000 27.08900000 -1.44025217e+00
89.39200000 26.84900000 92.41500000 27.27000000 -2.76293054e+00
89.39200000 26.84900000 89.63500000 27.47200000 -1.05081911e+00
89.39200000 26.84900000 88.73800000 26.75100000 -9.72472365e-01
89.39200000 26.84900000 88.93600000 26.96500000 -2.15140662e-02
89.39200000 26.84900000 91.23700000 25.00000000 -4.50715832e-01
92.43900000 28.43200000 92.41500000 27.27000000 -8.13448583e+00
80.14800001 28.96300000 80.63600000 29.01200000 5.47186941e-01
80.14800001 28.96300000 80.58200000 28.75400000 1.58960199e+00
80.14800001 28.96300000 79.08000000 29.23000000 -8.43219320e-02
80.14800001 28.96300000 79.51000001 29.21000000 -4.27228471e-03
80.14800001 28.96300000 80.18000000 29.10000000 1.43534586e-01
80.60200000 29.33400000 80.72100000 29.52700000 -1.88483764e+00
80.60200000 29.33400000 80.50100000 29.73400000 -3.11700009e+00
80.60200000 29.33400000 80.62600000 29.17700000 -6.38237462e-01
80.60200000 29.33400000 81.20100000 29.47400000 -6.82201458e-01
80.60200000 29.33400000 80.09000000 29.33000000 -3.80359412e-01
80.60200000 29.33400000 80.18000000 29.10000000 -1.30112520e+00
80.60200000 29.33400000 80.23000000 29.59000000 -1.43642478e-01
80.63600000 29.01200000 81.11600000 28.61300000 1.73897935e-01
80.63600000 29.01200000 81.35300000 28.82400000 1.79973700e-01
80.63600000 29.01200000 80.58200000 28.75400000 7.55757211e-01
80.63600000 29.01200000 80.62600000 29.17700000 -4.63461032e-01
80.63600000 29.01200000 81.20100000 29.47400000 -2.81426162e+00
80.63600000 29.01200000 80.18000000 29.10000000 -7.49658082e-02
80.72100000 29.52700000 80.50100000 29.73400000 -5.81973104e-01
80.72100000 29.52700000 81.20100000 29.47400000 5.28239732e-01
80.72100000 29.52700000 80.56000000 29.86000000 -3.23580140e+00
81.11600000 28.61300000 81.35300000 28.82400000 -7.09914822e-01
81.11600000 28.61300000 81.57500000 28.13400000 -1.42508630e+00
81.11600000 28.61300000 81.63400000 28.58300000 -3.55738725e-01
81.11600000 28.61300000 81.69100000 28.40700000 -2.15659573e-01
81.11600000 28.61300000 80.58200000 28.75400000 3.05638125e-01
81.35300000 28.82400000 81.63400000 28.58300000 -3.44794183e-01
81.35300000 28.82400000 81.63500000 28.58600000 -3.35096408e-01
81.35300000 28.82400000 81.20100000 29.47400000 -3.26459202e+00
81.35300000 28.82400000 81.71400000 28.65600000 -2.80667029e-01
81.35300000 28.82400000 82.19300000 29.27800000 -7.13375307e+00
81.57500000 28.13400000 81.69100000 28.40700000 -5.91489535e-01
81.63400000 28.58300000 81.69100000 28.40700000 -1.53696567e-01
81.63400000 28.58300000 81.71400000 28.65600000 -4.66923341e-01
81.63500000 28.58600000 81.71400000 28.65600000 -4.55217100e-01
81.69100000 28.40700000 82.09500000 28.01000000 -2.42359093e+00
81.69100000 28.40700000 82.34700000 28.24900000 -2.45016653e+00
81.69100000 28.40700000 81.59500000 28.11700000 -6.83540683e-01
81.69100000 28.40700000 81.71400000 28.65600000 -6.31146490e-01
82.09500000 28.01000000 82.24700000 28.03000000 -2.19545770e-01
82.09500000 28.01000000 82.34700000 28.24900000 -9.49132658e-01
82.09500000 28.01000000 82.54000000 27.78600000 -2.42788807e+00
82.09500000 28.01000000 81.59500000 28.11700000 -1.82127411e+00
82.09500000 28.01000000 81.61500000 28.04900000 -7.53176681e-01
82.24700000 28.03000000 82.34700000 28.24900000 -9.07274647e-01
82.24700000 28.03000000 82.54000000 27.78600000 -2.30305691e+00
82.24700000 28.03000000 82.49100000 27.95100000 -2.14325673e+00
82.24700000 28.03000000 82.57300000 28.06300000 -3.18716740e+00
82.34700000 28.24900000 81.71400000 28.65600000 -1.91733569e+00
82.34700000 28.24900000 82.81800000 28.98400000 -1.12043798e+01
82.34700000 28.24900000 82.57300000 28.06300000 -2.34273479e-01
82.50400000 27.95100000 82.54000000 27.78600000 -1.94365549e+00
82.50400000 27.95100000 82.57300000 28.06300000 -2.78484239e+00
82.54000000 27.78600000 82.78500000 27.56800000 -2.23579052e-01
82.54000000 27.78600000 82.49100000 27.95100000 -1.84631744e+00
82.54000000 27.78600000 82.57300000 28.06300000 -4.99566516e+00
82.78500000 27.56800000 82.57300000 28.06300000 -4.08661716e+00
82.78500000 27.56800000 83.41800000 27.50700000 4.16302982e-02
82.78500000 27.56800000 83.55400000 27.87400000 1.05027033e+00
85.00799999 27.31600000 85.39799999 27.57500000 -9.20757189e-01
85.00799999 27.31600000 84.98499999 27.16600000 7.10553741e-01
85.00799999 27.31600000 85.10799999 27.60800000 -1.09119954e+00
85.00799999 27.31600000 84.43000000 27.67800000 -3.55707458e-01
85.21000000 29.44000000 84.41000000 28.37500000 -4.43572033e+00
85.21000000 29.44000000 85.74100000 29.59100000 -5.29120070e-01
85.22199999 28.01500000 85.32899999 28.17100000 -1.32347776e+00
85.22199999 28.01500000 84.38000000 28.22900000 3.24209379e-01
85.22199999 28.01500000 84.41000000 28.37500000 1.10282477e-02
85.22199999 28.01500000 85.10799999 27.60800000 -4.53020854e+00
85.22199999 28.01500000 85.27899999 27.80100000 -2.87263612e+00
85.22199999 28.01500000 85.31399999 28.20700000 -1.62029077e+00
85.22199999 28.01500000 84.43000000 27.67800000 -2.70903817e+00
85.27999999 27.69300000 85.10799999 27.60800000 -2.69877616e-01
85.27999999 27.69300000 85.27899999 27.80100000 -9.83707847e-01
85.27999999 27.69300000 85.28799999 27.68200000 -3.48687148e-02
85.27999999 27.69300000 85.35799999 27.69700000 -6.86246494e-02
85.32899999 28.17100000 85.27899999 27.80100000 -4.62966751e+00
85.32899999 28.17100000 85.52099999 27.69300000 -4.78754160e+00
85.32899999 28.17100000 85.87699999 27.91000000 -9.85153189e-01
85.39799999 27.57500000 85.79399999 27.74500000 -2.61553833e+00
85.39799999 27.57500000 84.98499999 27.16600000 -3.16740810e-01
85.39799999 27.57500000 85.10799999 27.60800000 -1.55748435e-01
85.39799999 27.57500000 85.28799999 27.68200000 -2.54038661e-01
85.39799999 27.57500000 85.52099999 27.69300000 -6.95867830e-01
85.39799999 27.57500000 85.35799999 27.69700000 -3.53395205e-01
85.39799999 27.57500000 85.92499999 26.71100000 -2.16225286e+00
85.79399999 27.74500000 86.22999999 27.63500000 3.20906312e-01
85.79399999 27.74500000 85.52099999 27.69300000 -1.57751268e+00
85.79399999 27.74500000 85.87699999 27.91000000 -2.01488410e+00
85.79399999 27.74500000 85.92499999 26.71100000 -6.24832863e+00
86.01999999 28.29000000 86.82699999 28.19400000 -1.00327256e+00
86.01999999 28.30000000 85.31399999 28.20700000 7.71598027e-01
86.01999999 28.30000000 86.82699999 28.19400000 -1.01365046e+00
86.22999999 27.63500000 85.87699999 27.91000000 1.48154980e-01
86.22999999 27.63500000 86.54999999 27.30500000 4.52270467e-01
86.22999999 27.63500000 86.71199999 27.81400000 -9.96142353e-01
86.22999999 27.63500000 85.92499999 26.71100000 -7.55982115e+00
86.22999999 27.63500000 86.71499999 27.80300000 -8.82910433e-01
86.22999999 27.63500000 86.72499999 27.68300000 3.45169812e-01
86.81299999 27.95800000 86.71199999 27.81400000 -4.68949899e-01
86.81299999 27.95800000 86.82299999 27.89400000 -8.44242668e-02
86.81299999 27.95800000 86.82699999 28.19400000 -2.88651231e-01
86.81299999 27.95800000 86.92899999 27.97300000 -2.06398746e-01
87.57700000 29.11800000 87.15499999 28.63000000 -6.82727113e-01
87.57700000 29.11800000 88.86400000 29.25000000 1.02104239e-01
78.70400000 33.19100000 85.74100000 29.59100000 -5.81727136e-01
92.41500000 27.27000000 89.63500000 27.47200000 -1.56099954e+00
92.41500000 27.27000000 91.23700000 25.00000000 -9.31368686e+00
80.50100000 29.73400000 80.23000000 29.59000000 -2.69267912e+00
80.50100000 29.73400000 80.34000000 29.76000000 -7.76936128e-03
80.50100000 29.73400000 80.56000000 29.86000000 -2.46536374e+00
80.62600000 29.17700000 81.20100000 29.47400000 -1.88866126e+00
80.62600000 29.17700000 80.18000000 29.10000000 -4.48205733e-01
81.20100000 29.47400000 81.80700000 29.96900000 -7.34035559e+00
81.20100000 29.47400000 82.19300000 29.27800000 -1.72356245e+00
81.20100000 29.47400000 80.56000000 29.86000000 -4.64576992e-01
81.71400000 28.65600000 82.19300000 29.27800000 -8.67791224e+00
81.71400000 28.65600000 82.81800000 28.98400000 -7.24088925e+00
81.80700000 29.96900000 82.19300000 29.27800000 -3.68344726e+00
82.19300000 29.27800000 82.81800000 28.98400000 1.01745906e+00
82.49100000 27.95100000 82.57300000 28.06300000 -2.74435518e+00
82.81800000 28.98400000 83.74300000 28.80500000 -1.55816907e+00
82.81800000 28.98400000 83.89500000 29.17900000 -9.09077656e-01
82.81800000 28.98400000 82.57300000 28.06300000 -8.65126360e+00
82.81800000 28.98400000 83.71800000 28.78100000 -1.62985371e+00
83.60300000 27.76700000 83.82600000 27.45700000 -5.99807964e-01
83.60300000 27.76700000 84.13000000 27.64800000 -2.51462178e-01
83.60300000 27.76700000 83.41800000 27.50700000 2.50224452e-01
83.60300000 27.76700000 83.55400000 27.87400000 -3.84040091e-01
83.60300000 27.76700000 83.97800000 28.19900000 -2.53453013e+00
83.74300000 28.80500000 83.89500000 29.17900000 -1.13750951e+00
83.74300000 28.80500000 83.93600000 28.26000000 -3.63705740e+00
83.74300000 28.80500000 84.41000000 28.37500000 -1.47825592e+00
83.82600000 27.45700000 84.13000000 27.64800000 4.95748659e-01
83.82600000 27.45700000 84.98499999 27.16600000 1.07982515e-01
83.82600000 27.45700000 83.41800000 27.50700000 -9.25911959e-03
83.93600000 28.26000000 84.41000000 28.37500000 -1.49886277e+00
83.93600000 28.26000000 83.55400000 27.87400000 -2.83368105e+00
83.93600000 28.26000000 83.71800000 28.78100000 -3.49096097e+00
84.13000000 27.64800000 84.26500000 27.97300000 -1.50085715e+00
84.13000000 27.64800000 84.98499999 27.16600000 2.60578538e-01
84.13000000 27.64800000 83.97800000 28.19900000 -3.07232844e+00
84.13000000 27.64800000 84.43000000 27.67800000 1.90919143e-01
84.26500000 27.97300000 84.38000000 28.22900000 -3.43954364e+00
84.26500000 27.97300000 83.97800000 28.19900000 -9.74204728e-01
84.26500000 27.97300000 84.43000000 27.67800000 -9.24468926e-01
84.38000000 28.22900000 84.41000000 28.37500000 -9.53488368e-01
84.38000000 28.22900000 83.97800000 28.19900000 -1.03754721e+00
84.38000000 28.22900000 84.43000000 27.67800000 -4.33781751e+00
84.41000000 28.37500000 85.31399999 28.20700000 4.14054659e-01
84.41000000 28.37500000 83.97800000 28.19900000 -2.06735915e+00
84.98499999 27.16600000 84.43000000 27.67800000 -2.70707385e-01
84.98499999 27.16600000 85.92499999 26.71100000 -1.45813425e+00
85.10799999 27.60800000 85.27899999 27.80100000 -1.22794337e+00
85.10799999 27.60800000 85.28799999 27.68200000 -2.36699714e-01
85.10799999 27.60800000 84.43000000 27.67800000 9.38054335e-02
85.27899999 27.80100000 85.52099999 27.69300000 -5.15180209e-01
85.27899999 27.80100000 85.35799999 27.69700000 -7.32456766e-01
85.28799999 27.68200000 85.35799999 27.69700000 -7.81467424e-02
85.52099999 27.69300000 85.87699999 27.91000000 -3.59919642e+00
85.52099999 27.69300000 85.35799999 27.69700000 -3.22014663e-01
86.54999999 27.30500000 86.59699999 26.99100000 -2.87733384e+00
86.54999999 27.30500000 85.92499999 26.71100000 -5.79666343e+00
86.54999999 27.30500000 86.72499999 27.68300000 -3.43303988e+00
86.54999999 27.30500000 87.20599999 27.38000000 9.97402417e-02
86.59699999 26.99100000 87.39199999 26.86600000 -1.77259878e-01
86.59699999 26.99100000 85.92499999 26.71100000 -1.52365746e+00
86.59699999 26.99100000 87.20599999 27.38000000 -2.34433054e+00
86.71199999 27.81400000 86.82299999 27.89400000 -3.80198225e-01
87.39199999 26.86600000 87.70999999 27.35200000 -3.21410889e+00
87.39199999 26.86600000 88.18500000 26.88300000 1.27384543e+00
87.39199999 26.86600000 88.35000000 26.71100000 1.60896347e+00
87.39199999 26.86600000 85.92499999 26.71100000 1.46472552e+00
87.39199999 26.86600000 87.20599999 27.38000000 -6.41503064e+00
87.70999999 27.35200000 88.40000000 26.98000000 -1.00941789e+00
87.70999999 27.35200000 88.18500000 26.88300000 -1.51070431e+00
87.70999999 27.35200000 86.92899999 27.97300000 -2.46668721e+00
87.70999999 27.35200000 87.20599999 27.38000000 6.09632515e-01
87.70999999 27.35200000 88.50300000 27.08900000 -1.38479597e-01
77.60000000 34.12800000 76.16200000 34.55900000 -1.50724884e-02
88.40000000 26.98000000 88.18500000 26.88300000 7.78231242e-01
88.40000000 26.98000000 88.35000000 26.71100000 1.11211263e+00
88.40000000 26.98000000 88.56900000 26.88900000 2.88580381e-02
88.40000000 26.98000000 88.50300000 27.08900000 -1.85258314e-01
88.68000000 27.00000000 88.56900000 26.88900000 -1.88134733e-01
88.68000000 27.00000000 88.70200000 27.02400000 -1.60793592e-01
88.68000000 27.00000000 88.75300000 26.88100000 6.11604024e-01
88.68000000 27.00000000 88.79100000 27.01000000 -2.30253104e-01
88.68000000 27.00000000 88.50300000 27.08900000 -6.15779795e-01
88.18500000 26.88300000 88.35000000 26.71100000 -3.45766560e-02
88.35000000 26.71100000 88.56900000 26.88900000 1.50736473e-01
88.35000000 26.71100000 88.73800000 26.75100000 -1.21087494e-01
88.35000000 26.71100000 85.92499999 26.71100000 9.35551948e-02
88.35000000 26.71100000 91.23700000 25.00000000 -4.90010650e-01
88.56900000 26.88900000 88.73800000 26.75100000 3.36425510e-01
88.56900000 26.88900000 88.75300000 26.88100000 -1.16872308e-01
88.56900000 26.88900000 88.50300000 27.08900000 -3.68730042e-02
88.70200000 27.02400000 88.79100000 27.01000000 -6.17331903e-02
88.70200000 27.02400000 88.50300000 27.08900000 -6.67024988e-01
88.73800000 26.75100000 88.75300000 26.88100000 3.78396127e-02
88.73800000 26.75100000 88.93600000 26.96500000 -6.81161234e-01
88.73800000 26.75100000 91.23700000 25.00000000 -4.38212289e-01
88.75300000 26.88100000 88.79100000 27.01000000 -1.02522500e-02
88.75300000 26.88100000 88.93600000 26.96500000 -5.85827352e-01
88.79100000 27.01000000 88.93600000 26.96500000 2.29632216e-01
77.17200000 28.54400000 79.08000000 29.23000000 -4.57186389e-01
79.21100000 30.48600000 79.55900000 30.53100000 -6.49677429e-01
79.55900000 30.53100000 79.77000000 29.82000000 -4.25445571e+00
79.62000000 29.63800000 79.43000000 29.64000000 -3.86260186e-01
79.62000000 29.63800000 79.65000000 29.59000000 -2.58777479e-02
79.62000000 29.63800000 79.77000000 29.82000000 -1.81585850e+00
80.04100000 29.83800000 79.77000000 29.82000000 -8.71190053e-01
80.04100000 29.83800000 79.90000000 29.78000000 -1.00640506e+00
80.04100000 29.83800000 80.23000000 29.59000000 -7.42517344e-01
80.04100000 29.83800000 80.34000000 29.76000000 -2.85931902e-01
82.57300000 28.06300000 83.55400000 27.87400000 1.86541038e-01
82.57300000 28.06300000 83.71800000 28.78100000 -5.06382192e+00
83.41800000 27.50700000 83.55400000 27.87400000 -2.84088353e-01
83.55400000 27.87400000 83.71800000 28.78100000 -7.25309266e+00
83.55400000 27.87400000 83.97800000 28.19900000 -2.14764253e+00
85.92499999 26.71100000 91.23700000 25.00000000 -1.06159003e-01
86.71499999 27.80300000 86.72499999 27.68300000 -3.64636579e-01
86.71499999 27.80300000 86.82299999 27.89400000 -4.00967752e-01
86.72499999 27.68300000 86.82299999 27.89400000 -7.46625231e-01
86.72499999 27.68300000 87.20599999 27.38000000 -1.12833463e+00
86.82299999 27.89400000 86.92899999 27.97300000 -2.37632199e-01
86.82299999 27.89400000 87.20599999 27.38000000 -2.09230563e+00
86.82699999 28.19400000 86.92899999 27.97300000 -2.55634025e-01
86.92899999 27.97300000 87.20599999 27.38000000 -2.40688668e+00
79.08000000 29.23000000 79.43000000 29.64000000 1.96200825e+00
79.08000000 29.23000000 79.51000001 29.21000000 -7.46948097e-02
79.43000000 29.64000000 79.51000001 29.21000000 -6.84118491e+00
79.43000000 29.64000000 79.65000000 29.59000000 -1.40991775e-01
79.43000000 29.64000000 79.77000000 29.82000000 -2.30411332e+00
79.51000001 29.21000000 79.65000000 29.59000000 2.15063921e-01
79.51000001 29.21000000 80.09000000 29.33000000 8.78129754e-01
79.51000001 29.21000000 80.18000000 29.10000000 1.25577378e+00
79.65000000 29.59000000 79.77000000 29.82000000 -1.92052390e+00
79.65000000 29.59000000 79.90000000 29.78000000 -2.11506152e+00
79.65000000 29.59000000 80.09000000 29.33000000 -8.34522539e-01
79.77000000 29.82000000 79.90000000 29.78000000 -1.12704197e-01
79.90000000 29.78000000 80.09000000 29.33000000 -1.32073417e+00
79.90000000 29.78000000 80.23000000 29.59000000 -2.58130303e-01
80.09000000 29.33000000 80.18000000 29.10000000 -5.25638934e-01
80.09000000 29.33000000 80.23000000 29.59000000 -1.38480638e+00
80.23000000 29.59000000 80.34000000 29.76000000 -2.38685259e+00
80.34000000 29.76000000 80.56000000 29.86000000 -2.18007590e+00
73.24900000 34.42000000 73.39100000 33.89500000 2.67022957e-02
73.24900000 34.42000000 73.65300000 33.97800000 9.16957904e-03
73.24900000 34.42000000 73.93500000 33.93000000 -1.43622289e-02
73.24900000 34.42000000 74.48400000 34.09500000 -4.10938373e-01
73.24900000 34.42000000 74.97400000 34.35300000 4.29655090e-01
73.39100000 33.89500000 73.65300000 33.97800000 -3.86892446e-03
73.39100000 33.89500000 73.75200000 33.87100000 -1.39431408e-02
73.39100000 33.89500000 74.34700000 33.39500000 2.49121835e-01
73.65300000 33.97800000 73.75200000 33.87100000 4.95753979e-03
73.65300000 33.97800000 73.93500000 33.93000000 -1.78829246e-02
73.75200000 33.87100000 73.93500000 33.93000000 -6.38603842e-04
73.75200000 33.87100000 74.34700000 33.39500000 1.76129459e-01
73.93500000 33.93000000 74.34700000 33.39500000 9.43608964e-02
73.93500000 33.93000000 74.48400000 34.09500000 1.96230829e-01
73.93500000 33.93000000 74.59300000 33.99300000 -2.60416923e-01
74.34700000 33.39500000 74.59300000 33.99300000 1.41517370e+00
74.34700000 33.39500000 75.03700000 33.59500000 8.78518079e-01
74.48400000 34.09500000 74.59300000 33.99300000 -1.05402802e+00
74.48400000 34.09500000 74.81700000 34.10900000 4.93867609e-01
74.48400000 34.09500000 74.83700000 34.13000000 5.57444890e-01
74.48400000 34.09500000 74.97400000 34.35300000 5.04015107e-01
74.59300000 33.99300000 74.81700000 34.10900000 4.32676730e-01
74.59300000 33.99300000 75.03700000 33.59500000 9.53878818e-01
74.81700000 34.10900000 74.83700000 34.13000000 -4.03931279e-02
74.81700000 34.10900000 74.88900000 34.12000000 5.67552371e-02
74.81700000 34.10900000 75.03700000 33.59500000 -2.22871697e-01
74.83700000 34.13000000 74.88900000 34.12000000 5.90136588e-02
74.83700000 34.13000000 74.97400000 34.35300000 -4.03054354e-01
74.83700000 34.13000000 75.04500000 34.22700000 -9.60539906e-02
74.88900000 34.12000000 75.03700000 33.59500000 -4.38390134e-01
74.88900000 34.12000000 75.04500000 34.22700000 -1.61196447e-01
74.88900000 34.12000000 75.27200000 34.10000000 7.13442243e-02
74.97400000 34.35300000 75.04500000 34.22700000 -1.07441704e-01
74.97400000 34.35300000 75.32500000 34.29200000 1.46672507e-02
74.97400000 34.35300000 75.76900000 34.42400000 -1.64659456e-01
75.03700000 33.59500000 75.27200000 34.10000000 -9.37397783e-01
75.04500000 34.22700000 75.27200000 34.10000000 5.12834848e-03
75.04500000 34.22700000 75.32500000 34.29200000 -8.72106689e-02
75.27200000 34.10000000 75.32500000 34.29200000 -2.30048782e-01
75.27200000 34.10000000 75.76900000 34.42400000 -4.42581432e-01
75.32500000 34.29200000 75.76900000 34.42400000 -2.10090198e-01
75.76900000 34.42400000 76.16200000 34.55900000 -1.77018612e-01
