79.09800000 31.88700000 79.81400000 31.49800000 -2.19400889e-01
79.09800000 31.88700000 80.29300000 31.71100000 -4.80713044e-01
79.09800000 31.88700000 77.92100000 32.36400000 -2.37972091e+00
79.09800000 31.88700000 78.75400000 31.03700000 -1.69030350e+00
79.09800000 31.88700000 78.97300000 32.77900000 -5.92056019e-02
79.09800000 31.88700000 78.67600000 30.99700000 -2.18105159e+00
79.81400000 31.49800000 80.29300000 31.71100000 3.52893722e-02
79.81400000 31.49800000 80.42900000 30.96100000 -1.97942053e-01
79.81400000 31.49800000 78.75400000 31.03700000 -1.44140157e+00
79.81400000 31.49800000 79.49300000 30.74300000 -9.16975464e-01
80.29300000 31.71100000 80.42900000 30.96100000 5.49590785e-01
80.29300000 31.71100000 81.42800000 30.83700000 -1.97898918e-01
80.29300000 31.71100000 78.97300000 32.77900000 -2.00488023e-01
80.42900000 30.96100000 81.17600000 30.29000000 -4.43862268e-01
80.42900000 30.96100000 81.42800000 30.83700000 2.32801590e-01
80.42900000 30.96100000 79.49300000 30.74300000 -1.28746206e+00
80.42900000 30.96100000 80.24000000 30.06000000 -4.67329019e+00
80.42900000 30.96100000 79.55900000 30.53100000 -3.29389171e+00
81.17600000 30.29000000 81.42800000 30.83700000 -6.23328684e-01
81.17600000 30.29000000 81.85600000 30.71600000 -5.56246512e-01
81.17600000 30.29000000 80.24000000 30.06000000 -2.04599074e+00
81.17600000 30.29000000 81.20100000 29.47400000 -5.15148710e+00
81.17600000 30.29000000 81.80700000 29.96900000 -2.67852900e-02
81.17600000 30.29000000 80.56000000 29.86000000 -4.09239484e+00
81.42800000 30.83700000 81.85600000 30.71600000 8.38790421e-02
81.85600000 30.71600000 82.83200000 30.38900000 8.24708849e-02
81.85600000 30.71600000 81.80700000 29.96900000 -4.20589050e-01
82.83200000 30.38900000 83.24000000 29.80000000 4.24702772e-03
82.83200000 30.38900000 84.03900000 29.72100000 -6.77986866e-01
82.83200000 30.38900000 81.80700000 29.96900000 -5.05574743e-01
82.83200000 30.38900000 82.19300000 29.27800000 -3.85287205e+00
82.83200000 30.38900000 85.74100000 29.59100000 4.35565892e-01
83.24000000 29.80000000 84.03900000 29.72100000 3.39702239e-01
83.24000000 29.80000000 84.04300000 29.53400000 2.95022649e-02
83.24000000 29.80000000 82.19300000 29.27800000 -3.09429425e+00
83.24000000 29.80000000 82.81800000 28.98400000 -3.70133519e+00
83.24000000 29.80000000 83.89500000 29.17900000 -1.38535948e+00
84.03900000 29.72100000 84.15600000 29.68000000 9.18539612e-02
84.03900000 29.72100000 84.04300000 29.53400000 -6.88903619e-01
84.03900000 29.72100000 85.74100000 29.59100000 5.12735985e-01
84.15600000 29.68000000 84.04300000 29.53400000 -5.33101874e-01
84.15600000 29.68000000 85.21000000 29.44000000 7.24387228e-01
84.15600000 29.68000000 85.74100000 29.59100000 3.16327958e-01
85.44200000 28.95900000 85.64000000 29.44100000 -1.52625679e+00
85.44200000 28.95900000 86.38699999 28.68700000 -1.08668019e-01
85.44200000 28.95900000 85.21000000 29.44000000 -6.72672661e-01
85.44200000 28.95900000 86.01999999 28.30000000 9.89725077e-01
85.44200000 28.95900000 84.41000000 28.37500000 -2.41139917e+00
85.44200000 28.95900000 85.31399999 28.20700000 -1.07157428e+00
85.64000000 29.44100000 86.38699999 28.68700000 -1.20736516e+00
85.64000000 29.44100000 85.21000000 29.44000000 -2.08935895e-01
85.64000000 29.44100000 85.74100000 29.59100000 -5.91697882e-01
85.97499999 28.14900000 85.32899999 28.17100000 1.22306428e-01
85.97499999 28.14900000 86.01999999 28.29000000 -5.25299647e-01
85.97499999 28.14900000 86.01999999 28.30000000 -5.39887978e-01
85.97499999 28.14900000 86.22999999 27.63500000 -1.38551619e+00
85.97499999 28.14900000 86.81299999 27.95800000 -3.39069017e-01
85.97499999 28.14900000 85.31399999 28.20700000 4.24322700e-01
85.97499999 28.14900000 85.87699999 27.91000000 -1.15474630e+00
85.97499999 28.14900000 86.71199999 27.81400000 7.58804827e-02
85.97499999 28.14900000 86.82699999 28.19400000 -6.47622242e-01
86.38699999 28.68700000 86.96699999 28.39200000 -2.70903884e-01
86.38699999 28.68700000 87.05999999 28.58700000 -4.90790922e-01
86.38699999 28.68700000 87.08600000 29.32000000 -1.39579523e+00
86.38699999 28.68700000 86.93999999 28.35700000 -2.39353734e-01
86.38699999 28.68700000 86.01999999 28.30000000 -1.94183015e+00
86.38699999 28.68700000 86.82699999 28.19400000 -1.22326057e-01
86.38699999 28.68700000 85.74100000 29.59100000 -1.54016675e+00
86.94099999 28.35700000 86.82699999 28.19400000 -1.98022541e-01
86.94099999 28.35700000 86.92899999 27.97300000 1.88395407e-01
86.96699999 28.39200000 87.05999999 28.58700000 -4.55905703e-01
86.96699999 28.39200000 87.76900000 28.53800000 -1.35048927e+00
86.96699999 28.39200000 86.92899999 27.97300000 1.87730148e-01
86.96699999 28.39200000 87.15499999 28.63000000 -6.65578003e-01
87.05999999 28.58700000 87.08600000 29.32000000 -1.56962578e+00
87.05999999 28.58700000 87.15499999 28.63000000 -1.86914745e-01
87.08600000 29.32000000 85.74100000 29.59100000 -1.02565260e+00
87.18400000 29.26900000 87.57700000 29.11800000 1.57750018e-01
87.18400000 29.26900000 87.15499999 28.63000000 -1.38082714e+00
87.76900000 28.53800000 88.56000000 28.24400000 -2.37469445e+00
87.76900000 28.53800000 88.86500000 29.24900000 -1.48988255e+00
87.76900000 28.53800000 87.57700000 29.11800000 -1.54817635e+00
87.76900000 28.53800000 87.70999999 27.35200000 -2.41703022e+00
87.76900000 28.53800000 86.92899999 27.97300000 -1.06727452e+00
87.76900000 28.53800000 87.15499999 28.63000000 -7.03403658e-01
87.76900000 28.53800000 88.86400000 29.25000000 -1.49094236e+00
88.56000000 28.24400000 88.86500000 29.24900000 -3.86283580e+00
88.56000000 28.24400000 89.15400000 27.72100000 -6.52320721e-01
88.56000000 28.24400000 89.30500000 27.93100000 1.25745307e+00
88.56000000 28.24400000 89.55600000 28.91100000 -5.43187777e-01
88.56000000 28.24400000 89.62700000 28.31500000 3.65242756e+00
88.56000000 28.24400000 88.56900000 27.36500000 -2.90326522e+00
88.56000000 28.24400000 88.91000000 27.49000000 -1.95664058e+00
88.56000000 28.24400000 87.70999999 27.35200000 -3.04826719e+00
88.86500000 29.24900000 89.55600000 28.91100000 -1.39929769e+00
88.86500000 29.24900000 90.15400000 29.44400000 -6.36693395e-02
88.86500000 29.24900000 89.57300000 28.91400000 -1.39743367e+00
88.90600000 27.43700000 89.15400000 27.72100000 -6.52355631e-01
88.90600000 27.43700000 88.56900000 27.36500000 -4.83777601e-01
88.90600000 27.43700000 89.39200000 26.84900000 -5.28450034e-01
88.90600000 27.43700000 89.63500000 27.47200000 -7.62803658e-01
88.90600000 27.43700000 88.70200000 27.02400000 -1.38599039e+00
88.90600000 27.43700000 88.79100000 27.01000000 -1.54513943e+00
88.90600000 27.43700000 88.93600000 26.96500000 -1.73971710e+00
89.15400000 27.72100000 89.30500000 27.93100000 -7.81699187e-01
89.15400000 27.72100000 88.91000000 27.49000000 -5.78334040e-01
89.15400000 27.72100000 89.63500000 27.47200000 -6.92568723e-01
89.30500000 27.93100000 89.62700000 28.31500000 -1.29172372e-01
89.30500000 27.93100000 89.63500000 27.47200000 -2.09690349e+00
89.55600000 28.91100000 89.62700000 28.31500000 -2.09453460e+00
89.55600000 28.91100000 89.91100000 28.61900000 -4.79498590e-01
89.62700000 28.31500000 89.91100000 28.61900000 -1.40007355e+00
89.62700000 28.31500000 90.55800000 28.41900000 -1.69276602e+00
89.62700000 28.31500000 89.63500000 27.47200000 -3.40012859e+00
89.91100000 28.61900000 90.10700000 28.93200000 -1.17418989e+00
89.91100000 28.61900000 90.55800000 28.41900000 -2.07029037e-01
89.91100000 28.61900000 89.57300000 28.91400000 -5.13786541e-01
90.10700000 28.93200000 90.15400000 29.44400000 -1.24086843e+00
90.10700000 28.93200000 90.26700000 29.32400000 -9.69531087e-01
90.10700000 28.93200000 90.55800000 28.41900000 -5.56209188e-01
90.10700000 28.93200000 90.95900000 29.27800000 -1.73493092e-01
90.10700000 28.93200000 89.57300000 28.91400000 3.50170507e-01
90.15400000 29.44400000 90.26700000 29.32400000 -1.05978646e-01
90.15400000 29.44400000 78.70400000 33.19100000 3.65765460e-01
90.15400000 29.44400000 89.57300000 28.91400000 -2.18091251e-01
90.15400000 29.44400000 85.74100000 29.59100000 -4.42689004e-01
90.26700000 29.32400000 90.95900000 29.27800000 5.61607087e-01
90.55800000 28.41900000 91.88900000 28.96000000 -8.38354646e-01
90.55800000 28.41900000 91.91000000 27.97100000 6.15104604e-01
90.55800000 28.41900000 89.63500000 27.47200000 -2.40308402e+00
90.55800000 28.41900000 90.95900000 29.27800000 -2.36227583e+00
91.88900000 28.96000000 91.91000000 27.97100000 -2.06738791e+00
91.88900000 28.96000000 92.39900000 28.42200000 1.55865775e+00
91.88900000 28.96000000 93.07300000 29.04400000 -3.70252715e-01
91.88900000 28.96000000 92.43900000 28.43200000 1.70355835e+00
91.88900000 28.96000000 90.95900000 29.27800000 1.26393882e+00
91.91000000 27.97100000 92.39900000 28.42200000 -1.39327159e+00
91.91000000 27.97100000 92.41500000 27.27000000 -4.97155129e+00
91.91000000 27.97100000 89.63500000 27.47200000 -5.73896317e-01
92.39900000 28.42200000 92.41500000 27.27000000 -8.26949433e+00
93.07300000 29.04400000 92.43900000 28.43200000 -1.69412772e+00
93.07300000 29.04400000 92.41500000 27.27000000 -8.64232533e+00
93.07300000 29.04400000 90.95900000 29.27800000 1.27909925e+00
83.95300000 29.17800000 84.04300000 29.53400000 -1.23085105e+00
83.95300000 29.17800000 85.21000000 29.44000000 -5.69602033e-01
83.95300000 29.17800000 83.74300000 28.80500000 -2.34206457e+00
83.95300000 29.17800000 84.41000000 28.37500000 -2.25602118e+00
84.04300000 29.53400000 85.21000000 29.44000000 5.79652626e-01
84.04300000 29.53400000 83.89500000 29.17900000 -1.22663298e+00
86.93999999 28.35700000 86.82699999 28.19400000 -1.94832699e-01
75.36300000 32.56500000 75.88100000 32.30400000 -3.47496218e+00
75.36300000 32.56500000 75.93800000 31.47900000 -4.85702191e+00
75.36300000 32.56500000 75.99300000 32.53600000 -1.35164672e+00
75.36300000 32.56500000 74.34700000 33.39500000 -8.75080042e-01
75.36300000 32.56500000 75.03700000 33.59500000 -1.95554519e-01
75.88100000 32.30400000 75.93800000 31.47900000 6.32470967e-01
75.88100000 32.30400000 75.99300000 32.53600000 -3.28788083e+00
75.88100000 32.30400000 76.29400000 31.89700000 -6.50081819e-01
75.88100000 32.30400000 76.30700000 32.24800000 6.74677686e-01
75.93800000 31.47900000 76.29400000 31.89700000 1.41467109e+00
75.93800000 31.47900000 76.30700000 31.53800000 2.32989325e-01
75.93800000 31.47900000 77.12600000 28.48200000 -3.74232052e+00
75.93800000 31.47900000 77.63000000 30.27600000 -1.95550512e+00
75.93800000 31.47900000 77.17200000 28.54400000 -3.69696171e+00
75.93800000 31.47900000 73.39100000 33.89500000 7.58294097e-01
75.93800000 31.47900000 74.34700000 33.39500000 -5.15769892e+00
75.99300000 32.53600000 76.30700000 32.24800000 -8.66736137e-01
75.99300000 32.53600000 76.68900000 32.69800000 6.60545897e-01
75.99300000 32.53600000 75.03700000 33.59500000 -3.44773096e+00
76.29400000 31.89700000 76.30700000 31.53800000 -6.43761869e-01
76.29400000 31.89700000 76.30700000 32.24800000 -2.12572901e+00
76.29400000 31.89700000 76.67300000 31.91900000 -4.42026230e-01
76.30700000 31.53800000 76.67300000 31.91900000 -1.41354854e+00
76.30700000 31.53800000 76.81500000 31.63400000 -1.08523694e+00
76.30700000 31.53800000 77.63000000 30.27600000 -1.12717491e-01
76.30700000 32.24800000 76.67300000 31.91900000 -1.17564384e+00
76.30700000 32.24800000 76.68900000 32.69800000 -5.73359434e+00
76.30700000 32.24800000 77.19200000 32.31700000 -8.66649266e-01
76.67300000 31.91900000 76.81500000 31.63400000 -4.29037970e-01
76.67300000 31.91900000 77.10800000 32.06700000 -3.14503264e+00
76.67300000 31.91900000 77.19200000 32.31700000 -5.67486497e+00
76.68900000 32.69800000 77.17500000 32.63400000 1.51470690e+00
76.68900000 32.69800000 77.19200000 32.31700000 -7.94048702e-01
76.68900000 32.69800000 77.42500000 32.79800000 2.78208398e+00
76.68900000 32.69800000 77.60000000 34.12800000 -2.42737242e+00
76.68900000 32.69800000 75.03700000 33.59500000 1.41378785e+00
76.68900000 32.69800000 75.27200000 34.10000000 3.61090592e-01
76.68900000 32.69800000 75.76900000 34.42400000 -1.44957598e-01
76.68900000 32.69800000 76.16200000 34.55900000 -3.82598689e-01
76.81500000 31.63400000 77.10800000 32.06700000 -5.13249305e+00
76.81500000 31.63400000 77.63000000 30.27600000 -7.61459374e-01
76.81500000 31.63400000 78.02100000 30.45900000 4.57664020e-01
76.81500000 31.63400000 78.67600000 30.99700000 3.39352594e+00
77.10800000 32.06700000 77.19200000 32.31700000 -2.96682779e+00
77.10800000 32.06700000 77.92100000 32.36400000 -7.80663463e-01
77.10800000 32.06700000 78.67600000 30.99700000 2.99221965e+00
77.12600000 28.48200000 78.60800001 25.45200000 -3.16665445e-01
77.12600000 28.48200000 79.08000000 29.23000000 -2.28934124e-01
77.12600000 28.48200000 73.39100000 33.89500000 3.70751214e-01
77.17500000 32.63400000 77.19200000 32.31700000 -3.41092613e+00
77.17500000 32.63400000 77.42500000 32.79800000 4.94552218e-01
77.19200000 32.31700000 77.42500000 32.79800000 -3.80189153e+00
77.19200000 32.31700000 77.92100000 32.36400000 8.54465641e-01
77.42500000 32.79800000 77.80800000 33.97200000 1.87365822e+00
77.42500000 32.79800000 77.92100000 32.36400000 -3.29850802e+00
77.42500000 32.79800000 78.66000000 33.20900000 -3.05642097e+00
77.42500000 32.79800000 77.60000000 34.12800000 2.84336615e+00
77.63000000 30.27600000 77.86000000 30.32900000 -9.64580430e-02
77.63000000 30.27600000 77.86800000 30.14700000 1.57570560e-01
77.63000000 30.27600000 78.02100000 30.45900000 -1.16357461e+00
77.63000000 30.27600000 77.17200000 28.54400000 -9.61547727e-01
77.80800000 33.97200000 78.66000000 33.20900000 -4.49350120e-01
77.86000000 30.32900000 77.86800000 30.14700000 -2.72620321e-01
77.86000000 30.32900000 77.97400000 30.28500000 3.68496812e-02
77.86000000 30.32900000 78.01400000 30.32900000 -9.43294930e-02
77.86000000 30.32900000 78.02100000 30.45900000 -1.20704634e+00
77.86800000 30.14700000 77.97400000 30.28500000 -3.79155747e-01
77.86800000 30.14700000 77.97900000 30.09500000 6.40148704e-03
77.92100000 32.36400000 78.66000000 33.20900000 1.14257054e+00
77.92100000 32.36400000 78.97300000 32.77900000 -3.25561335e-01
77.92100000 32.36400000 78.67600000 30.99700000 -4.95150994e+00
77.97400000 30.28500000 77.97900000 30.09500000 -3.32106261e-01
77.97400000 30.28500000 78.01400000 30.32900000 -2.45912218e-01
77.97400000 30.28500000 78.18700000 30.19100000 8.31030825e-02
77.97900000 30.09500000 78.18700000 30.19100000 -3.11885464e-01
77.97900000 30.09500000 78.68000000 29.84800000 -1.70078433e-01
77.97900000 30.09500000 77.17200000 28.54400000 -1.28221518e+00
78.01400000 30.32900000 78.02100000 30.45900000 -1.03037046e+00
78.01400000 30.32900000 78.11500000 30.45200000 -1.49783000e+00
78.01400000 30.32900000 78.15500000 30.34200000 -1.53519134e-01
78.01400000 30.32900000 78.18700000 30.19100000 1.94358927e-02
78.02100000 30.45900000 78.11500000 30.45200000 -8.09077501e-02
78.02100000 30.45900000 78.67600000 30.99700000 -5.97212276e+00
78.11500000 30.45200000 78.15500000 30.34200000 -8.52758693e-01
78.11500000 30.45200000 78.61700000 30.80600000 -3.34522593e+00
78.11500000 30.45200000 78.36500000 30.40400000 -1.25799193e-02
78.15500000 30.34200000 78.18700000 30.19100000 -5.84415209e-01
78.15500000 30.34200000 78.36800000 30.39400000 -9.24945549e-01
78.15500000 30.34200000 78.36500000 30.40400000 -1.04036889e+00
78.18700000 30.19100000 78.36800000 30.39400000 -2.23610452e+00
78.18700000 30.19100000 78.68000000 29.84800000 -2.51009025e-01
78.36800000 30.39400000 78.61700000 30.80600000 -4.30321231e+00
78.36800000 30.39400000 78.68000000 29.84800000 -1.92371598e+00
78.36800000 30.39400000 79.09000000 30.29800000 -3.98362837e-01
78.60800001 25.45200000 80.94300001 26.89100000 -5.41694224e-02
78.60800001 25.45200000 85.92499999 26.71100000 -1.55226615e+00
78.60800001 25.45200000 79.08000000 29.23000000 -7.64730615e-01
78.60800001 25.45200000 91.23700000 25.00000000 4.57665597e-01
78.61700000 30.80600000 78.75400000 31.03700000 -2.74984690e+00
78.61700000 30.80600000 79.09000000 30.29800000 -2.80134482e+00
78.61700000 30.80600000 78.36500000 30.40400000 -4.17337669e+00
78.61700000 30.80600000 78.67600000 30.99700000 -2.33278307e+00
78.61700000 30.80600000 79.21100000 30.48600000 -1.27759800e+00
78.66000000 33.20900000 78.97300000 32.77900000 1.10424711e-01
78.68000000 29.84800000 79.09000000 30.29800000 -4.78705140e+00
78.68000000 29.84800000 77.17200000 28.54400000 -5.83340782e-01
78.68000000 29.84800000 79.08000000 29.23000000 -1.12034744e+00
78.68000000 29.84800000 79.43000000 29.64000000 -5.25885177e-02
78.75400000 31.03700000 79.49300000 30.74300000 1.09108329e-01
78.75400000 31.03700000 78.67600000 30.99700000 -3.52422571e-01
78.75400000 31.03700000 79.21100000 30.48600000 -2.48112371e+00
79.09000000 30.29800000 79.19400000 30.32900000 -9.65833025e-01
79.09000000 30.29800000 79.21100000 30.48600000 -3.58771496e+00
79.09000000 30.29800000 79.43000000 29.64000000 -3.98390929e+00
79.19400000 30.32900000 79.21100000 30.48600000 -2.10189194e+00
79.19400000 30.32900000 79.55900000 30.53100000 -4.46255142e-01
79.19400000 30.32900000 79.43000000 29.64000000 -5.71406585e+00
79.19400000 30.32900000 79.77000000 29.82000000 -2.25360126e+00
79.49300000 30.74300000 79.21100000 30.48600000 -1.53482427e+00
79.49300000 30.74300000 79.55900000 30.53100000 -2.24016614e+00
80.24000000 30.06000000 79.55900000 30.53100000 -3.08625642e-01
80.24000000 30.06000000 80.04100000 29.83800000 -4.67559076e+00
80.24000000 30.06000000 79.77000000 29.82000000 -4.00089722e+00
80.24000000 30.06000000 80.34000000 29.76000000 -4.85641067e+00
80.24000000 30.06000000 80.56000000 29.86000000 -1.04559474e+00
80.94300001 26.89100000 80.14800001 28.96300000 -5.65957331e-01
80.94300001 26.89100000 81.11600000 28.61300000 -1.31608559e-01
80.94300001 26.89100000 81.57500000 28.13400000 -9.25127569e-01
80.94300001 26.89100000 82.09500000 28.01000000 2.69594096e-01
80.94300001 26.89100000 82.54000000 27.78600000 -5.53978519e-01
80.94300001 26.89100000 80.58200000 28.75400000 3.99114657e+00
80.94300001 26.89100000 81.61500000 28.04900000 -6.66465910e-01
80.94300001 26.89100000 85.92499999 26.71100000 -7.28434953e-01
80.94300001 26.89100000 79.08000000 29.23000000 -4.51268457e-01
88.56900000 27.36500000 88.91000000 27.49000000 -5.10326494e-01
88.56900000 27.36500000 87.70999999 27.35200000 -1.79335795e+00
88.56900000 27.36500000 88.70200000 27.02400000 -1.12470094e+00
88.56900000 27.36500000 88.50300000 27.08900000 -4.21921610e-01
89.39200000 26.84900000 92.41500000 27.27000000 -2.16193556e+00
89.39200000 26.84900000 89.63500000 27.47200000 -8.25903465e-01
89.39200000 26.84900000 88.73800000 26.75100000 -8.85038134e-01
89.39200000 26.84900000 88.93600000 26.96500000 -1.22399091e-01
89.39200000 26.84900000 91.23700000 25.00000000 -1.96454984e+00
92.43900000 28.43200000 92.41500000 27.27000000 -8.34936161e+00
80.14800001 28.96300000 80.63600000 29.01200000 2.28681452e-01
80.14800001 28.96300000 80.58200000 28.75400000 1.20033879e+00
80.14800001 28.96300000 79.08000000 29.23000000 -4.14829745e-02
80.14800001 28.96300000 79.51000001 29.21000000 -3.85116758e-02
80.14800001 28.96300000 80.18000000 29.10000000 -6.22864439e-01
80.60200000 29.33400000 80.72100000 29.52700000 -2.36108471e+00
80.60200000 29.33400000 80.50100000 29.73400000 -3.16682618e+00
80.60200000 29.33400000 80.62600000 29.17700000 -6.71335487e-01
80.60200000 29.33400000 81.20100000 29.47400000 -3.21755594e+00
80.60200000 29.33400000 80.09000000 29.33000000 -3.44400317e-01
80.60200000 29.33400000 80.18000000 29.10000000 -6.96003573e-01
80.60200000 29.33400000 80.23000000 29.59000000 -1.46019318e-01
80.63600000 29.01200000 81.11600000 28.61300000 2.27532787e-01
80.63600000 29.01200000 81.35300000 28.82400000 2.22078148e-01
80.63600000 29.01200000 80.58200000 28.75400000 6.36227480e-01
80.63600000 29.01200000 80.62600000 29.17700000 -4.83727613e-01
80.63600000 29.01200000 81.20100000 29.47400000 -6.45944479e+00
80.63600000 29.01200000 80.18000000 29.10000000 1.69072616e-01
80.72100000 29.52700000 80.50100000 29.73400000 -8.85172237e-01
80.72100000 29.52700000 81.20100000 29.47400000 -3.51276182e-01
80.72100000 29.52700000 80.56000000 29.86000000 -3.55817488e+00
81.11600000 28.61300000 81.35300000 28.82400000 -1.01673253e+00
81.11600000 28.61300000 81.57500000 28.13400000 -8.04728683e-01
81.11600000 28.61300000 81.63400000 28.58300000 -1.78809376e-01
81.11600000 28.61300000 81.69100000 28.40700000 8.58783815e-02
81.11600000 28.61300000 80.58200000 28.75400000 2.15836185e-01
81.35300000 28.82400000 81.63400000 28.58300000 -8.67641258e-02
81.35300000 28.82400000 81.63500000 28.58600000 -7.32436983e-02
81.35300000 28.82400000 81.20100000 29.47400000 -5.66433770e+00
81.35300000 28.82400000 81.71400000 28.65600000 1.63201957e-01
81.35300000 28.82400000 82.19300000 29.27800000 -6.64153909e+00
81.57500000 28.13400000 81.69100000 28.40700000 -3.61405912e-01
81.63400000 28.58300000 81.69100000 28.40700000 -2.64254451e-01
81.63400000 28.58300000 81.71400000 28.65600000 -5.62318561e-01
81.63500000 28.58600000 81.71400000 28.65600000 -5.44327540e-01
81.69100000 28.40700000 82.09500000 28.01000000 -4.47912295e-02
81.69100000 28.40700000 82.34700000 28.24900000 3.40717893e-01
81.69100000 28.40700000 81.59500000 28.11700000 -4.35150285e-01
81.69100000 28.40700000 81.71400000 28.65600000 -9.67591240e-01
82.09500000 28.01000000 82.24700000 28.03000000 8.89911529e-01
82.09500000 28.01000000 82.34700000 28.24900000 7.57281964e-02
82.09500000 28.01000000 82.54000000 27.78600000 9.00777604e-01
82.09500000 28.01000000 81.59500000 28.11700000 5.29611818e-01
82.09500000 28.01000000 81.61500000 28.04900000 5.99910381e-01
82.24700000 28.03000000 82.34700000 28.24900000 -1.19622556e-01
82.24700000 28.03000000 82.54000000 27.78600000 -2.89879405e-03
82.24700000 28.03000000 82.49100000 27.95100000 -2.00744547e-01
82.24700000 28.03000000 82.57300000 28.06300000 -5.28543983e-01
82.34700000 28.24900000 81.71400000 28.65600000 2.89094524e-01
82.34700000 28.24900000 82.81800000 28.98400000 -9.54417124e+00
82.34700000 28.24900000 82.57300000 28.06300000 -2.77248359e-01
82.50400000 27.95100000 82.54000000 27.78600000 -8.67429171e-01
82.50400000 27.95100000 82.57300000 28.06300000 4.60503307e-01
82.54000000 27.78600000 82.78500000 27.56800000 -1.08159451e-01
82.54000000 27.78600000 82.49100000 27.95100000 -7.46919154e-01
82.54000000 27.78600000 82.57300000 28.06300000 -4.38562547e-01
82.78500000 27.56800000 82.57300000 28.06300000 -6.19866750e-01
82.78500000 27.56800000 83.41800000 27.50700000 -1.07817164e-01
82.78500000 27.56800000 83.55400000 27.87400000 -3.47576316e-01
85.00799999 27.31600000 85.39799999 27.57500000 -1.26032091e+00
85.00799999 27.31600000 84.98499999 27.16600000 3.60993061e-01
85.00799999 27.31600000 85.10799999 27.60800000 -1.58914635e+00
85.00799999 27.31600000 84.43000000 27.67800000 -1.90315753e-01
85.21000000 29.44000000 84.41000000 28.37500000 -3.64014276e+00
85.21000000 29.44000000 85.74100000 29.59100000 -9.81956822e-01
85.22199999 28.01500000 85.32899999 28.17100000 -1.11555037e+00
85.22199999 28.01500000 84.38000000 28.22900000 1.55399858e+00
85.22199999 28.01500000 84.41000000 28.37500000 1.83594013e+00
85.22199999 28.01500000 85.10799999 27.60800000 -3.96904770e+00
85.22199999 28.01500000 85.27899999 27.80100000 -2.35690983e+00
85.22199999 28.01500000 85.31399999 28.20700000 -1.26571865e+00
85.22199999 28.01500000 84.43000000 27.67800000 -3.81928667e+00
85.27999999 27.69300000 85.10799999 27.60800000 -3.89128420e-01
85.27999999 27.69300000 85.27899999 27.80100000 -8.26894928e-01
85.27999999 27.69300000 85.28799999 27.68200000 -4.84064357e-02
85.27999999 27.69300000 85.35799999 27.69700000 -1.33378674e-01
85.32899999 28.17100000 85.27899999 27.80100000 -3.52066321e+00
85.32899999 28.17100000 85.52099999 27.69300000 -3.49758846e+00
85.32899999 28.17100000 85.87699999 27.91000000 -1.32266029e+00
85.39799999 27.57500000 85.79399999 27.74500000 -2.71844724e+00
85.39799999 27.57500000 84.98499999 27.16600000 -1.00805154e+00
85.39799999 27.57500000 85.10799999 27.60800000 -2.88911314e-01
85.39799999 27.57500000 85.28799999 27.68200000 -3.69186524e-01
85.39799999 27.57500000 85.52099999 27.69300000 -7.85126459e-01
85.39799999 27.57500000 85.35799999 27.69700000 -4.35767637e-01
85.39799999 27.57500000 85.92499999 26.71100000 -1.37134097e+00
85.79399999 27.74500000 86.22999999 27.63500000 4.60358008e-02
85.79399999 27.74500000 85.52099999 27.69300000 -1.72556017e+00
85.79399999 27.74500000 85.87699999 27.91000000 -8.51396509e-01
85.79399999 27.74500000 85.92499999 26.71100000 -5.23562410e+00
86.01999999 28.29000000 86.82699999 28.19400000 -1.53506573e+00
86.01999999 28.30000000 85.31399999 28.20700000 1.31137163e+00
86.01999999 28.30000000 86.82699999 28.19400000 -1.57273320e+00
86.22999999 27.63500000 85.87699999 27.91000000 2.27840729e-01
86.22999999 27.63500000 86.54999999 27.30500000 7.00901666e-01
86.22999999 27.63500000 86.71199999 27.81400000 -7.04535448e-01
86.22999999 27.63500000 85.92499999 26.71100000 -7.47106079e+00
86.22999999 27.63500000 86.71499999 27.80300000 -6.89013395e-01
86.22999999 27.63500000 86.72499999 27.68300000 -3.06461910e-01
86.81299999 27.95800000 86.71199999 27.81400000 2.63742075e-01
86.81299999 27.95800000 86.82299999 27.89400000 2.28437514e-02
86.81299999 27.95800000 86.82699999 28.19400000 1.01070888e-01
86.81299999 27.95800000 86.92899999 27.97300000 -4.45003772e-01
87.57700000 29.11800000 87.15499999 28.63000000 -7.89052117e-01
87.57700000 29.11800000 88.86400000 29.25000000 -1.48000771e-01
78.70400000 33.19100000 85.74100000 29.59100000 4.81995323e-01
92.41500000 27.27000000 89.63500000 27.47200000 -9.18017312e-01
92.41500000 27.27000000 91.23700000 25.00000000 -8.71191737e+00
80.50100000 29.73400000 80.23000000 29.59000000 -2.37531420e+00
80.50100000 29.73400000 80.34000000 29.76000000 -9.29284963e-02
80.50100000 29.73400000 80.56000000 29.86000000 -2.42202516e+00
80.62600000 29.17700000 81.20100000 29.47400000 -5.14834408e+00
80.62600000 29.17700000 80.18000000 29.10000000 5.27255296e-02
81.20100000 29.47400000 81.80700000 29.96900000 -4.17991624e+00
81.20100000 29.47400000 82.19300000 29.27800000 4.59282174e-02
81.20100000 29.47400000 80.56000000 29.86000000 -7.00175652e-01
81.71400000 28.65600000 82.19300000 29.27800000 -8.24018735e+00
81.71400000 28.65600000 82.81800000 28.98400000 -4.75988615e+00
81.80700000 29.96900000 82.19300000 29.27800000 -2.78930319e+00
82.19300000 29.27800000 82.81800000 28.98400000 1.34274186e+00
82.49100000 27.95100000 82.57300000 28.06300000 4.39413016e-01
82.81800000 28.98400000 83.74300000 28.80500000 3.99542211e-01
82.81800000 28.98400000 83.89500000 29.17900000 -3.85199235e-01
82.81800000 28.98400000 82.57300000 28.06300000 -1.01001798e+01
82.81800000 28.98400000 83.71800000 28.78100000 3.92285892e-01
83.60300000 27.76700000 83.82600000 27.45700000 -1.25854714e-01
83.60300000 27.76700000 84.13000000 27.64800000 4.41539448e-02
83.60300000 27.76700000 83.41800000 27.50700000 -3.39761864e-02
83.60300000 27.76700000 83.55400000 27.87400000 -1.30768639e-01
83.60300000 27.76700000 83.97800000 28.19900000 -3.53919831e+00
83.74300000 28.80500000 83.89500000 29.17900000 -2.34694583e+00
83.74300000 28.80500000 83.93600000 28.26000000 -3.09848204e+00
83.74300000 28.80500000 84.41000000 28.37500000 -1.36133920e+00
83.82600000 27.45700000 84.13000000 27.64800000 -1.51143589e-01
83.82600000 27.45700000 84.98499999 27.16600000 -4.52425204e-01
83.82600000 27.45700000 83.41800000 27.50700000 -2.06692616e-01
83.93600000 28.26000000 84.41000000 28.37500000 -2.50289041e+00
83.93600000 28.26000000 83.55400000 27.87400000 -3.67143870e+00
83.93600000 28.26000000 83.71800000 28.78100000 -2.94170791e+00
84.13000000 27.64800000 84.26500000 27.97300000 -2.34050437e+00
84.13000000 27.64800000 84.98499999 27.16600000 1.64716838e-01
84.13000000 27.64800000 83.97800000 28.19900000 -1.95209564e+00
84.13000000 27.64800000 84.43000000 27.67800000 -4.90223540e-01
84.26500000 27.97300000 84.38000000 28.22900000 -3.20484604e+00
84.26500000 27.97300000 83.97800000 28.19900000 5.07722452e-02
84.26500000 27.97300000 84.43000000 27.67800000 -4.38994910e-01
84.38000000 28.22900000 84.41000000 28.37500000 -6.02681036e-01
84.38000000 28.22900000 83.97800000 28.19900000 -1.88879927e+00
84.38000000 28.22900000 84.43000000 27.67800000 -3.28186200e+00
84.41000000 28.37500000 85.31399999 28.20700000 5.85629848e-01
84.41000000 28.37500000 83.97800000 28.19900000 -3.05924903e+00
84.98499999 27.16600000 84.43000000 27.67800000 -6.65952549e-02
84.98499999 27.16600000 85.92499999 26.71100000 -1.19086800e+00
85.10799999 27.60800000 85.27899999 27.80100000 -1.21838263e+00
85.10799999 27.60800000 85.28799999 27.68200000 -3.48130176e-01
85.10799999 27.60800000 84.43000000 27.67800000 -2.85146037e-01
85.27899999 27.80100000 85.52099999 27.69300000 -7.15692099e-01
85.27899999 27.80100000 85.35799999 27.69700000 -6.83549205e-01
85.28799999 27.68200000 85.35799999 27.69700000 -1.35793542e-01
85.52099999 27.69300000 85.87699999 27.91000000 -2.80427551e+00
85.52099999 27.69300000 85.35799999 27.69700000 -4.62289946e-01
86.54999999 27.30500000 86.59699999 26.99100000 -2.07387331e+00
86.54999999 27.30500000 85.92499999 26.71100000 -7.90868315e+00
86.54999999 27.30500000 86.72499999 27.68300000 -1.31666734e+00
86.54999999 27.30500000 87.20599999 27.38000000 -9.43578310e-01
86.59699999 26.99100000 87.39199999 26.86600000 -1.41725049e+00
86.59699999 26.99100000 85.92499999 26.71100000 -3.62075152e+00
86.59699999 26.99100000 87.20599999 27.38000000 -1.91427396e+00
86.71199999 27.81400000 86.82299999 27.89400000 9.16144987e-02
87.39199999 26.86600000 87.70999999 27.35200000 -2.15850397e+00
87.39199999 26.86600000 88.18500000 26.88300000 -1.53755633e+00
87.39199999 26.86600000 88.35000000 26.71100000 -5.30536379e-01
87.39199999 26.86600000 85.92499999 26.71100000 -1.90174821e+00
87.39199999 26.86600000 87.20599999 27.38000000 -4.47089877e+00
87.70999999 27.35200000 88.40000000 26.98000000 -3.02828765e+00
87.70999999 27.35200000 88.18500000 26.88300000 -3.81568928e+00
87.70999999 27.35200000 86.92899999 27.97300000 -2.03558221e+00
87.70999999 27.35200000 87.20599999 27.38000000 3.35444532e-01
87.70999999 27.35200000 88.50300000 27.08900000 -2.50679028e+00
77.60000000 34.12800000 76.16200000 34.55900000 -7.09701385e-01
88.40000000 26.98000000 88.18500000 26.88300000 4.04468754e-01
88.40000000 26.98000000 88.35000000 26.71100000 -6.86864686e-01
88.40000000 26.98000000 88.56900000 26.88900000 -3.73880405e-01
88.40000000 26.98000000 88.50300000 27.08900000 -8.37317300e-01
88.68000000 27.00000000 88.56900000 26.88900000 -6.44114651e-01
88.68000000 27.00000000 88.70200000 27.02400000 -2.38995257e-01
88.68000000 27.00000000 88.75300000 26.88100000 -6.88543640e-01
88.68000000 27.00000000 88.79100000 27.01000000 -1.66317734e-01
88.68000000 27.00000000 88.50300000 27.08900000 -5.02868337e-01
88.18500000 26.88300000 88.35000000 26.71100000 -1.14643888e+00
88.35000000 26.71100000 88.56900000 26.88900000 -9.42950249e-02
88.35000000 26.71100000 88.73800000 26.75100000 -3.34253666e-02
88.35000000 26.71100000 85.92499999 26.71100000 6.18881549e-01
88.35000000 26.71100000 91.23700000 25.00000000 -2.02278351e+00
88.56900000 26.88900000 88.73800000 26.75100000 -8.06531835e-01
88.56900000 26.88900000 88.75300000 26.88100000 -2.85206831e-01
88.56900000 26.88900000 88.50300000 27.08900000 -1.47654065e+00
88.70200000 27.02400000 88.79100000 27.01000000 -9.49711076e-02
88.70200000 27.02400000 88.50300000 27.08900000 -3.68838188e-01
88.73800000 26.75100000 88.75300000 26.88100000 -4.76379427e-01
88.73800000 26.75100000 88.93600000 26.96500000 -8.48519844e-01
88.73800000 26.75100000 91.23700000 25.00000000 -1.18098459e+00
88.75300000 26.88100000 88.79100000 27.01000000 -8.48704116e-01
88.75300000 26.88100000 88.93600000 26.96500000 -4.73381500e-01
88.79100000 27.01000000 88.93600000 26.96500000 -1.57099912e-01
77.17200000 28.54400000 79.08000000 29.23000000 -2.06016988e-01
79.21100000 30.48600000 79.55900000 30.53100000 1.55965537e+00
79.55900000 30.53100000 79.77000000 29.82000000 -7.21393122e+00
79.62000000 29.63800000 79.43000000 29.64000000 2.10833106e-01
79.62000000 29.63800000 79.65000000 29.59000000 8.35571353e-02
79.62000000 29.63800000 79.77000000 29.82000000 -1.85924374e+00
80.04100000 29.83800000 79.77000000 29.82000000 -3.02997526e-01
80.04100000 29.83800000 79.90000000 29.78000000 -8.24451343e-01
80.04100000 29.83800000 80.23000000 29.59000000 -1.27540626e+00
80.04100000 29.83800000 80.34000000 29.76000000 3.38364422e-03
82.57300000 28.06300000 83.55400000 27.87400000 4.70800019e-01
82.57300000 28.06300000 83.71800000 28.78100000 -5.50719385e+00
83.41800000 27.50700000 83.55400000 27.87400000 -5.16965469e-01
83.55400000 27.87400000 83.71800000 28.78100000 -7.14446344e+00
83.55400000 27.87400000 83.97800000 28.19900000 -3.16737796e+00
85.92499999 26.71100000 91.23700000 25.00000000 2.46978514e-01
86.71499999 27.80300000 86.72499999 27.68300000 1.17982004e-01
86.71499999 27.80300000 86.82299999 27.89400000 1.55105890e-01
86.72499999 27.68300000 86.82299999 27.89400000 4.74444751e-01
86.72499999 27.68300000 87.20599999 27.38000000 -1.63439004e+00
86.82299999 27.89400000 86.92899999 27.97300000 -2.72555402e-01
86.82299999 27.89400000 87.20599999 27.38000000 -1.39431346e+00
86.82699999 28.19400000 86.92899999 27.97300000 -3.32751162e-02
86.92899999 27.97300000 87.20599999 27.38000000 -1.13121198e+00
79.08000000 29.23000000 79.43000000 29.64000000 2.47240669e-01
79.08000000 29.23000000 79.51000001 29.21000000 -2.45343683e-02
79.43000000 29.64000000 79.51000001 29.21000000 5.78149833e-01
79.43000000 29.64000000 79.65000000 29.59000000 3.80444591e-01
79.43000000 29.64000000 79.77000000 29.82000000 -1.25155611e+00
79.51000001 29.21000000 79.65000000 29.59000000 -5.41070170e-01
79.51000001 29.21000000 80.09000000 29.33000000 -8.81077498e-01
79.51000001 29.21000000 80.18000000 29.10000000 6.30229940e-01
79.65000000 29.59000000 79.77000000 29.82000000 -2.04266381e+00
79.65000000 29.59000000 79.90000000 29.78000000 -1.79939671e+00
79.65000000 29.59000000 80.09000000 29.33000000 -1.97103404e-01
79.77000000 29.82000000 79.90000000 29.78000000 5.95599258e-02
79.90000000 29.78000000 80.09000000 29.33000000 -1.56290184e+00
79.90000000 29.78000000 80.23000000 29.59000000 -1.07505424e-01
80.09000000 29.33000000 80.18000000 29.10000000 -7.91828751e-03
80.09000000 29.33000000 80.23000000 29.59000000 -1.42478734e+00
80.23000000 29.59000000 80.34000000 29.76000000 -2.41136812e+00
80.34000000 29.76000000 80.56000000 29.86000000 -1.73527408e+00
73.24900000 34.42000000 73.39100000 33.89500000 2.75009622e-02
73.24900000 34.42000000 73.65300000 33.97800000 2.98770335e-02
73.24900000 34.42000000 73.93500000 33.93000000 4.24451402e-02
73.24900000 34.42000000 74.48400000 34.09500000 -1.35801852e-01
73.24900000 34.42000000 74.97400000 34.35300000 2.00343849e-01
73.39100000 33.89500000 73.65300000 33.97800000 -1.75080342e-02
73.39100000 33.89500000 73.75200000 33.87100000 -2.30323861e-02
73.39100000 33.89500000 74.34700000 33.39500000 1.25346858e-01
73.65300000 33.97800000 73.75200000 33.87100000 1.24079157e-02
73.65300000 33.97800000 73.93500000 33.93000000 1.48568058e-02
73.75200000 33.87100000 73.93500000 33.93000000 2.71955170e-02
73.75200000 33.87100000 74.34700000 33.39500000 1.82180558e-01
73.93500000 33.93000000 74.34700000 33.39500000 2.32261991e-01
73.93500000 33.93000000 74.48400000 34.09500000 -1.36019222e-01
73.93500000 33.93000000 74.59300000 33.99300000 -3.52794488e-01
74.34700000 33.39500000 74.59300000 33.99300000 1.60893087e-01
74.34700000 33.39500000 75.03700000 33.59500000 2.71912930e-01
74.48400000 34.09500000 74.59300000 33.99300000 -5.62442657e-02
74.48400000 34.09500000 74.81700000 34.10900000 -8.49809832e-02
74.48400000 34.09500000 74.83700000 34.13000000 -3.33894999e-02
74.48400000 34.09500000 74.97400000 34.35300000 1.67649210e-01
74.59300000 33.99300000 74.81700000 34.10900000 1.88138103e-01
74.59300000 33.99300000 75.03700000 33.59500000 -5.34847678e-01
74.81700000 34.10900000 74.83700000 34.13000000 2.82688476e-02
74.81700000 34.10900000 74.88900000 34.12000000 7.80876143e-02
74.81700000 34.10900000 75.03700000 33.59500000 -6.26604143e-01
74.83700000 34.13000000 74.88900000 34.12000000 3.05762557e-02
74.83700000 34.13000000 74.97400000 34.35300000 -1.10759496e-01
74.83700000 34.13000000 75.04500000 34.22700000 2.50519581e-01
74.88900000 34.12000000 75.03700000 33.59500000 -6.63723541e-01
74.88900000 34.12000000 75.04500000 34.22700000 1.47698697e-01
74.88900000 34.12000000 75.27200000 34.10000000 6.46063806e-01
74.97400000 34.35300000 75.04500000 34.22700000 -8.89565948e-02
74.97400000 34.35300000 75.32500000 34.29200000 2.28252623e-01
74.97400000 34.35300000 75.76900000 34.42400000 2.30624796e-01
75.03700000 33.59500000 75.27200000 34.10000000 -5.31577299e-01
75.04500000 34.22700000 75.27200000 34.10000000 1.78153369e-01
75.04500000 34.22700000 75.32500000 34.29200000 1.45006791e-01
75.27200000 34.10000000 75.32500000 34.29200000 -2.50839255e-01
75.27200000 34.10000000 75.76900000 34.42400000 -3.14343304e-01
75.32500000 34.29200000 75.76900000 34.42400000 -3.89660715e-02
75.76900000 34.42400000 76.16200000 34.55900000 -2.42280266e-01
